x0,y0,x1,y1,x2,y2,x3,y3,x4,y4,x5,y5,x6,y6,x7,y7,x8,y8,x9,y9,x10,y10,x11,y11,x12,y12,x13,y13,x14,y14,x15,y15,x16,y16
1070.237060546875,384.74237060546875,1072.6895751953125,381.090087890625,1066.632568359375,381.2635803222656,1075.642333984375,382.0743713378906,1059.578369140625,381.93841552734375,1079.714111328125,398.9662170410156,1050.264892578125,398.95587158203125,1084.02490234375,416.8931884765625,1039.968994140625,418.38604736328125,1077.705810546875,418.8051452636719,1057.8349609375,423.880126953125,1071.6094970703125,444.2351989746094,1053.0125732421875,444.47735595703125,1068.1859130859375,482.36993408203125,1052.245361328125,482.84478759765625,1060.453125,517.9002685546875,1050.40966796875,519.8096923828125
1067.163330078125,384.0325927734375,1070.1318359375,380.3050537109375,1064.04833984375,380.1023254394531,1075.25927734375,381.39166259765625,1058.3382568359375,380.88140869140625,1082.7896728515625,398.07501220703125,1048.7791748046875,397.24267578125,1089.395751953125,420.42919921875,1042.14208984375,419.08831787109375,1077.2501220703125,429.3212585449219,1055.736572265625,427.9111633300781,1074.44970703125,441.0203857421875,1052.5867919921875,440.49688720703125,1071.16943359375,479.11328125,1051.504150390625,478.7428894042969,1063.1810302734375,515.4600830078125,1050.7525634765625,514.9231567382812
1069.3333740234375,384.54510498046875,1072.26904296875,380.7989501953125,1066.251953125,380.4921875,1076.75048828125,381.732666015625,1060.42333984375,380.8618469238281,1081.9403076171875,398.1954345703125,1051.596435546875,396.8599853515625,1087.7635498046875,420.69976806640625,1044.101318359375,418.60198974609375,1079.931640625,433.59161376953125,1052.8948974609375,431.8577880859375,1072.804443359375,439.88970947265625,1053.60302734375,439.15472412109375,1068.65966796875,478.12469482421875,1052.719970703125,477.6275939941406,1061.5606689453125,515.4572143554688,1051.724365234375,514.89306640625
1069.244873046875,384.7537536621094,1072.215087890625,381.00592041015625,1066.156982421875,380.68865966796875,1076.749267578125,381.9395751953125,1060.33203125,381.0453186035156,1082.0263671875,398.38006591796875,1051.49609375,397.0101318359375,1087.8525390625,420.8670959472656,1043.9305419921875,418.6727600097656,1079.87548828125,433.6373291015625,1052.79833984375,431.82177734375,1072.895263671875,440.14227294921875,1053.5533447265625,439.38330078125,1068.798095703125,478.3699951171875,1052.6845703125,477.849609375,1061.668701171875,515.6188354492188,1051.702392578125,515.0194091796875
1069.5714111328125,387.0228271484375,1072.3988037109375,383.212158203125,1066.413818359375,383.0513916015625,1076.46337890625,383.96148681640625,1060.7669677734375,383.47833251953125,1081.577880859375,400.35552978515625,1052.90966796875,399.59527587890625,1089.84033203125,421.30865478515625,1044.4296875,420.19024658203125,1087.2935791015625,435.47357177734375,1048.9722900390625,434.28350830078125,1073.1689453125,443.0777893066406,1055.535400390625,442.54315185546875,1068.3870849609375,480.6766662597656,1055.4232177734375,480.27984619140625,1061.015869140625,517.4541015625,1053.609619140625,517.142333984375
1069.644287109375,395.6038818359375,1072.4649658203125,391.8011474609375,1066.060791015625,391.7179870605469,1076.9610595703125,391.61456298828125,1059.2581787109375,390.96533203125,1082.1573486328125,408.33245849609375,1050.99658203125,406.9185791015625,1091.358642578125,430.30157470703125,1040.7587890625,427.19842529296875,1089.421630859375,448.3563537597656,1048.5736083984375,444.5019836425781,1072.3516845703125,451.355712890625,1054.09521484375,450.84405517578125,1065.306640625,486.578857421875,1055.9556884765625,486.41900634765625,1053.937744140625,522.69482421875,1057.5791015625,524.295166015625
1069.106201171875,398.043212890625,1072.03466796875,394.3345642089844,1065.913818359375,394.09320068359375,1076.857177734375,394.36724853515625,1059.74853515625,393.43212890625,1082.66845703125,411.90496826171875,1049.9625244140625,409.2325744628906,1093.094970703125,434.7421875,1035.572265625,427.2853088378906,1095.2454833984375,458.0394287109375,1041.9661865234375,442.9783935546875,1071.367919921875,454.95751953125,1052.556640625,454.0366516113281,1064.516357421875,491.0148010253906,1056.0308837890625,490.802490234375,1053.371337890625,526.7191162109375,1059.94873046875,528.159423828125
1068.5322265625,397.320556640625,1071.4952392578125,393.6619873046875,1065.501708984375,393.509033203125,1076.20458984375,394.1597900390625,1059.5938720703125,393.5052490234375,1082.4647216796875,412.16961669921875,1049.4649658203125,409.894775390625,1094.0589599609375,433.03790283203125,1032.70068359375,428.8804931640625,1095.9637451171875,453.892578125,1038.5086669921875,444.799560546875,1072.7763671875,457.279541015625,1053.572509765625,455.73699951171875,1063.7064208984375,495.4139404296875,1054.4461669921875,493.9596862792969,1055.74755859375,531.719482421875,1060.0806884765625,530.4259643554688
1068.358154296875,397.3266906738281,1071.4698486328125,393.689208984375,1065.300048828125,393.5238037109375,1076.298095703125,394.2879638671875,1059.458740234375,393.7563171386719,1082.44921875,412.83392333984375,1049.47900390625,410.2792053222656,1093.498291015625,434.0691833496094,1031.38671875,427.5590515136719,1094.2159423828125,456.6734619140625,1033.4033203125,440.5789489746094,1071.8990478515625,458.749267578125,1052.76220703125,457.0927734375,1063.6302490234375,497.3358154296875,1054.0345458984375,496.13446044921875,1059.6279296875,532.9561157226562,1062.734619140625,532.277587890625
1068.368896484375,397.2999267578125,1071.49169921875,393.66876220703125,1065.3199462890625,393.49481201171875,1076.350830078125,394.2755126953125,1059.4886474609375,393.7246398925781,1082.491455078125,412.8417663574219,1049.4912109375,410.2552490234375,1093.595947265625,434.03521728515625,1031.252685546875,427.4320068359375,1094.3316650390625,456.5049133300781,1033.117919921875,440.1968994140625,1071.902587890625,458.8131103515625,1052.7548828125,457.14422607421875,1063.72021484375,497.42218017578125,1054.111572265625,496.2252197265625,1059.7059326171875,533.036376953125,1062.739501953125,532.3869018554688
1069.737060546875,397.1071472167969,1072.5997314453125,393.7240905761719,1066.69091796875,393.5799865722656,1077.490478515625,394.63641357421875,1060.6214599609375,393.90771484375,1083.806884765625,412.81292724609375,1050.4805908203125,410.00830078125,1095.4635009765625,433.55841064453125,1031.7679443359375,424.374267578125,1100.668212890625,447.71600341796875,1031.3760986328125,432.23638916015625,1071.822998046875,459.80426025390625,1052.4580078125,458.809814453125,1065.8465576171875,497.60137939453125,1054.154052734375,496.7015380859375,1061.2689208984375,532.8911743164062,1059.8623046875,533.0267944335938
1070.0419921875,397.7464599609375,1073.0382080078125,394.4447021484375,1066.885986328125,394.26971435546875,1078.240966796875,395.28192138671875,1060.584716796875,394.4435119628906,1084.568603515625,412.4405822753906,1050.517578125,410.1345520019531,1095.26416015625,430.9168701171875,1032.02490234375,423.915283203125,1099.2724609375,440.5106201171875,1032.5185546875,429.18133544921875,1074.193359375,458.2420654296875,1054.1134033203125,457.5146484375,1069.3939208984375,494.2882080078125,1054.895263671875,493.71905517578125,1064.521484375,527.9248657226562,1059.645751953125,528.5397338867188
1074.7940673828125,401.666748046875,1077.6005859375,398.2865295410156,1071.843017578125,398.1242980957031,1082.3856201171875,398.75518798828125,1065.5718994140625,397.95831298828125,1088.859130859375,416.35491943359375,1054.0584716796875,412.639892578125,1099.2021484375,438.6751708984375,1033.016357421875,422.93377685546875,1103.620361328125,458.4985656738281,1029.85595703125,425.569580078125,1077.25390625,461.3313903808594,1056.539794921875,460.24993896484375,1074.998046875,497.3938293457031,1057.4017333984375,497.30401611328125,1069.2828369140625,531.1232299804688,1059.8582763671875,533.1286010742188
1081.756591796875,403.99871826171875,1084.07080078125,400.5603332519531,1078.27978515625,400.4010009765625,1086.244384765625,400.9904479980469,1069.8900146484375,399.9429931640625,1091.19775390625,418.6868896484375,1054.8232421875,414.185302734375,1102.4847412109375,440.1991882324219,1030.293701171875,423.2349853515625,1109.57421875,459.8405456542969,1028.572509765625,425.39404296875,1077.899658203125,464.35009765625,1055.9085693359375,463.2195739746094,1080.0018310546875,498.5898742675781,1057.9615478515625,498.3270263671875,1077.121337890625,533.4876708984375,1061.5059814453125,535.167724609375
1082.4189453125,405.69842529296875,1085.2896728515625,402.267333984375,1078.645751953125,401.9653015136719,1088.67236328125,402.93072509765625,1070.285888671875,401.4725646972656,1093.30078125,421.8018493652344,1056.1361083984375,416.26263427734375,1103.75146484375,443.1761169433594,1031.0076904296875,424.9476013183594,1112.182373046875,460.66357421875,1030.10498046875,425.96966552734375,1079.7108154296875,468.97857666015625,1056.82568359375,467.2952880859375,1084.4642333984375,502.58026123046875,1057.81640625,501.279052734375,1084.4931640625,539.2288818359375,1061.579833984375,538.9580078125
1082.345458984375,405.7504577636719,1085.2203369140625,402.32183837890625,1078.582763671875,402.025390625,1088.639404296875,402.970703125,1070.25390625,401.5318908691406,1093.308349609375,421.8031005859375,1056.1328125,416.2994384765625,1103.800537109375,443.1129150390625,1030.9375,424.97039794921875,1112.134765625,460.4017639160156,1030.099609375,425.855224609375,1079.6357421875,469.0655822753906,1056.7340087890625,467.3872375488281,1084.3531494140625,502.8505554199219,1057.67138671875,501.5489501953125,1084.46533203125,539.37890625,1061.3978271484375,539.0916137695312
1086.296630859375,406.968994140625,1088.947021484375,403.6961975097656,1082.881591796875,403.1935729980469,1091.6011962890625,404.1571044921875,1074.43896484375,402.28289794921875,1096.3428955078125,422.4987487792969,1058.62841796875,415.8476257324219,1107.43310546875,443.81744384765625,1031.62451171875,424.72412109375,1115.021728515625,459.03582763671875,1026.69775390625,429.46258544921875,1081.202392578125,469.12042236328125,1057.403564453125,466.7027893066406,1088.84228515625,502.9744873046875,1057.7105712890625,500.0494384765625,1093.52294921875,543.253173828125,1061.8497314453125,540.3909912109375
1087.926025390625,406.90374755859375,1090.6976318359375,403.63165283203125,1084.3431396484375,403.08642578125,1093.45654296875,404.0840148925781,1075.7401123046875,402.13177490234375,1098.38720703125,423.0223388671875,1060.55712890625,415.5372314453125,1110.459716796875,445.5731506347656,1033.5794677734375,424.4873046875,1118.1976318359375,460.1540222167969,1027.8360595703125,429.037841796875,1082.6595458984375,470.573486328125,1058.614990234375,467.6219787597656,1090.513671875,504.2403259277344,1057.6065673828125,500.22259521484375,1099.55322265625,546.7553100585938,1064.07958984375,541.9487915039062
1091.0130615234375,408.76678466796875,1093.677734375,405.6988220214844,1087.7421875,404.9277648925781,1095.805908203125,406.3285217285156,1079.362060546875,403.97210693359375,1100.50244140625,425.5062255859375,1063.7967529296875,417.08868408203125,1114.3082275390625,446.5992431640625,1037.0640869140625,423.8463134765625,1125.7152099609375,460.8966979980469,1022.739501953125,430.13360595703125,1083.681640625,474.14581298828125,1060.3397216796875,470.5128173828125,1091.838623046875,508.2539978027344,1058.6151123046875,503.0717468261719,1102.0775146484375,550.403564453125,1063.8944091796875,543.6580810546875
1094.6187744140625,412.19073486328125,1097.4864501953125,409.2805480957031,1090.99072265625,408.08453369140625,1099.3135986328125,410.81109619140625,1081.8497314453125,407.02130126953125,1103.0721435546875,432.22747802734375,1067.599609375,420.4329833984375,1119.0152587890625,454.48614501953125,1042.0374755859375,424.4662170410156,1126.614501953125,463.5751647949219,1027.7430419921875,431.0256042480469,1087.7330322265625,480.4078674316406,1065.0675048828125,475.1207275390625,1094.913818359375,516.67529296875,1060.800048828125,508.3763427734375,1103.9697265625,558.5650024414062,1062.6190185546875,547.0449829101562
1096.57958984375,415.939208984375,1099.6912841796875,412.9534606933594,1093.039306640625,411.7322998046875,1102.2203369140625,414.45599365234375,1084.8050537109375,410.8739318847656,1106.00732421875,435.9648742675781,1070.8939208984375,423.58575439453125,1119.7457275390625,456.9158020019531,1043.897216796875,429.14117431640625,1131.92626953125,469.9422912597656,1031.6737060546875,434.949462890625,1088.0955810546875,482.3961181640625,1065.6337890625,476.0986633300781,1092.462646484375,519.5474853515625,1059.5443115234375,511.0037841796875,1101.430419921875,559.50146484375,1061.14990234375,548.44775390625
1096.6361083984375,416.1592712402344,1099.743408203125,413.1730041503906,1093.1011962890625,411.9438171386719,1102.2529296875,414.63446044921875,1084.8321533203125,411.034423828125,1106.05810546875,436.05126953125,1070.840087890625,423.6622314453125,1119.798828125,456.8883361816406,1043.7393798828125,429.1051940917969,1131.7459716796875,469.70660400390625,1031.3333740234375,434.919677734375,1088.1693115234375,482.42938232421875,1065.647216796875,476.135498046875,1092.600830078125,519.396728515625,1059.6578369140625,510.8475036621094,1101.555419921875,559.5428466796875,1061.353515625,548.4970703125
1099.6336669921875,421.3347473144531,1102.371826171875,418.29522705078125,1096.2724609375,417.07073974609375,1103.6572265625,419.1083984375,1087.575927734375,415.60528564453125,1107.2054443359375,439.2706298828125,1071.8685302734375,427.9653625488281,1120.259521484375,460.35882568359375,1045.359130859375,435.463134765625,1131.33544921875,471.2165222167969,1031.148681640625,440.3037109375,1088.31103515625,485.12396240234375,1065.735595703125,479.423095703125,1094.0155029296875,519.9359130859375,1060.4130859375,512.4819946289062,1100.87939453125,558.6458740234375,1061.024658203125,549.5303955078125
1104.027587890625,425.62115478515625,1106.5977783203125,422.704833984375,1100.4188232421875,421.41571044921875,1106.6160888671875,424.00177001953125,1090.572998046875,420.1075744628906,1108.3367919921875,444.16461181640625,1074.329833984375,432.61962890625,1121.24365234375,464.74267578125,1048.12158203125,439.6689453125,1133.01806640625,475.46588134765625,1044.31787109375,440.99322509765625,1090.3157958984375,488.20611572265625,1068.3245849609375,482.6806640625,1095.861083984375,522.5234985351562,1061.848876953125,515.6035766601562,1101.62841796875,560.2516479492188,1059.8663330078125,551.99560546875
1105.0496826171875,426.771728515625,1106.6685791015625,423.7394714355469,1101.6966552734375,423.00677490234375,1104.618408203125,424.6480712890625,1091.6802978515625,422.0239562988281,1107.04052734375,443.38238525390625,1076.8399658203125,434.50531005859375,1120.5933837890625,465.86163330078125,1053.6578369140625,440.0706481933594,1132.8021240234375,475.03955078125,1050.3272705078125,439.764892578125,1092.6312255859375,487.4437255859375,1072.841796875,483.943359375,1095.96923828125,522.1045532226562,1065.90576171875,516.8834228515625,1103.901611328125,560.705810546875,1067.454833984375,553.9490966796875
1105.0855712890625,427.310791015625,1106.6942138671875,424.3853759765625,1101.739990234375,423.14910888671875,1104.1278076171875,425.3282775878906,1091.5296630859375,421.628173828125,1105.918212890625,444.6865539550781,1074.6767578125,433.26947021484375,1118.44384765625,465.45855712890625,1047.3712158203125,440.1285095214844,1133.645263671875,477.31097412109375,1029.927490234375,444.885498046875,1089.5596923828125,487.78466796875,1069.818359375,482.22332763671875,1094.064208984375,523.3226318359375,1062.2437744140625,516.1663818359375,1101.58349609375,560.8040161132812,1062.2213134765625,552.5037841796875
1104.847412109375,428.8031005859375,1106.53369140625,425.9378356933594,1101.5665283203125,424.6249694824219,1103.850830078125,426.8233337402344,1091.393798828125,422.9617919921875,1104.495849609375,446.1508483886719,1074.641845703125,434.48773193359375,1115.871826171875,467.40972900390625,1048.1142578125,441.4009094238281,1131.4300537109375,480.333984375,1031.6744384765625,446.510498046875,1087.2257080078125,487.77203369140625,1068.1995849609375,482.1178894042969,1093.1351318359375,522.210205078125,1060.49365234375,515.0499877929688,1100.18994140625,558.5505981445312,1058.5765380859375,550.495361328125
1104.779296875,428.82196044921875,1106.4937744140625,425.95843505859375,1101.5087890625,424.636962890625,1103.8817138671875,426.8262939453125,1091.3720703125,422.95208740234375,1104.50439453125,446.07879638671875,1074.633544921875,434.4249572753906,1115.943115234375,467.31103515625,1048.12451171875,441.3240966796875,1131.4736328125,480.2868347167969,1031.614501953125,446.4005126953125,1087.185302734375,487.5400085449219,1068.1529541015625,481.88909912109375,1093.0703125,521.9310302734375,1060.4637451171875,514.8015747070312,1100.0679931640625,558.3631591796875,1058.54833984375,550.3723754882812
1101.4208984375,431.5309753417969,1103.4141845703125,428.65185546875,1098.3231201171875,427.2720947265625,1101.692626953125,428.9434814453125,1088.642822265625,424.9838562011719,1102.2301025390625,447.1112365722656,1071.95166015625,435.3858947753906,1112.66943359375,468.34295654296875,1046.284912109375,442.00872802734375,1126.9564208984375,481.4849853515625,1032.13037109375,446.7235107421875,1084.41552734375,487.032958984375,1064.529296875,481.36669921875,1092.43701171875,521.4091186523438,1055.79443359375,514.4071655273438,1099.77685546875,559.84423828125,1051.44775390625,552.2837524414062
1097.668212890625,431.0891418457031,1099.781494140625,428.4363098144531,1094.537353515625,427.5077819824219,1099.353271484375,429.19244384765625,1085.606689453125,426.1656494140625,1100.1715087890625,446.47149658203125,1070.4296875,437.22076416015625,1109.692138671875,468.66888427734375,1047.7320556640625,443.4467468261719,1121.8553466796875,481.84429931640625,1036.7509765625,448.15997314453125,1084.0643310546875,485.41815185546875,1063.5213623046875,481.348388671875,1092.1895751953125,520.5593872070312,1049.710693359375,514.9768676757812,1101.56103515625,559.556640625,1042.4764404296875,552.7787475585938
1096.6343994140625,431.23773193359375,1098.4393310546875,428.4480285644531,1093.341552734375,427.7989501953125,1097.653076171875,429.1009521484375,1084.0980224609375,426.61834716796875,1098.65576171875,446.6678466796875,1069.157470703125,437.457763671875,1106.2427978515625,469.2878723144531,1045.8319091796875,442.1977844238281,1117.958740234375,483.9957275390625,1036.759521484375,445.0426025390625,1082.6693115234375,486.1634216308594,1061.6611328125,482.0556335449219,1091.5950927734375,521.630126953125,1043.7813720703125,516.154052734375,1101.64990234375,559.4863891601562,1033.505126953125,553.050048828125
1091.6326904296875,429.60296630859375,1093.45654296875,426.7587890625,1088.302490234375,426.2915954589844,1093.473876953125,427.51898193359375,1079.5013427734375,425.43255615234375,1096.0191650390625,446.08294677734375,1065.3651123046875,436.3232421875,1102.583984375,470.84478759765625,1043.2777099609375,440.337158203125,1113.302734375,487.00018310546875,1036.526611328125,440.5014953613281,1080.4852294921875,486.7671203613281,1058.1221923828125,482.3001708984375,1089.935791015625,521.8531494140625,1037.237548828125,515.845703125,1101.6771240234375,559.435302734375,1026.5111083984375,551.9859619140625
1085.6370849609375,429.419921875,1088.60986328125,426.4130859375,1081.8978271484375,425.6759948730469,1090.9224853515625,427.6326599121094,1073.4268798828125,425.1517639160156,1092.826171875,447.87921142578125,1061.4840087890625,437.6171875,1099.50634765625,473.31329345703125,1036.3695068359375,441.37744140625,1108.194580078125,490.32647705078125,1013.330322265625,445.243896484375,1077.8525390625,488.1036376953125,1055.1380615234375,483.14373779296875,1087.41845703125,520.8930053710938,1033.036865234375,514.47802734375,1101.480224609375,559.665771484375,1022.168212890625,552.1114501953125
1085.8160400390625,429.37310791015625,1088.732421875,426.3738098144531,1082.0927734375,425.62982177734375,1090.88818359375,427.5762634277344,1073.578369140625,425.0669860839844,1092.8118896484375,447.798828125,1061.4805908203125,437.47222900390625,1099.53857421875,473.3550109863281,1036.30322265625,441.3026123046875,1108.1317138671875,490.3907775878906,1013.2549438476562,445.3312683105469,1077.897216796875,488.10882568359375,1055.1851806640625,483.12799072265625,1087.5118408203125,520.93310546875,1033.110107421875,514.4742431640625,1101.6314697265625,559.8178100585938,1022.2576904296875,552.2030639648438
1084.377685546875,426.83441162109375,1086.2325439453125,423.85516357421875,1081.2823486328125,423.144287109375,1084.943359375,425.048583984375,1072.1060791015625,422.6902770996094,1085.6400146484375,444.4761962890625,1056.0517578125,434.777099609375,1092.44189453125,471.30181884765625,1029.6204833984375,440.58453369140625,1100.1409912109375,489.5443115234375,1012.739013671875,444.0528564453125,1068.3267822265625,485.11981201171875,1046.328125,480.7583312988281,1083.48291015625,519.7719116210938,1028.93359375,514.13916015625,1098.7999267578125,559.2146606445312,1018.1874389648438,552.3858642578125
1074.13427734375,426.1348571777344,1076.8275146484375,422.90069580078125,1070.3494873046875,422.40362548828125,1079.1995849609375,423.4040222167969,1062.06689453125,421.6330261230469,1083.190185546875,442.6896057128906,1049.6007080078125,433.2152099609375,1089.6270751953125,467.90533447265625,1020.72216796875,438.4243469238281,1093.7633056640625,486.97821044921875,1004.823486328125,441.4393615722656,1070.3021240234375,483.7369079589844,1046.26171875,479.20257568359375,1082.4454345703125,518.3053588867188,1030.4234619140625,512.903076171875,1095.8074951171875,558.20751953125,1021.1735229492188,551.9844360351562
1071.0732421875,423.53607177734375,1073.766357421875,420.26904296875,1067.552490234375,419.8301696777344,1075.7412109375,421.5211486816406,1059.64599609375,420.260498046875,1078.5076904296875,440.38983154296875,1048.1654052734375,436.72332763671875,1080.947509765625,465.55596923828125,1041.3397216796875,456.1905517578125,1074.125732421875,476.753173828125,1059.097900390625,464.50384521484375,1066.527587890625,480.8504333496094,1042.966552734375,479.61309814453125,1079.5003662109375,514.784423828125,1026.4639892578125,512.8038330078125,1089.390625,556.3350219726562,1019.564697265625,553.518798828125
1069.112548828125,423.34039306640625,1071.0587158203125,420.05682373046875,1065.552001953125,419.89031982421875,1071.546142578125,420.7001037597656,1057.37353515625,420.00408935546875,1075.32421875,438.4897155761719,1045.08154296875,436.0798645019531,1078.919189453125,463.3384094238281,1036.5267333984375,456.24810791015625,1075.46484375,477.3225402832031,1050.3338623046875,464.72674560546875,1065.205810546875,480.3664855957031,1042.595703125,479.73272705078125,1075.8658447265625,514.4515380859375,1027.602783203125,513.7149658203125,1081.43212890625,553.3585815429688,1019.2113647460938,552.443603515625
1060.61474609375,424.68402099609375,1063.3023681640625,421.17633056640625,1057.251220703125,421.02105712890625,1066.669189453125,421.7679443359375,1050.49072265625,420.9591064453125,1071.990478515625,439.6588134765625,1040.802734375,436.40771484375,1076.4251708984375,465.6933288574219,1028.8321533203125,454.2764892578125,1073.863525390625,484.7000732421875,1030.12890625,463.2754211425781,1063.3841552734375,479.80517578125,1040.97216796875,478.3128662109375,1072.4930419921875,511.13323974609375,1028.760986328125,509.6598815917969,1076.3687744140625,552.7490234375,1019.8145141601562,551.5426635742188
1060.458251953125,424.6332092285156,1063.1815185546875,421.1172180175781,1057.119384765625,420.92791748046875,1066.642333984375,421.6914367675781,1050.4150390625,420.8024597167969,1072.011962890625,439.4669494628906,1040.7672119140625,436.267578125,1076.355712890625,465.4552917480469,1029.3453369140625,454.7881164550781,1073.56884765625,484.4363708496094,1031.2772216796875,464.7437438964844,1063.571533203125,479.5284118652344,1041.048828125,478.0373840332031,1072.84228515625,510.8220520019531,1028.8720703125,509.2904052734375,1076.70166015625,552.974365234375,1019.8203735351562,551.5848999023438
1058.9571533203125,425.96484375,1061.8629150390625,422.33624267578125,1055.3702392578125,422.31341552734375,1065.941650390625,423.29266357421875,1048.66162109375,423.1102294921875,1071.791259765625,441.09564208984375,1038.79541015625,439.6983947753906,1076.899169921875,466.1988525390625,1026.556884765625,460.310302734375,1073.943115234375,486.7037658691406,1028.235595703125,472.4140625,1061.66259765625,476.82666015625,1039.010498046875,476.0212097167969,1063.044921875,508.47259521484375,1024.88623046875,508.31317138671875,1061.174560546875,548.646728515625,1018.5469970703125,549.650634765625
1057.112548828125,426.8607177734375,1059.4150390625,423.5594787597656,1053.9210205078125,423.45697021484375,1062.3900146484375,423.60919189453125,1047.4652099609375,423.19854736328125,1068.32373046875,439.80126953125,1037.3485107421875,436.5065002441406,1073.772216796875,463.5055847167969,1021.642333984375,451.37225341796875,1071.3037109375,485.206787109375,1017.9451904296875,460.18292236328125,1057.6082763671875,474.4785461425781,1036.3565673828125,472.69769287109375,1059.8077392578125,506.96331787109375,1021.2119750976562,505.60986328125,1059.8719482421875,544.9576416015625,1014.14501953125,544.1143188476562
1055.8231201171875,427.078125,1057.7291259765625,423.71478271484375,1052.2689208984375,423.86883544921875,1059.95556640625,424.30828857421875,1045.42138671875,424.4232177734375,1065.9986572265625,441.09832763671875,1036.632080078125,439.1558837890625,1072.7811279296875,465.0499267578125,1025.9661865234375,458.1180725097656,1067.68896484375,482.186279296875,1028.090087890625,470.2054138183594,1056.821533203125,474.96826171875,1036.0867919921875,473.5814208984375,1059.294677734375,506.4721984863281,1019.3343505859375,504.8908996582031,1058.5845947265625,545.3026123046875,1009.8123779296875,543.7250366210938
1049.384521484375,426.63934326171875,1052.163330078125,423.424072265625,1045.8468017578125,422.96063232421875,1056.3798828125,424.24005126953125,1040.02880859375,422.80242919921875,1062.45263671875,441.98699951171875,1033.0108642578125,434.87225341796875,1067.965087890625,465.02471923828125,1013.8680419921875,446.51800537109375,1066.6734619140625,480.24456787109375,999.31103515625,455.1925048828125,1055.0650634765625,475.28173828125,1034.4061279296875,471.23681640625,1060.1680908203125,504.38275146484375,1016.6019287109375,499.3809814453125,1061.3240966796875,544.622314453125,1003.2167358398438,537.9544067382812
1046.6591796875,425.0704345703125,1049.661865234375,422.0488586425781,1043.02490234375,421.29534912109375,1053.90283203125,423.38983154296875,1036.302978515625,421.1746826171875,1059.7989501953125,441.8204345703125,1027.742919921875,433.1999816894531,1064.998779296875,463.94232177734375,1005.952392578125,443.285400390625,1060.692626953125,475.5516357421875,989.4834594726562,453.8865966796875,1051.933349609375,474.288818359375,1029.036865234375,469.4502868652344,1059.41015625,503.540283203125,1009.2344970703125,497.021484375,1062.4169921875,544.455322265625,994.932373046875,535.6630859375
1046.76513671875,425.03253173828125,1049.7540283203125,422.01312255859375,1043.102783203125,421.2658996582031,1053.9066162109375,423.41455078125,1036.3018798828125,421.21728515625,1059.8150634765625,441.9642333984375,1027.660400390625,433.3697509765625,1065.1253662109375,464.15533447265625,1005.8895263671875,443.4743957519531,1060.9498291015625,476.06170654296875,989.408203125,454.01654052734375,1051.9351806640625,474.54376220703125,1028.9769287109375,469.7223815917969,1059.375732421875,503.6860656738281,1009.0841674804688,497.22216796875,1062.413818359375,544.5499877929688,994.8378295898438,535.84228515625
1045.6571044921875,423.4671936035156,1048.328125,420.3564147949219,1041.608154296875,419.79937744140625,1051.9024658203125,422.01678466796875,1034.4068603515625,420.20245361328125,1059.050048828125,441.39251708984375,1026.6324462890625,431.9885559082031,1063.3690185546875,465.36248779296875,1005.803955078125,441.79876708984375,1057.3587646484375,477.2698059082031,990.7060546875,451.09515380859375,1052.46630859375,473.4532470703125,1028.9248046875,468.05841064453125,1059.470947265625,501.47540283203125,1006.285400390625,493.7840576171875,1063.3076171875,543.849609375,992.00830078125,532.55908203125
1044.40869140625,421.81488037109375,1046.72998046875,418.83087158203125,1040.37548828125,418.3142395019531,1049.38916015625,420.15478515625,1032.218505859375,418.19732666015625,1056.1556396484375,439.02728271484375,1022.5723876953125,429.88665771484375,1062.382080078125,462.48858642578125,999.4312133789062,437.46600341796875,1060.6224365234375,475.5731506347656,980.959228515625,447.7962341308594,1050.371826171875,473.4696350097656,1025.9566650390625,468.47430419921875,1057.5775146484375,502.6907043457031,1000.7396850585938,495.31201171875,1061.594482421875,544.0277099609375,983.9654541015625,533.5977172851562
1039.81689453125,419.9512023925781,1042.26611328125,416.8786926269531,1035.6728515625,416.3203125,1044.89892578125,418.0906982421875,1027.2593994140625,416.2486267089844,1052.08251953125,436.572021484375,1017.3751220703125,428.31805419921875,1060.699462890625,457.4614562988281,995.4169921875,437.8891296386719,1056.497802734375,461.93560791015625,978.734619140625,446.45147705078125,1045.54736328125,473.9764404296875,1020.9512329101562,469.3772277832031,1055.0322265625,501.0081481933594,1002.649169921875,494.0037841796875,1061.41796875,545.543212890625,991.2918701171875,535.9359130859375
1035.9034423828125,417.43487548828125,1038.067626953125,414.30792236328125,1032.408203125,413.80206298828125,1040.23486328125,414.1826171875,1024.70703125,412.51568603515625,1046.971923828125,429.9322509765625,1013.7478637695312,423.60113525390625,1055.740966796875,447.9979248046875,993.14404296875,433.5865173339844,1055.056396484375,453.9853820800781,979.2459716796875,443.96002197265625,1041.1285400390625,469.6121826171875,1017.66748046875,466.29266357421875,1050.619873046875,500.16845703125,1001.8815307617188,495.140380859375,1059.98681640625,542.6036376953125,993.8433837890625,536.262451171875
1031.133056640625,413.2795715332031,1033.36376953125,409.95745849609375,1027.3875732421875,409.7349853515625,1036.11376953125,409.71551513671875,1019.8474731445312,408.7620849609375,1043.449462890625,426.21380615234375,1009.9480590820312,419.95135498046875,1052.999755859375,445.7113037109375,988.5792846679688,428.75177001953125,1053.788818359375,457.4431457519531,977.3262939453125,436.8014831542969,1036.9674072265625,466.67156982421875,1013.5438232421875,463.3626708984375,1045.451904296875,498.84588623046875,998.5874633789062,494.2687683105469,1055.2918701171875,541.0208740234375,991.705322265625,535.4000854492188
1031.0419921875,413.3301086425781,1033.23974609375,410.00360107421875,1027.3333740234375,409.7757568359375,1035.9595947265625,409.69635009765625,1019.839599609375,408.72235107421875,1043.375,426.15020751953125,1009.9000244140625,419.79583740234375,1053.0511474609375,445.71685791015625,988.5484619140625,428.4744873046875,1054.129150390625,457.9190673828125,977.3021240234375,436.63134765625,1036.9991455078125,466.7580871582031,1013.5977783203125,463.41717529296875,1045.5736083984375,498.9060974121094,998.7054443359375,494.3044738769531,1055.383056640625,541.0125732421875,991.7550659179688,535.3750610351562
1022.447021484375,412.8668212890625,1025.686767578125,409.2541809082031,1018.8327026367188,408.85601806640625,1031.4716796875,408.808349609375,1012.4972534179688,407.72589111328125,1040.0924072265625,425.5238037109375,1005.0261840820312,419.35552978515625,1048.690673828125,449.45123291015625,985.1017456054688,431.53448486328125,1039.65478515625,466.83721923828125,976.358154296875,441.79608154296875,1035.140625,463.02099609375,1010.3804931640625,459.57574462890625,1042.830078125,492.37353515625,994.5545654296875,488.07147216796875,1052.196533203125,538.5651245117188,988.8406982421875,533.0721435546875
1021.236083984375,410.25726318359375,1024.306396484375,406.8505554199219,1017.87451171875,406.3330078125,1029.457763671875,406.4136657714844,1011.6204833984375,404.9085693359375,1037.55517578125,422.28375244140625,1003.1878662109375,415.90966796875,1046.5384521484375,445.3775634765625,985.598876953125,427.28375244140625,1042.0001220703125,463.0426025390625,982.6138916015625,434.12139892578125,1032.3414306640625,458.8854675292969,1008.4749755859375,455.64349365234375,1038.193603515625,489.364990234375,995.2877197265625,485.7014465332031,1045.2733154296875,533.267822265625,990.5606689453125,528.9861450195312
1018.174072265625,404.46417236328125,1021.2852172851562,400.58026123046875,1015.122314453125,400.42034912109375,1026.47802734375,401.09112548828125,1010.119384765625,400.61883544921875,1035.80322265625,416.28753662109375,1002.6632080078125,415.4453125,1046.0887451171875,436.2197265625,990.0240478515625,433.9456787109375,1044.376953125,451.34674072265625,988.266845703125,449.169921875,1031.14111328125,456.2661437988281,1008.88671875,455.75933837890625,1036.55078125,489.5728759765625,999.526123046875,488.95263671875,1038.5186767578125,527.032958984375,995.1536865234375,526.0684814453125
1017.6326904296875,401.39520263671875,1019.60888671875,397.9078674316406,1014.6600952148438,398.003173828125,1022.9276123046875,397.5966796875,1009.0452880859375,397.5494384765625,1032.4541015625,411.8817443847656,1000.0086669921875,410.06683349609375,1044.9906005859375,433.4334411621094,988.9302978515625,425.2640075683594,1044.6966552734375,454.455322265625,999.538330078125,433.21246337890625,1031.840576171875,447.3582763671875,1008.644287109375,446.97381591796875,1036.306884765625,481.65850830078125,993.8900146484375,481.8730773925781,1039.931884765625,519.893798828125,987.8211669921875,520.79052734375
1016.1953125,401.1836242675781,1018.030029296875,397.65142822265625,1013.2084350585938,397.78546142578125,1021.1478881835938,396.9947509765625,1007.6599731445312,396.9984130859375,1030.939453125,410.4383239746094,999.0186767578125,409.03070068359375,1043.89599609375,431.18878173828125,987.8192138671875,425.4296875,1045.47900390625,451.63623046875,996.239990234375,437.478515625,1031.42431640625,445.2777099609375,1008.61279296875,445.0,1035.3355712890625,478.61297607421875,992.654296875,478.4613037109375,1039.731201171875,517.4246826171875,986.6854248046875,517.2408447265625
1016.1358642578125,401.21868896484375,1017.99169921875,397.6855773925781,1013.1564331054688,397.81060791015625,1021.1527099609375,397.0069580078125,1007.6129150390625,396.998046875,1030.949951171875,410.4813232421875,998.93017578125,409.050537109375,1043.9598388671875,431.298583984375,987.775146484375,425.5535888671875,1045.644775390625,451.8994140625,996.2385864257812,437.8325500488281,1031.187255859375,445.36492919921875,1008.3204345703125,445.0657653808594,1035.216796875,478.66168212890625,992.4186401367188,478.46514892578125,1039.6842041015625,517.4771728515625,986.590087890625,517.2230834960938
1015.6268920898438,401.25140380859375,1017.17529296875,397.631103515625,1012.5230712890625,397.8029479980469,1019.42041015625,396.69195556640625,1006.3767700195312,396.78173828125,1029.5771484375,410.29241943359375,997.12548828125,408.2642822265625,1042.360595703125,432.67962646484375,987.6080932617188,425.7565612792969,1043.075927734375,453.68780517578125,998.6422119140625,440.0391540527344,1028.479736328125,445.2547302246094,1004.8974609375,444.5190124511719,1033.523193359375,477.92840576171875,987.0093994140625,476.61328125,1038.514404296875,517.6483154296875,980.681396484375,515.244140625
1013.8515625,401.9764709472656,1015.560302734375,398.4166259765625,1010.71923828125,398.533447265625,1018.2501220703125,397.7725524902344,1005.0538330078125,397.7547912597656,1028.7872314453125,411.9608154296875,996.7779541015625,409.39007568359375,1041.492431640625,434.3262634277344,987.2222900390625,426.9990234375,1042.756103515625,450.10052490234375,994.9439697265625,439.3276062011719,1027.51123046875,446.8785095214844,1004.374267578125,445.6361083984375,1031.4666748046875,478.2571105957031,985.7164306640625,475.804443359375,1037.56103515625,517.9470825195312,980.3990478515625,513.4423217773438
1012.5732421875,407.573974609375,1014.90380859375,403.6857604980469,1009.01220703125,403.9354248046875,1019.1435546875,402.9337463378906,1003.0621948242188,403.4768371582031,1029.971435546875,418.5980224609375,995.4761352539062,416.9387512207031,1040.938720703125,442.6744079589844,986.3011474609375,437.51470947265625,1036.643310546875,458.02252197265625,994.1971435546875,453.07098388671875,1025.782958984375,455.1317138671875,1001.154541015625,453.9936218261719,1031.5572509765625,480.76763916015625,983.489990234375,478.1192321777344,1034.2001953125,521.283935546875,977.7869873046875,516.1793212890625
1011.0330810546875,411.669189453125,1014.3436889648438,407.71563720703125,1007.4378662109375,407.87347412109375,1020.8009033203125,408.0108947753906,1001.7379150390625,408.7532043457031,1032.06396484375,425.27374267578125,995.3023681640625,424.7862548828125,1042.2144775390625,450.0656433105469,990.3538818359375,447.64599609375,1030.250244140625,457.0203552246094,999.5894165039062,459.8269958496094,1026.812744140625,462.61798095703125,1000.8341674804688,461.6455993652344,1031.2418212890625,480.443603515625,984.2108154296875,477.6138916015625,1032.252197265625,519.3998413085938,983.339111328125,514.2374267578125
1015.6715087890625,418.5504455566406,1018.5751953125,414.6632080078125,1011.62646484375,414.856689453125,1022.63916015625,414.95196533203125,1004.01513671875,415.66845703125,1031.594970703125,432.3321533203125,995.257568359375,431.9739074707031,1040.616455078125,456.73590087890625,990.33935546875,454.0260314941406,1026.93603515625,459.7213439941406,1005.0819091796875,459.6746826171875,1025.18359375,471.7435302734375,999.1746826171875,471.3515625,1033.132080078125,483.38458251953125,984.4178466796875,481.5445861816406,1037.615234375,521.830322265625,985.4884033203125,518.1951293945312
1015.7049560546875,418.544921875,1018.5873413085938,414.6640625,1011.6656494140625,414.8603515625,1022.6075439453125,414.919921875,1004.0473022460938,415.6353759765625,1031.550048828125,432.18133544921875,995.2684326171875,431.852783203125,1040.6549072265625,456.4759826660156,990.3012084960938,453.8209228515625,1027.2220458984375,459.57232666015625,1004.92919921875,459.42901611328125,1025.2423095703125,471.421875,999.271728515625,471.0636291503906,1033.280029296875,483.1402587890625,984.5870361328125,481.3653564453125,1037.82373046875,521.36328125,985.5863037109375,517.8395385742188
1021.3427124023438,424.27685546875,1023.5128173828125,420.7341613769531,1017.135009765625,420.974609375,1025.2822265625,421.3548889160156,1008.2807006835938,422.12896728515625,1032.473388671875,438.45654296875,998.7598876953125,436.1607666015625,1039.31494140625,461.0695495605469,987.21728515625,450.7154846191406,1019.942626953125,465.1527099609375,998.56640625,453.46588134765625,1025.77197265625,474.88165283203125,1001.1405029296875,473.75140380859375,1037.004638671875,486.70196533203125,985.5870361328125,483.87744140625,1043.9586181640625,525.6605224609375,985.643798828125,520.4661865234375
1022.3490600585938,423.93084716796875,1024.8603515625,420.6979064941406,1018.5661010742188,420.512939453125,1028.4134521484375,422.14459228515625,1011.0294799804688,421.26177978515625,1034.771728515625,439.6009826660156,1001.7551879882812,435.3682861328125,1041.2784423828125,460.9503479003906,989.70703125,452.21258544921875,1029.0916748046875,467.7542724609375,999.0657348632812,460.262939453125,1025.1953125,474.0248107910156,1001.2582397460938,471.58978271484375,1039.4639892578125,487.3580322265625,991.7979736328125,483.6427917480469,1042.3134765625,526.2210693359375,982.7667846679688,520.7177124023438
0.0,0.0,0.0,0.0,0.0,0.0,0.0,0.0,0.0,0.0,0.0,0.0,0.0,0.0,0.0,0.0,0.0,0.0,0.0,0.0,0.0,0.0,0.0,0.0,0.0,0.0,0.0,0.0,0.0,0.0,0.0,0.0,0.0,0.0
0.0,0.0,0.0,0.0,0.0,0.0,0.0,0.0,0.0,0.0,0.0,0.0,0.0,0.0,0.0,0.0,0.0,0.0,0.0,0.0,0.0,0.0,0.0,0.0,0.0,0.0,0.0,0.0,0.0,0.0,0.0,0.0,0.0,0.0
1042.580322265625,410.4787902832031,1044.3388671875,407.46856689453125,1039.08935546875,407.2211608886719,1046.5537109375,408.9696044921875,1031.8355712890625,407.51055908203125,1052.2900390625,426.3917541503906,1023.398193359375,419.22552490234375,1065.40087890625,444.7885437011719,998.9551391601562,424.9109802246094,1067.3670654296875,454.9909973144531,989.9525146484375,430.242919921875,1043.399169921875,466.24615478515625,1023.889404296875,462.1758728027344,1046.1700439453125,494.1419677734375,1008.966064453125,488.23944091796875,1039.99853515625,526.7879638671875,988.345458984375,517.6085205078125
1042.882080078125,410.50140380859375,1044.5528564453125,407.4749755859375,1039.352783203125,407.25543212890625,1046.49658203125,408.98126220703125,1031.958251953125,407.5716247558594,1051.968017578125,426.28387451171875,1023.5505981445312,419.289306640625,1065.354248046875,444.5001220703125,999.099853515625,425.1038818359375,1067.5849609375,454.86224365234375,990.4883422851562,430.52532958984375,1043.00732421875,466.01513671875,1023.8278198242188,462.0546569824219,1046.0107421875,493.85888671875,1009.3770751953125,488.1182861328125,1039.7587890625,526.58935546875,988.4384765625,517.615966796875
1044.1944580078125,409.18023681640625,1046.724365234375,405.92901611328125,1040.79931640625,405.7237548828125,1051.1082763671875,406.5793762207031,1034.5628662109375,405.5164489746094,1057.976318359375,423.38885498046875,1027.2923583984375,417.77423095703125,1070.615234375,440.85992431640625,1005.445068359375,423.9849853515625,1075.81396484375,454.9761962890625,997.4967041015625,428.7198486328125,1049.8570556640625,465.4237976074219,1030.58935546875,462.311767578125,1046.146484375,495.6510314941406,1019.713623046875,491.45538330078125,1040.251220703125,528.5344848632812,1010.8646240234375,521.8982543945312
1047.32763671875,403.4881896972656,1049.648681640625,399.9737548828125,1043.9814453125,400.12689208984375,1054.1004638671875,400.66363525390625,1038.13232421875,400.5291748046875,1061.9493408203125,416.8757629394531,1031.1263427734375,414.0384521484375,1074.572998046875,433.88494873046875,1010.9155883789062,422.9697265625,1079.3055419921875,448.8956298828125,1005.5535278320312,427.00299072265625,1057.1094970703125,460.77862548828125,1038.7977294921875,459.2469177246094,1049.35595703125,493.73236083984375,1034.03662109375,492.07794189453125,1038.556640625,525.9060668945312,1028.7811279296875,523.0672607421875
1053.079833984375,399.3880920410156,1055.8653564453125,396.02716064453125,1050.43701171875,395.7908020019531,1061.252685546875,397.4658203125,1046.226318359375,396.53424072265625,1069.2501220703125,416.30609130859375,1038.883056640625,412.0234375,1080.5191650390625,438.35235595703125,1021.19189453125,425.343994140625,1084.634033203125,459.1378173828125,1014.1343994140625,436.13800048828125,1061.8348388671875,461.03643798828125,1043.930908203125,458.51422119140625,1050.43115234375,496.54791259765625,1036.9461669921875,493.6414489746094,1045.2581787109375,529.4480590820312,1039.4725341796875,525.3385620117188
1059.0413818359375,397.7126770019531,1062.1163330078125,394.3275146484375,1055.988525390625,393.86767578125,1066.861328125,396.61138916015625,1051.326171875,395.1568908691406,1074.62890625,417.800048828125,1043.871337890625,412.85797119140625,1086.404541015625,439.76922607421875,1027.6474609375,428.52337646484375,1086.2918701171875,455.93463134765625,1020.4583129882812,440.5404968261719,1070.5450439453125,464.812744140625,1052.6883544921875,461.76904296875,1056.68603515625,499.156494140625,1046.7607421875,495.5032958984375,1057.5513916015625,532.522216796875,1057.828369140625,527.982666015625
1068.3839111328125,400.5413818359375,1071.1109619140625,397.050537109375,1064.82763671875,396.9758605957031,1074.799072265625,398.499755859375,1058.6943359375,398.142333984375,1082.17626953125,417.9447326660156,1051.1688232421875,415.28802490234375,1095.99267578125,441.50567626953125,1037.316162109375,431.5632019042969,1098.9415283203125,459.67437744140625,1037.041015625,438.16015625,1076.2244873046875,465.1400146484375,1059.0218505859375,464.03570556640625,1060.5997314453125,502.7320556640625,1057.6824951171875,502.30377197265625,1060.8870849609375,536.8709106445312,1071.9404296875,537.7870483398438
1067.9892578125,400.5411071777344,1070.710205078125,397.0662841796875,1064.4873046875,396.9849853515625,1074.539794921875,398.52825927734375,1058.5838623046875,398.14532470703125,1082.126708984375,418.0406799316406,1051.352294921875,415.0968017578125,1095.537109375,441.75836181640625,1037.2110595703125,431.01434326171875,1096.9869384765625,458.2814025878906,1036.534912109375,436.32666015625,1076.2364501953125,465.43798828125,1059.131103515625,464.1412353515625,1060.3671875,502.94384765625,1057.51416015625,502.2023620605469,1061.2257080078125,536.8858642578125,1071.93701171875,537.314697265625
1073.4505615234375,403.55255126953125,1076.096435546875,399.67962646484375,1069.85546875,399.97564697265625,1079.482177734375,401.53961181640625,1064.1300048828125,402.1875915527344,1086.7633056640625,421.01776123046875,1057.05419921875,421.66485595703125,1098.1712646484375,441.9258728027344,1045.53125,442.1380615234375,1101.58203125,459.03863525390625,1045.184326171875,459.31988525390625,1083.621337890625,467.0603942871094,1065.9393310546875,467.436279296875,1080.024169921875,501.7362060546875,1069.2528076171875,502.24957275390625,1077.449462890625,537.752685546875,1071.7220458984375,538.0316772460938
1079.926513671875,411.2289733886719,1083.087646484375,407.5187072753906,1076.234375,407.43048095703125,1088.146240234375,408.53680419921875,1070.1484375,408.2070007324219,1094.9761962890625,427.91864013671875,1062.4935302734375,425.63677978515625,1101.76708984375,452.2049560546875,1051.099609375,445.0599060058594,1099.292724609375,469.35699462890625,1049.950439453125,456.51483154296875,1090.3892822265625,474.1346740722656,1070.8958740234375,473.2198486328125,1089.9390869140625,510.58062744140625,1075.4913330078125,509.7754211425781,1087.6904296875,546.7321166992188,1083.1654052734375,546.4544067382812
1088.3203125,414.0423583984375,1092.263916015625,410.1435241699219,1084.5833740234375,409.7460021972656,1097.27978515625,412.8954162597656,1077.7001953125,411.53509521484375,1102.1810302734375,433.98992919921875,1069.2076416015625,432.1429443359375,1111.433349609375,456.4219970703125,1057.06005859375,453.12286376953125,1110.8829345703125,469.7110290527344,1056.69384765625,467.8465576171875,1096.2509765625,482.79254150390625,1075.3685302734375,482.14178466796875,1098.5518798828125,515.16162109375,1081.1002197265625,514.7410888671875,1099.2333984375,547.3694458007812,1085.50830078125,546.5062255859375
1095.347412109375,419.7937316894531,1098.5511474609375,416.38641357421875,1091.505859375,415.86785888671875,1102.6466064453125,418.23797607421875,1084.700927734375,416.5855712890625,1108.0853271484375,440.02593994140625,1075.300048828125,432.49072265625,1118.947265625,463.92974853515625,1055.7880859375,441.7646484375,1126.764892578125,486.337646484375,1051.191162109375,441.95489501953125,1103.51708984375,484.4770202636719,1083.4542236328125,481.426513671875,1108.942138671875,514.7003173828125,1086.0858154296875,512.152099609375,1111.39453125,549.6707763671875,1090.647216796875,547.9910888671875
1107.70361328125,424.61029052734375,1110.7152099609375,421.2084045410156,1104.24072265625,420.82037353515625,1114.1165771484375,423.37139892578125,1097.1995849609375,421.5799255371094,1116.78173828125,444.1134033203125,1086.7462158203125,436.90960693359375,1127.000244140625,465.28948974609375,1063.66748046875,438.3238525390625,1136.471435546875,483.8888854980469,1061.114013671875,435.2103271484375,1112.05615234375,486.45367431640625,1092.90625,484.40631103515625,1117.425537109375,514.5601806640625,1089.0997314453125,512.6214599609375,1118.581298828125,548.325927734375,1086.404541015625,547.5675659179688
1107.5013427734375,424.4418640136719,1110.466552734375,421.0648498535156,1104.076904296875,420.6797790527344,1113.77392578125,423.228515625,1097.055908203125,421.44573974609375,1116.48828125,443.932861328125,1086.451171875,436.83392333984375,1126.7939453125,465.0888671875,1063.4873046875,438.44000244140625,1136.2412109375,483.81402587890625,1061.670166015625,435.41961669921875,1111.879638671875,486.34796142578125,1092.7138671875,484.36993408203125,1117.4039306640625,515.2683715820312,1089.0535888671875,513.4373779296875,1118.4012451171875,548.6630249023438,1086.1876220703125,548.0445556640625
1122.3197021484375,429.0350341796875,1123.6390380859375,425.6192321777344,1119.2313232421875,425.57208251953125,1122.9041748046875,426.94775390625,1111.33642578125,425.8995666503906,1125.14013671875,445.9375305175781,1096.85791015625,439.3048095703125,1137.51318359375,466.1805725097656,1068.461181640625,438.2392272949219,1152.379638671875,491.43560791015625,1062.94287109375,436.5274658203125,1117.65771484375,486.5043640136719,1098.58837890625,485.07525634765625,1131.310791015625,515.510986328125,1092.239990234375,514.7601928710938,1131.2547607421875,547.3638305664062,1078.953125,548.4815673828125
1131.017578125,433.1964111328125,1132.175048828125,429.83795166015625,1128.398193359375,429.43658447265625,1130.88232421875,431.55316162109375,1120.93701171875,429.6625671386719,1132.7642822265625,451.5372619628906,1105.942626953125,442.8547668457031,1147.678466796875,472.9761657714844,1076.952880859375,440.5866394042969,1159.81640625,499.878173828125,1065.7022705078125,439.8433837890625,1120.5760498046875,493.3325500488281,1102.596435546875,490.6051940917969,1134.039306640625,525.7400512695312,1098.7421875,523.3366088867188,1129.87890625,554.409423828125,1081.189453125,552.97705078125
1136.7486572265625,442.9229736328125,1140.30078125,439.7325439453125,1133.25244140625,438.467041015625,1142.0321044921875,442.53192138671875,1124.91552734375,438.4232482910156,1141.158935546875,460.36248779296875,1112.2744140625,455.118408203125,1148.937255859375,476.85186767578125,1095.69140625,469.6636047363281,1156.66259765625,470.97528076171875,1095.1033935546875,467.31939697265625,1131.0296630859375,503.012451171875,1111.611328125,501.3476257324219,1142.6934814453125,527.2498779296875,1111.9871826171875,526.3457641601562,1143.898681640625,554.8538208007812,1106.117431640625,554.029296875
1145.271728515625,451.54449462890625,1147.35693359375,448.0258483886719,1142.391845703125,447.53619384765625,1147.23779296875,449.67974853515625,1134.7568359375,448.0974426269531,1148.347412109375,470.20635986328125,1121.7960205078125,464.8953857421875,1168.2979736328125,492.664306640625,1103.2161865234375,473.58660888671875,1180.45947265625,519.5127563476562,1105.1241455078125,478.1673889160156,1131.9290771484375,516.5153198242188,1115.034912109375,514.2640380859375,1137.9544677734375,543.1656494140625,1110.685791015625,541.52978515625,1132.74658203125,566.3564453125,1098.0772705078125,565.8199462890625
1158.0645751953125,464.85791015625,1156.5479736328125,460.9552001953125,1157.137939453125,461.59234619140625,1146.3985595703125,460.32769775390625,1156.08447265625,462.267822265625,1130.150634765625,473.83984375,1158.9287109375,476.88958740234375,1115.5755615234375,493.8240966796875,1168.45068359375,497.85540771484375,1118.006103515625,503.1285400390625,1175.210693359375,506.2706298828125,1121.1435546875,525.2603149414062,1140.3592529296875,526.6383056640625,1119.6846923828125,552.6790771484375,1147.4569091796875,553.8084106445312,1106.284912109375,572.8264770507812,1137.793701171875,575.49658203125
1157.9580078125,464.66552734375,1156.2633056640625,460.6969299316406,1157.0936279296875,461.3912658691406,1145.614501953125,460.09814453125,1156.5557861328125,462.2344665527344,1128.5916748046875,473.66546630859375,1160.341796875,476.9731750488281,1112.35302734375,493.8572998046875,1171.2960205078125,498.1407165527344,1113.265625,503.06842041015625,1178.9661865234375,506.3086853027344,1120.180419921875,525.1644287109375,1141.430419921875,526.643798828125,1117.71240234375,552.35107421875,1149.4268798828125,553.529541015625,1103.66455078125,572.3414306640625,1140.65234375,575.0184936523438
1160.067626953125,479.0489501953125,1161.389404296875,475.9091491699219,1157.577880859375,475.7548828125,1161.18798828125,476.81646728515625,1150.0126953125,475.7681884765625,1163.7760009765625,491.3707275390625,1135.6719970703125,489.8572082519531,1179.9259033203125,505.2296447753906,1113.6619873046875,503.93804931640625,1196.4456787109375,513.1456298828125,1101.007080078125,513.5330810546875,1147.696044921875,533.3628540039062,1129.8387451171875,533.0443115234375,1163.6517333984375,550.7009887695312,1129.646728515625,550.9619140625,1162.4317626953125,575.6808471679688,1116.865234375,576.7296142578125
1169.668701171875,489.9919738769531,1171.0794677734375,486.23968505859375,1166.7021484375,486.438232421875,1171.315185546875,485.75396728515625,1158.6221923828125,485.3802795410156,1172.4764404296875,501.54400634765625,1142.9921875,495.81158447265625,1184.135986328125,518.4854736328125,1111.2550048828125,501.13922119140625,1188.52587890625,532.0916748046875,1112.8892822265625,506.8236083984375,1145.009765625,541.6897583007812,1124.807861328125,538.966552734375,1161.39501953125,562.4132080078125,1124.3707275390625,558.581787109375,1160.513916015625,601.0654296875,1110.041748046875,596.50341796875
1172.185791015625,498.79071044921875,1175.80078125,495.66448974609375,1170.2587890625,494.71685791015625,1180.0966796875,496.0187072753906,1164.4263916015625,492.8343505859375,1184.0740966796875,509.49224853515625,1148.5867919921875,504.1645202636719,1194.2388916015625,525.3322143554688,1122.7744140625,516.46533203125,1194.429443359375,526.7013549804688,1111.634521484375,522.6077270507812,1160.853515625,548.8499145507812,1137.6800537109375,546.2815551757812,1171.07080078125,578.9129638671875,1135.7886962890625,577.2111206054688,1172.9034423828125,610.3067626953125,1130.2589111328125,608.92578125
1175.7601318359375,505.305419921875,1179.93212890625,501.9996643066406,1173.8753662109375,500.6602783203125,1184.002197265625,502.270263671875,1167.85400390625,498.1376037597656,1185.81591796875,516.4335327148438,1151.6021728515625,509.83062744140625,1190.654296875,535.1852416992188,1126.890625,524.0218505859375,1186.9163818359375,540.0715942382812,1117.8046875,534.423095703125,1160.093505859375,554.288330078125,1136.544921875,551.103271484375,1174.421875,586.5186157226562,1130.1805419921875,584.33056640625,1174.8189697265625,620.32421875,1119.33984375,618.5087890625
1178.0491943359375,509.12322998046875,1182.16748046875,505.82647705078125,1176.35400390625,504.22039794921875,1185.7347412109375,505.73333740234375,1169.94091796875,500.7528076171875,1184.9404296875,516.72265625,1151.3763427734375,510.2579040527344,1190.92822265625,536.8617553710938,1131.4644775390625,527.7141723632812,1191.608642578125,549.9794921875,1131.158203125,545.3949584960938,1158.9913330078125,546.5948486328125,1135.709716796875,544.3303833007812,1183.320068359375,567.6828002929688,1142.592041015625,566.6490478515625,1181.9102783203125,607.0677490234375,1134.7274169921875,606.2612915039062
1178.0858154296875,509.3015441894531,1182.215087890625,505.9926452636719,1176.389892578125,504.38922119140625,1185.812255859375,505.88360595703125,1170.0086669921875,500.91192626953125,1185.021728515625,516.8837280273438,1151.4599609375,510.42236328125,1190.966552734375,536.979248046875,1131.608642578125,527.859375,1191.495361328125,549.7821044921875,1131.403076171875,545.2303466796875,1159.0509033203125,546.7659912109375,1135.724609375,544.497314453125,1183.52587890625,568.0443115234375,1142.344970703125,567.0067749023438,1182.236083984375,607.5267333984375,1134.3623046875,606.7213134765625
1177.433837890625,508.03131103515625,1181.324951171875,504.7835693359375,1175.541748046875,503.2603759765625,1183.9200439453125,504.83404541015625,1168.5792236328125,499.93255615234375,1181.876220703125,515.4971313476562,1150.150634765625,509.05230712890625,1186.929443359375,534.3677978515625,1128.099853515625,524.6256103515625,1191.3349609375,551.9424438476562,1123.8544921875,547.4708251953125,1157.7266845703125,542.12744140625,1136.137939453125,540.0477294921875,1181.380126953125,563.1478881835938,1145.7333984375,562.149169921875,1180.8795166015625,601.2376708984375,1139.2840576171875,600.4454345703125
1177.4227294921875,502.6748046875,1181.652587890625,499.3250427246094,1174.91650390625,497.7644348144531,1185.839111328125,499.53399658203125,1167.1168212890625,494.7919006347656,1187.662109375,511.7857360839844,1147.363037109375,505.0381164550781,1189.6865234375,536.318359375,1123.2725830078125,523.878662109375,1185.04248046875,553.6534423828125,1124.564453125,546.9981079101562,1164.755859375,544.5394287109375,1136.9744873046875,542.0116577148438,1182.22607421875,560.6206665039062,1137.06982421875,559.1302490234375,1180.0205078125,599.6141357421875,1131.306640625,597.7357788085938
1176.060546875,494.30926513671875,1179.5599365234375,491.19744873046875,1174.512451171875,489.76556396484375,1181.839599609375,491.4441833496094,1168.60009765625,486.90289306640625,1181.027099609375,503.3892822265625,1151.5977783203125,497.161865234375,1186.028076171875,522.4915771484375,1127.8607177734375,512.6411743164062,1190.9132080078125,537.8564453125,1119.42236328125,533.55419921875,1159.1622314453125,535.9495239257812,1138.9677734375,533.4619140625,1176.63525390625,565.7279052734375,1138.9041748046875,564.2973022460938,1181.8177490234375,602.4871826171875,1133.8890380859375,601.083740234375
1170.5880126953125,484.3094482421875,1174.8348388671875,481.2373046875,1169.1094970703125,479.49420166015625,1179.560791015625,482.3929443359375,1163.998046875,477.0460205078125,1181.754638671875,497.19476318359375,1149.703125,489.2538757324219,1187.8712158203125,518.333251953125,1123.7591552734375,503.9427490234375,1191.5382080078125,533.549072265625,1105.947021484375,525.2137451171875,1161.410400390625,532.449462890625,1139.97265625,528.9854736328125,1174.2650146484375,561.1676025390625,1138.0794677734375,558.9729614257812,1182.52294921875,601.4906005859375,1136.5869140625,598.327392578125
1177.9012451171875,473.556640625,1180.413818359375,470.0993957519531,1176.0977783203125,468.86669921875,1180.488037109375,471.35455322265625,1167.592041015625,467.17010498046875,1180.6231689453125,489.1154479980469,1149.0240478515625,482.3169250488281,1187.4345703125,511.49139404296875,1118.81103515625,498.7977294921875,1192.0584716796875,524.4552612304688,1096.74951171875,518.4523315429688,1154.0291748046875,530.4429931640625,1132.787841796875,527.657470703125,1175.9296875,555.03759765625,1135.5712890625,553.708740234375,1185.697265625,594.1826782226562,1132.3880615234375,592.1368408203125
1178.030029296875,473.3960266113281,1180.496826171875,469.94622802734375,1176.208251953125,468.72918701171875,1180.46240234375,471.25146484375,1167.6273193359375,467.1175231933594,1180.6055908203125,489.12628173828125,1149.0595703125,482.3638000488281,1187.279052734375,511.4561462402344,1118.7237548828125,498.73138427734375,1191.655029296875,524.1879272460938,1096.500244140625,518.1863403320312,1154.115478515625,530.5421752929688,1132.904052734375,527.76904296875,1175.8603515625,555.0086059570312,1135.54443359375,553.68310546875,1185.54638671875,594.0213623046875,1132.30712890625,591.979736328125
1166.8966064453125,460.4182434082031,1171.171142578125,456.9465637207031,1164.1776123046875,455.2608642578125,1175.919677734375,460.04974365234375,1156.51806640625,454.9637145996094,1179.6455078125,481.8738098144531,1143.525634765625,473.54766845703125,1185.666259765625,505.28216552734375,1115.651611328125,488.84759521484375,1186.861328125,518.3418579101562,1092.4893798828125,508.14617919921875,1162.019287109375,525.7688598632812,1137.807373046875,521.93115234375,1169.6259765625,556.07861328125,1128.447998046875,553.4295654296875,1178.9644775390625,594.1581420898438,1125.9901123046875,590.125244140625
1161.11181640625,451.31842041015625,1165.0828857421875,447.6506652832031,1158.12548828125,446.4935302734375,1168.9061279296875,450.6369323730469,1150.8302001953125,447.03515625,1171.212158203125,472.4969787597656,1137.5240478515625,466.6747741699219,1177.19287109375,493.720947265625,1112.80029296875,482.6376953125,1179.1781005859375,498.1446533203125,1099.84912109375,492.50286865234375,1155.6146240234375,520.7623901367188,1132.7099609375,518.1683349609375,1165.5921630859375,556.8343505859375,1124.2001953125,555.0551147460938,1174.01318359375,594.76953125,1120.513671875,592.4207153320312
1156.94482421875,440.4989318847656,1160.1968994140625,436.99200439453125,1153.748779296875,436.4803161621094,1164.41552734375,438.51202392578125,1146.6431884765625,437.3055725097656,1168.725830078125,460.35784912109375,1133.6331787109375,456.2769775390625,1173.990234375,485.5966796875,1106.9947509765625,472.84521484375,1171.1793212890625,508.609619140625,1085.6795654296875,487.05670166015625,1156.4124755859375,512.146484375,1132.9228515625,510.1370544433594,1161.607421875,552.1910400390625,1120.223388671875,551.204833984375,1168.6859130859375,592.4721069335938,1117.400634765625,593.517822265625
1150.671142578125,432.9952697753906,1153.8070068359375,429.40740966796875,1147.0645751953125,429.2158203125,1157.78955078125,430.455810546875,1139.3125,430.15887451171875,1163.472900390625,450.36444091796875,1126.7486572265625,449.1038818359375,1162.469482421875,469.598876953125,1101.421630859375,469.46209716796875,1145.0250244140625,466.49237060546875,1081.161865234375,487.01287841796875,1152.765869140625,506.37982177734375,1128.3817138671875,505.0672302246094,1154.2298583984375,548.4114990234375,1117.6605224609375,545.4842529296875,1162.8096923828125,591.3062744140625,1122.4395751953125,587.277587890625
1143.40283203125,427.44952392578125,1146.8316650390625,423.85101318359375,1139.9827880859375,423.65045166015625,1152.489501953125,425.568115234375,1133.47021484375,425.1866455078125,1158.661865234375,447.8299560546875,1122.851806640625,444.9765625,1157.6300048828125,471.34918212890625,1100.4542236328125,463.6187438964844,1139.826416015625,478.7728271484375,1084.0740966796875,478.8797607421875,1148.042724609375,502.54241943359375,1124.3909912109375,500.6290283203125,1151.2874755859375,544.3333129882812,1117.066162109375,541.5614013671875,1158.5079345703125,585.3392333984375,1122.056884765625,582.6776123046875
1143.5279541015625,427.46710205078125,1146.941650390625,423.86224365234375,1140.093505859375,423.67352294921875,1152.536376953125,425.55999755859375,1133.541015625,425.20989990234375,1158.6939697265625,447.79144287109375,1122.8924560546875,444.9789733886719,1157.530517578125,471.29815673828125,1100.4871826171875,463.59808349609375,1139.391845703125,478.65338134765625,1084.158935546875,478.7626953125,1148.0673828125,502.5984191894531,1124.4212646484375,500.70306396484375,1151.2003173828125,544.4444580078125,1117.1060791015625,541.7001953125,1158.47509765625,585.3907470703125,1122.2486572265625,582.7666625976562
1133.878173828125,427.2900695800781,1137.77001953125,423.05938720703125,1130.8504638671875,422.9186096191406,1144.7340087890625,425.408935546875,1124.771728515625,425.11944580078125,1153.263671875,447.25836181640625,1116.10986328125,445.3636474609375,1157.3885498046875,468.93267822265625,1098.7589111328125,462.4986572265625,1140.8779296875,465.9381408691406,1095.99658203125,462.78314208984375,1144.6607666015625,500.3903503417969,1119.081787109375,499.11859130859375,1147.7266845703125,539.395263671875,1111.55517578125,538.1285400390625,1156.6031494140625,577.991943359375,1116.81689453125,575.7779541015625
1130.9659423828125,424.5321044921875,1134.730712890625,420.5355224609375,1127.782470703125,420.181396484375,1140.437744140625,422.70489501953125,1121.200927734375,421.6408996582031,1146.751708984375,442.7628479003906,1111.500244140625,440.4214782714844,1150.82177734375,463.70050048828125,1094.4727783203125,457.4389343261719,1140.423583984375,462.01507568359375,1094.7747802734375,459.2779541015625,1140.499267578125,493.32257080078125,1116.6768798828125,492.29547119140625,1144.1898193359375,532.4774169921875,1113.10009765625,531.4027099609375,1151.323486328125,572.989990234375,1118.3388671875,571.3167724609375
1128.813232421875,420.68096923828125,1132.2138671875,416.51513671875,1125.4901123046875,416.381591796875,1137.0435791015625,418.3981018066406,1119.0357666015625,417.8850402832031,1142.644287109375,439.9012451171875,1107.9227294921875,438.89630126953125,1148.6484375,464.6087951660156,1093.4981689453125,462.1590576171875,1144.187744140625,479.6377258300781,1096.68115234375,479.1468200683594,1137.304931640625,488.7289123535156,1114.3897705078125,488.6883544921875,1142.564697265625,529.719970703125,1112.2410888671875,529.5013427734375,1146.0489501953125,570.298583984375,1114.578125,569.6332397460938
1128.597900390625,419.04193115234375,1131.532958984375,415.5115966796875,1124.913330078125,415.3697509765625,1134.427978515625,417.0068664550781,1117.240966796875,416.4415283203125,1138.086181640625,436.7633056640625,1105.228515625,434.2165832519531,1139.9638671875,460.16015625,1088.2838134765625,452.48175048828125,1130.337646484375,468.72967529296875,1093.3572998046875,456.5012512207031,1128.23291015625,486.57110595703125,1106.9766845703125,485.8783264160156,1134.51611328125,527.9016723632812,1110.892578125,527.738037109375,1141.3321533203125,566.756591796875,1118.115478515625,568.3843994140625
1120.6981201171875,416.59466552734375,1125.7506103515625,412.62554931640625,1117.2684326171875,411.57080078125,1132.6806640625,416.0940856933594,1110.1953125,412.9891357421875,1136.29638671875,437.5485534667969,1099.46875,432.9476623535156,1138.4049072265625,460.41314697265625,1086.48828125,451.8853454589844,1125.4359130859375,459.7495422363281,1091.537353515625,455.0735778808594,1125.865966796875,486.57843017578125,1101.707763671875,484.6592102050781,1125.7384033203125,527.483154296875,1103.6903076171875,525.849853515625,1131.53515625,568.78955078125,1112.991943359375,566.5606079101562
1121.164794921875,416.67510986328125,1126.21240234375,412.73291015625,1117.7303466796875,411.61309814453125,1132.9483642578125,416.15032958984375,1110.51513671875,412.84002685546875,1136.3203125,437.3214111328125,1099.55078125,432.49932861328125,1138.42041015625,460.2115478515625,1086.6011962890625,451.42987060546875,1125.75537109375,459.9993896484375,1091.7166748046875,455.14892578125,1125.632080078125,485.8488464355469,1101.517578125,483.86517333984375,1125.754638671875,527.1459350585938,1103.8203125,525.482421875,1131.343017578125,568.6195068359375,1112.9114990234375,566.3914794921875
1121.820068359375,415.4482727050781,1125.260986328125,411.78485107421875,1117.724609375,411.37408447265625,1128.834228515625,413.6445007324219,1109.125244140625,412.20220947265625,1131.881103515625,434.1288757324219,1096.78369140625,430.71575927734375,1133.6912841796875,459.9515075683594,1081.2529296875,452.3509521484375,1122.214111328125,470.01898193359375,1090.6038818359375,460.6518859863281,1120.598388671875,482.0826416015625,1098.07861328125,480.99041748046875,1124.6151123046875,520.968994140625,1102.34228515625,520.2711791992188,1125.2178955078125,560.8038330078125,1108.362548828125,561.72802734375
1118.1268310546875,415.64117431640625,1120.62646484375,411.93511962890625,1114.230712890625,411.91357421875,1122.6317138671875,413.71893310546875,1105.789306640625,413.0197448730469,1125.46533203125,433.4161376953125,1093.3634033203125,431.5930480957031,1127.4019775390625,457.53802490234375,1076.58447265625,454.09625244140625,1120.05517578125,469.14385986328125,1087.397705078125,467.87255859375,1116.3101806640625,480.3651123046875,1095.6417236328125,480.10882568359375,1122.2281494140625,518.9880981445312,1100.5552978515625,518.9624633789062,1118.0972900390625,556.495361328125,1099.173828125,558.1903686523438
1109.66650390625,413.44281005859375,1112.582275390625,409.5119934082031,1105.626220703125,409.7911376953125,1116.666015625,411.2821044921875,1097.98193359375,411.41650390625,1120.502685546875,431.08111572265625,1086.6827392578125,432.06097412109375,1125.2149658203125,454.0782165527344,1071.8988037109375,457.31341552734375,1121.82958984375,462.6360168457031,1087.7364501953125,467.2665710449219,1113.441162109375,481.89520263671875,1091.9239501953125,482.97576904296875,1118.3216552734375,520.53173828125,1096.7532958984375,522.5414428710938,1104.408935546875,556.84130859375,1087.573486328125,560.9310302734375
1105.982177734375,415.63714599609375,1108.50732421875,411.6772155761719,1101.9791259765625,411.60540771484375,1110.232666015625,413.5894775390625,1093.5810546875,413.12310791015625,1113.4349365234375,433.73004150390625,1082.3544921875,433.3393249511719,1121.666259765625,456.30865478515625,1069.9417724609375,456.01910400390625,1124.580810546875,470.9636535644531,1076.8343505859375,472.069091796875,1110.040771484375,482.42791748046875,1090.362548828125,482.93682861328125,1110.0283203125,518.9188842773438,1091.355712890625,519.513427734375,1105.4649658203125,553.7667236328125,1088.9638671875,554.9871826171875
1101.1397705078125,417.04705810546875,1103.8253173828125,413.1248779296875,1097.275634765625,413.36346435546875,1107.55859375,414.8128967285156,1090.475830078125,414.91741943359375,1112.41162109375,435.1167297363281,1080.6639404296875,435.4537353515625,1120.935302734375,459.1859436035156,1067.5340576171875,460.32550048828125,1124.545166015625,479.3905029296875,1075.415283203125,478.187744140625,1105.901611328125,484.8642578125,1087.207275390625,485.34619140625,1106.1558837890625,521.1781005859375,1094.3155517578125,522.5725708007812,1088.0277099609375,553.8037109375,1086.65087890625,557.019287109375
1100.9539794921875,417.05670166015625,1103.6781005859375,413.1365966796875,1097.1746826171875,413.357666015625,1107.590087890625,414.74664306640625,1090.591552734375,414.840576171875,1112.5775146484375,434.91375732421875,1080.8154296875,435.1491394042969,1121.0396728515625,458.9696044921875,1067.564208984375,459.74700927734375,1124.4984130859375,479.07147216796875,1074.87255859375,477.0899963378906,1105.720703125,484.5684814453125,1087.03466796875,484.96417236328125,1105.7965087890625,521.15087890625,1094.0965576171875,522.475830078125,1087.861572265625,553.8453979492188,1086.716552734375,556.9970092773438
1097.5958251953125,415.8022155761719,1100.5712890625,411.96875,1093.6876220703125,412.16534423828125,1104.91552734375,413.565185546875,1087.0557861328125,413.7171936035156,1109.1280517578125,432.4690246582031,1078.192138671875,432.3531188964844,1121.2186279296875,453.81591796875,1064.1512451171875,453.1002502441406,1125.2861328125,469.44525146484375,1074.3994140625,461.0014343261719,1098.12255859375,479.0198974609375,1080.504150390625,479.13177490234375,1096.3741455078125,516.3256225585938,1090.1400146484375,517.5517578125,1079.5595703125,552.623046875,1085.7119140625,555.542724609375
1095.037109375,413.3916320800781,1097.511962890625,409.80926513671875,1092.0633544921875,409.76861572265625,1101.068603515625,411.0343017578125,1087.121826171875,410.7779846191406,1107.31201171875,429.5841979980469,1077.2208251953125,426.6793212890625,1119.89990234375,451.0701599121094,1060.649169921875,443.11297607421875,1127.1494140625,470.6401062011719,1059.74267578125,452.0100402832031,1093.95068359375,475.7242126464844,1076.63037109375,474.0890808105469,1091.1776123046875,515.468017578125,1080.923828125,514.1693725585938,1083.565673828125,553.3313598632812,1082.0345458984375,552.36279296875
1092.4786376953125,411.08428955078125,1094.5419921875,407.37554931640625,1089.166259765625,407.469482421875,1096.6163330078125,407.8418884277344,1082.9837646484375,407.93206787109375,1102.57958984375,424.99383544921875,1072.5726318359375,422.90679931640625,1117.60595703125,443.92694091796875,1055.1280517578125,436.57086181640625,1125.921630859375,463.95037841796875,1048.340576171875,444.8115234375,1089.722412109375,472.23944091796875,1072.47412109375,471.0808410644531,1086.809814453125,513.092041015625,1075.609130859375,512.6925048828125,1080.5284423828125,553.2967529296875,1076.095703125,554.16552734375
1085.52880859375,410.52117919921875,1088.4337158203125,407.2019348144531,1082.87060546875,406.70233154296875,1092.4730224609375,407.4031677246094,1077.641845703125,406.1903076171875,1098.40234375,423.0877990722656,1066.467041015625,420.34185791015625,1113.54833984375,439.60174560546875,1049.6375732421875,434.15118408203125,1121.9720458984375,454.969482421875,1041.7103271484375,446.47296142578125,1084.1630859375,468.2071838378906,1065.398193359375,466.7337646484375,1082.60546875,507.802490234375,1068.103271484375,506.5618896484375,1077.9945068359375,547.86865234375,1069.289306640625,547.5487670898438
1080.94580078125,411.27410888671875,1084.1207275390625,407.99072265625,1077.9423828125,407.4535217285156,1089.1103515625,407.6089782714844,1071.885498046875,406.1049499511719,1095.4683837890625,421.68804931640625,1061.1492919921875,418.75909423828125,1108.749267578125,435.566650390625,1044.6732177734375,432.5089416503906,1110.7197265625,437.3974914550781,1043.9306640625,441.67999267578125,1081.5096435546875,465.1595764160156,1060.60791015625,463.4909362792969,1079.9580078125,503.17266845703125,1061.654052734375,500.63433837890625,1075.83642578125,544.9557495117188,1062.6783447265625,542.2086181640625
1080.9488525390625,411.27056884765625,1084.1217041015625,407.98583984375,1077.9461669921875,407.4483947753906,1089.1083984375,407.60040283203125,1071.88623046875,406.09783935546875,1095.486083984375,421.69354248046875,1061.1524658203125,418.76373291015625,1108.810546875,435.5556335449219,1044.711669921875,432.4823913574219,1110.711669921875,437.40625,1043.98095703125,441.63958740234375,1081.542236328125,465.24249267578125,1060.6243896484375,463.5711364746094,1080.019775390625,503.25238037109375,1061.660888671875,500.7119140625,1075.949951171875,544.955810546875,1062.710693359375,542.2023315429688
1076.56005859375,410.067138671875,1079.671142578125,406.688232421875,1073.723876953125,406.27130126953125,1085.210693359375,405.7503662109375,1068.25244140625,404.6181335449219,1093.15966796875,420.5959167480469,1058.0093994140625,417.0301513671875,1106.85693359375,438.6290588378906,1041.829833984375,430.5274658203125,1110.8857421875,453.2339172363281,1040.658447265625,441.1965637207031,1080.169921875,463.56475830078125,1058.051025390625,461.5341796875,1079.768310546875,499.99786376953125,1053.3026123046875,497.80731201171875,1079.0716552734375,540.5340576171875,1053.27587890625,538.880126953125
1073.0101318359375,410.40325927734375,1076.261474609375,407.01763916015625,1070.1337890625,406.6522521972656,1082.427490234375,406.3990173339844,1065.0050048828125,405.36962890625,1090.3541259765625,421.2918701171875,1055.7291259765625,417.83062744140625,1103.06689453125,439.19677734375,1040.3978271484375,431.8841857910156,1105.8338623046875,452.9420166015625,1041.115966796875,443.33380126953125,1077.079833984375,462.20916748046875,1053.749267578125,459.9830017089844,1082.4556884765625,496.4065246582031,1044.31103515625,493.7231140136719,1084.3460693359375,537.754150390625,1037.2177734375,534.972412109375
1068.929443359375,409.19647216796875,1072.5838623046875,405.85693359375,1066.139404296875,405.2703552246094,1078.653076171875,406.77197265625,1060.8385009765625,405.29132080078125,1084.504150390625,424.099609375,1050.419189453125,420.4549255371094,1091.0306396484375,445.9479675292969,1037.3580322265625,437.9208068847656,1086.912353515625,455.4809875488281,1046.1312255859375,445.72796630859375,1071.165771484375,464.58575439453125,1046.590087890625,462.80084228515625,1079.308837890625,497.1070861816406,1032.2933349609375,494.9713439941406,1082.3055419921875,536.3031616210938,1023.4613037109375,534.1242065429688
1068.542236328125,408.96148681640625,1071.4615478515625,405.908935546875,1065.39697265625,405.57012939453125,1075.639404296875,406.9603271484375,1059.091064453125,405.6168212890625,1079.6866455078125,424.759033203125,1050.07421875,420.5245361328125,1084.7493896484375,444.44915771484375,1033.84228515625,436.65570068359375,1083.1177978515625,451.05633544921875,1035.1287841796875,446.66033935546875,1066.548583984375,468.2408752441406,1044.5557861328125,465.39361572265625,1077.64208984375,499.5156555175781,1027.5218505859375,495.29986572265625,1083.565673828125,534.8590087890625,1011.1964111328125,529.2736206054688
1066.982421875,408.14837646484375,1068.1793212890625,404.9993591308594,1064.7171630859375,404.8074951171875,1068.2119140625,406.061767578125,1059.68017578125,404.9863586425781,1072.3311767578125,422.1413269042969,1048.910400390625,418.0983581542969,1079.70947265625,441.22552490234375,1030.8785400390625,434.76959228515625,1081.87548828125,447.7588806152344,1027.8585205078125,448.78631591796875,1060.43359375,464.95855712890625,1041.520263671875,461.9642028808594,1074.8192138671875,497.6091613769531,1022.0948486328125,492.95135498046875,1082.6845703125,533.292236328125,997.7447509765625,526.5270385742188
1066.9200439453125,408.4225158691406,1068.3580322265625,405.2991943359375,1064.539794921875,405.0628662109375,1068.927490234375,406.36151123046875,1059.32568359375,405.20263671875,1073.192626953125,422.610107421875,1048.4873046875,418.294189453125,1080.03271484375,441.90167236328125,1030.5355224609375,434.82196044921875,1081.78955078125,448.50738525390625,1027.48583984375,448.8626708984375,1060.835205078125,465.22052001953125,1041.138916015625,462.0794677734375,1074.740478515625,497.7301025390625,1021.864013671875,492.8819580078125,1082.052734375,533.5891723632812,998.1195068359375,526.5687255859375
1059.1572265625,407.27606201171875,1062.066650390625,404.0477600097656,1056.08203125,403.41253662109375,1065.976806640625,404.6565856933594,1049.700927734375,402.60479736328125,1069.295166015625,422.1550598144531,1039.74755859375,416.22845458984375,1074.5509033203125,442.878662109375,1019.745849609375,431.05865478515625,1073.8355712890625,453.15704345703125,1018.4183349609375,444.76495361328125,1057.7130126953125,464.367919921875,1035.5728759765625,461.2533874511719,1068.271240234375,496.25274658203125,1015.3719482421875,491.8013916015625,1076.203369140625,532.9542846679688,998.8555908203125,527.1009521484375
1055.779296875,405.54205322265625,1058.2437744140625,402.2169189453125,1052.992919921875,401.7406311035156,1060.9091796875,402.663330078125,1046.1910400390625,401.13873291015625,1065.07958984375,419.66302490234375,1033.1602783203125,415.45196533203125,1070.52392578125,443.1037902832031,1014.61474609375,434.7232360839844,1067.924560546875,458.1054382324219,1019.1243896484375,450.80377197265625,1052.478271484375,461.020751953125,1028.7835693359375,459.0332336425781,1064.49072265625,491.91131591796875,1010.7130126953125,489.22479248046875,1076.254638671875,531.8952026367188,1001.5452880859375,528.9328002929688
1048.68505859375,401.09576416015625,1051.193115234375,397.718505859375,1045.7833251953125,397.34375,1054.2547607421875,397.96441650390625,1038.926513671875,396.67791748046875,1059.4298095703125,414.333251953125,1025.84130859375,410.8395080566406,1062.4844970703125,436.897216796875,1008.03125,430.1640930175781,1057.367431640625,445.39764404296875,1012.1788330078125,441.61627197265625,1048.981201171875,457.9954833984375,1024.1524658203125,456.3738098144531,1061.030029296875,488.802734375,1007.1959228515625,486.49737548828125,1071.426025390625,530.926513671875,997.9093017578125,528.424560546875
1045.622802734375,398.2822265625,1048.3140869140625,394.98388671875,1042.5714111328125,394.62664794921875,1051.6923828125,395.42718505859375,1035.539306640625,394.14788818359375,1056.864501953125,411.16192626953125,1022.1409912109375,408.45465087890625,1059.9052734375,432.74554443359375,1007.89111328125,427.82373046875,1055.5960693359375,440.68231201171875,1018.3159790039062,435.9197998046875,1046.5556640625,451.12567138671875,1020.7626342773438,450.07073974609375,1059.518798828125,482.32855224609375,1004.5526733398438,481.1705322265625,1067.921142578125,523.7674560546875,995.0590209960938,523.4156494140625
1041.5753173828125,397.3583984375,1046.09423828125,394.14892578125,1039.027587890625,392.6763610839844,1050.4112548828125,395.5463562011719,1032.863525390625,391.400634765625,1051.9747314453125,409.6732177734375,1017.8732299804688,404.6183166503906,1055.569091796875,432.7957763671875,1003.9241943359375,425.04608154296875,1052.227294921875,444.34820556640625,1008.4202880859375,439.6937255859375,1034.20068359375,446.081298828125,1009.5349731445312,444.1473083496094,1054.5977783203125,472.84075927734375,1004.9591674804688,471.7967529296875,1055.388427734375,516.31591796875,995.7320556640625,515.0894165039062
1041.5419921875,397.35125732421875,1046.05322265625,394.14404296875,1038.997314453125,392.669921875,1050.341796875,395.5408935546875,1032.8116455078125,391.39251708984375,1051.89892578125,409.6636047363281,1017.7637939453125,404.61529541015625,1055.5369873046875,432.7939453125,1003.7997436523438,425.0635986328125,1052.2861328125,444.349609375,1008.306884765625,439.70794677734375,1034.065185546875,446.1666259765625,1009.385986328125,444.23870849609375,1054.492431640625,472.8375244140625,1004.8489990234375,471.79962158203125,1055.246826171875,516.351806640625,995.5951538085938,515.140625
1034.56591796875,395.4945068359375,1037.5306396484375,392.0369873046875,1031.5125732421875,391.64849853515625,1042.18017578125,391.95391845703125,1024.634521484375,390.67034912109375,1048.23974609375,405.1484069824219,1012.1087036132812,403.44073486328125,1053.168701171875,424.2369689941406,995.8125,423.8068542480469,1051.56005859375,439.960205078125,993.5985717773438,446.7138977050781,1038.268310546875,435.92926025390625,1012.2691650390625,434.9729919433594,1048.0718994140625,471.98760986328125,997.5811767578125,470.6717834472656,1053.4276123046875,515.5802001953125,988.661865234375,515.04443359375
1031.20703125,395.1429748535156,1035.4114990234375,391.88214111328125,1028.638916015625,390.6794128417969,1040.0399169921875,392.85943603515625,1022.716796875,389.4529724121094,1044.259765625,406.148681640625,1008.647705078125,401.67987060546875,1048.3875732421875,427.1902770996094,991.84619140625,419.34381103515625,1045.150390625,439.36669921875,992.705078125,434.80517578125,1029.71728515625,441.5689697265625,1003.9718017578125,439.7340087890625,1046.836669921875,471.535400390625,992.403076171875,470.23431396484375,1050.665283203125,512.6123046875,983.0685424804688,511.14849853515625
1028.824951171875,397.44610595703125,1031.353759765625,394.250244140625,1026.3580322265625,393.7575988769531,1035.0963134765625,394.28033447265625,1020.4396362304688,392.9500732421875,1042.74072265625,408.1903076171875,1007.419921875,404.8514099121094,1048.4383544921875,429.41351318359375,987.77294921875,421.10357666015625,1042.0263671875,443.0010986328125,985.8858032226562,435.37744140625,1033.203857421875,440.003173828125,1006.1387329101562,438.46429443359375,1042.66796875,471.4847717285156,979.13037109375,469.7178039550781,1049.0101318359375,515.01318359375,963.0218505859375,513.6484375
1024.3931884765625,399.779052734375,1026.86865234375,396.37701416015625,1021.4620971679688,395.931884765625,1030.0992431640625,396.0724182128906,1014.45556640625,394.7933349609375,1037.153076171875,411.0720520019531,1001.3494873046875,407.340576171875,1043.054931640625,433.9503479003906,979.9686279296875,424.5865173339844,1036.211669921875,453.06378173828125,974.739501953125,445.1628112792969,1027.58544921875,443.731689453125,1000.2255249023438,442.010498046875,1040.62255859375,473.8962707519531,973.139404296875,471.75726318359375,1048.9151611328125,514.865478515625,956.5087280273438,513.0316162109375
1020.514404296875,402.01617431640625,1022.8592529296875,398.5912170410156,1017.8754272460938,398.25347900390625,1026.3551025390625,398.86669921875,1011.7481689453125,397.853271484375,1033.590087890625,415.7425231933594,998.958251953125,412.3232421875,1039.288818359375,440.67596435546875,977.2033081054688,432.1798095703125,1034.2197265625,462.990478515625,971.793701171875,455.9442138671875,1023.2686767578125,450.61761474609375,996.6024169921875,448.99639892578125,1039.2139892578125,476.46270751953125,969.65625,474.3556823730469,1049.1705322265625,513.718505859375,952.218017578125,511.6287841796875
1020.6031494140625,401.9591064453125,1022.9089965820312,398.53515625,1017.9847412109375,398.2144775390625,1026.3466796875,398.80511474609375,1011.8924560546875,397.83489990234375,1033.5609130859375,415.6339111328125,999.10546875,412.28302001953125,1039.220703125,440.54632568359375,977.2862548828125,432.1160888671875,1033.96728515625,462.7436828613281,971.851318359375,455.65185546875,1023.19677734375,450.5611572265625,996.6375732421875,448.97125244140625,1039.1336669921875,476.3814697265625,969.6812744140625,474.33892822265625,1049.1075439453125,513.7169799804688,952.1195068359375,511.7417907714844
1014.57861328125,406.3263244628906,1017.3015747070312,402.7342529296875,1011.9812622070312,402.481201171875,1022.3919067382812,402.45452880859375,1006.6097412109375,401.6668701171875,1029.7132568359375,418.8421630859375,995.3021850585938,415.7383117675781,1036.918212890625,441.9256896972656,973.433837890625,435.16650390625,1034.9810791015625,461.5528564453125,969.6927490234375,457.381103515625,1017.3543090820312,455.87420654296875,991.340576171875,454.18212890625,1033.2254638671875,478.4544982910156,966.718994140625,476.0157470703125,1043.2493896484375,516.9158935546875,950.7006225585938,514.1693115234375
1007.007568359375,409.33551025390625,1009.4240112304688,405.94488525390625,1004.2644653320312,406.03515625,1014.054931640625,405.76171875,998.48779296875,405.94464111328125,1023.092041015625,419.56121826171875,987.17431640625,419.6778259277344,1034.9423828125,437.33038330078125,967.8255615234375,438.8564453125,1033.1005859375,452.9188232421875,967.0288696289062,459.2315368652344,1013.7844848632812,454.039306640625,986.6363525390625,454.0250244140625,1031.6806640625,477.50994873046875,964.6375122070312,477.017578125,1044.6031494140625,512.0064086914062,951.119873046875,511.6495056152344
994.1107177734375,408.9516906738281,996.7113647460938,405.7797546386719,991.7048950195312,405.8185729980469,1002.4139404296875,406.40277099609375,987.1455078125,406.5123596191406,1012.365478515625,420.3173828125,977.416015625,421.5075988769531,1025.3038330078125,438.3055114746094,963.055908203125,443.0979309082031,1026.044677734375,453.0382080078125,967.05712890625,461.8127746582031,1007.5205078125,452.8519287109375,980.804931640625,453.66900634765625,1028.441650390625,477.68035888671875,961.8189697265625,478.1972351074219,1045.0731201171875,510.1392517089844,951.1957397460938,510.8323059082031
982.849853515625,406.74664306640625,985.3765869140625,402.97705078125,979.8018798828125,403.3072509765625,991.137451171875,402.8852233886719,975.139404296875,403.585205078125,1001.3706665039062,416.90203857421875,968.388916015625,417.69085693359375,1012.5313110351562,439.58233642578125,958.9161987304688,440.56939697265625,1012.2685546875,457.75225830078125,967.2559814453125,458.9856262207031,1000.9345092773438,447.9927062988281,975.495849609375,448.8485412597656,1020.8307495117188,474.802001953125,958.3233642578125,475.1600341796875,1039.4234619140625,513.8348388671875,951.31982421875,513.8265991210938
971.093505859375,406.595947265625,973.25244140625,402.87689208984375,968.44140625,403.4833984375,979.067138671875,402.071533203125,965.009521484375,403.563720703125,990.1759033203125,413.9856262207031,959.2315673828125,417.46295166015625,1003.9491577148438,434.57891845703125,952.7993774414062,441.58380126953125,1008.8525390625,453.6367492675781,958.394287109375,461.207275390625,992.995849609375,443.2629089355469,969.45361328125,445.52252197265625,1013.4486694335938,474.246826171875,956.7636108398438,476.6183166503906,1031.566162109375,510.66845703125,951.23095703125,513.8707885742188
971.0161743164062,406.5839538574219,973.18603515625,402.87164306640625,968.3873291015625,403.4520263671875,979.0310668945312,402.01898193359375,964.9839477539062,403.44708251953125,990.207763671875,413.93463134765625,959.1944580078125,417.23095703125,1003.9248046875,434.635009765625,952.754150390625,441.194091796875,1008.8089599609375,453.947021484375,958.2529296875,460.81103515625,993.109375,443.3497314453125,969.5213012695312,445.51885986328125,1013.45556640625,474.4009094238281,956.6643676757812,476.6719665527344,1031.6651611328125,510.7768249511719,951.2562255859375,513.8577880859375
960.7109375,401.285400390625,962.309814453125,397.5162353515625,957.7662963867188,398.64697265625,967.1358642578125,397.45306396484375,954.297607421875,400.1671142578125,977.6351318359375,409.75140380859375,949.7276000976562,416.0603942871094,992.9452514648438,427.5032043457031,948.257568359375,440.7873229980469,999.0628662109375,442.9519958496094,957.5166015625,457.345947265625,981.0684814453125,441.27880859375,960.125244140625,444.7987976074219,1001.6917724609375,467.91229248046875,954.6963500976562,471.91180419921875,1013.1737060546875,505.3343505859375,947.3362426757812,510.8132629394531
942.1803588867188,397.4343566894531,943.1596069335938,393.1190185546875,940.3616943359375,394.96942138671875,950.370849609375,392.194580078125,941.292724609375,396.726806640625,966.7806396484375,403.5641784667969,940.529541015625,412.87554931640625,983.9786376953125,422.44830322265625,942.6405029296875,438.87646484375,991.8330078125,446.27093505859375,951.389404296875,456.4517822265625,978.6399536132812,439.60076904296875,959.464599609375,444.3653869628906,993.1181030273438,471.147705078125,954.4396362304688,477.1981201171875,997.43408203125,503.90936279296875,946.2142333984375,511.905517578125
936.717041015625,396.5397033691406,938.9287719726562,391.3919677734375,932.6063232421875,392.94451904296875,945.000732421875,389.6864318847656,929.79345703125,393.8026428222656,956.5416259765625,403.3515625,932.6531982421875,408.8449401855469,968.2747192382812,425.2481689453125,935.52587890625,434.1319885253906,967.5875244140625,445.4083251953125,944.72412109375,450.65478515625,971.477294921875,442.830078125,955.9111328125,445.1234436035156,967.3114013671875,473.75732421875,951.7794799804688,475.21258544921875,975.5030517578125,517.5083618164062,963.1781616210938,518.2538452148438
930.5164794921875,391.2373046875,933.0056762695312,386.4308166503906,926.7947387695312,387.8953857421875,939.796630859375,385.5275573730469,924.6450805664062,389.5934143066406,952.8741455078125,400.23260498046875,927.0985107421875,405.83587646484375,969.3858032226562,417.7066955566406,928.8418579101562,427.07867431640625,971.2102661132812,431.4110412597656,935.178466796875,436.4652099609375,963.3389282226562,441.9388732910156,946.7816162109375,444.0599365234375,961.5560302734375,473.18438720703125,943.9766235351562,474.9085693359375,968.6812133789062,508.8143005371094,951.53369140625,509.89251708984375
0.0,0.0,0.0,0.0,0.0,0.0,0.0,0.0,0.0,0.0,0.0,0.0,0.0,0.0,0.0,0.0,0.0,0.0,0.0,0.0,0.0,0.0,0.0,0.0,0.0,0.0,0.0,0.0,0.0,0.0,0.0,0.0,0.0,0.0
0.0,0.0,0.0,0.0,0.0,0.0,0.0,0.0,0.0,0.0,0.0,0.0,0.0,0.0,0.0,0.0,0.0,0.0,0.0,0.0,0.0,0.0,0.0,0.0,0.0,0.0,0.0,0.0,0.0,0.0,0.0,0.0,0.0,0.0
0.0,0.0,0.0,0.0,0.0,0.0,0.0,0.0,0.0,0.0,0.0,0.0,0.0,0.0,0.0,0.0,0.0,0.0,0.0,0.0,0.0,0.0,0.0,0.0,0.0,0.0,0.0,0.0,0.0,0.0,0.0,0.0,0.0,0.0
0.0,0.0,0.0,0.0,0.0,0.0,0.0,0.0,0.0,0.0,0.0,0.0,0.0,0.0,0.0,0.0,0.0,0.0,0.0,0.0,0.0,0.0,0.0,0.0,0.0,0.0,0.0,0.0,0.0,0.0,0.0,0.0,0.0,0.0
0.0,0.0,0.0,0.0,0.0,0.0,0.0,0.0,0.0,0.0,0.0,0.0,0.0,0.0,0.0,0.0,0.0,0.0,0.0,0.0,0.0,0.0,0.0,0.0,0.0,0.0,0.0,0.0,0.0,0.0,0.0,0.0,0.0,0.0
909.1820068359375,352.27630615234375,909.7820434570312,348.90435791015625,906.0220947265625,349.3598327636719,908.7735595703125,352.7178955078125,900.6502075195312,353.0481262207031,912.3004150390625,368.3751525878906,893.8101806640625,368.53521728515625,918.704833984375,374.1444396972656,891.3939208984375,376.05096435546875,918.3887329101562,363.8725891113281,902.4146118164062,370.74432373046875,914.4697265625,414.7614440917969,903.6553344726562,415.3519287109375,919.1369018554688,457.30462646484375,921.2631225585938,457.23681640625,904.7777709960938,495.03472900390625,916.7921142578125,494.9661865234375
0.0,0.0,0.0,0.0,0.0,0.0,0.0,0.0,0.0,0.0,0.0,0.0,0.0,0.0,0.0,0.0,0.0,0.0,0.0,0.0,0.0,0.0,0.0,0.0,0.0,0.0,0.0,0.0,0.0,0.0,0.0,0.0,0.0,0.0
0.0,0.0,0.0,0.0,0.0,0.0,0.0,0.0,0.0,0.0,0.0,0.0,0.0,0.0,0.0,0.0,0.0,0.0,0.0,0.0,0.0,0.0,0.0,0.0,0.0,0.0,0.0,0.0,0.0,0.0,0.0,0.0,0.0,0.0
882.90966796875,343.34515380859375,884.2256469726562,339.633056640625,882.4918212890625,339.77496337890625,887.5889282226562,342.4221496582031,893.3479614257812,342.0818786621094,888.30029296875,360.3227233886719,899.2677001953125,357.9356689453125,868.3753662109375,370.97589111328125,887.2249145507812,367.3067626953125,859.6192016601562,356.02490234375,868.166748046875,356.39862060546875,898.333740234375,410.288330078125,906.9296264648438,409.06658935546875,899.7589111328125,450.9366760253906,910.9359741210938,448.84130859375,893.0679931640625,488.3214111328125,908.1124877929688,482.19549560546875
869.1966552734375,342.1484375,871.8157958984375,338.0841064453125,868.0758056640625,338.63812255859375,880.6824951171875,339.23150634765625,872.1728515625,340.4483642578125,889.28759765625,354.46441650390625,874.6851196289062,358.15020751953125,884.32275390625,368.4219970703125,864.714111328125,377.1224365234375,871.287353515625,355.90850830078125,859.0574951171875,368.14483642578125,900.312255859375,406.77789306640625,889.337646484375,408.488525390625,904.7091064453125,448.55670166015625,883.121337890625,450.8722229003906,909.0736083984375,485.5625,875.3590087890625,487.6185302734375
866.5991821289062,335.57574462890625,868.1011962890625,331.8088684082031,866.6063232421875,332.0577087402344,872.8452758789062,333.7482604980469,875.459228515625,334.0596923828125,878.3201904296875,349.3834533691406,876.8959350585938,349.90423583984375,869.459228515625,364.70635986328125,867.3116455078125,366.765380859375,864.5147094726562,353.362060546875,859.8492431640625,357.72442626953125,888.658203125,398.8211975097656,889.29443359375,399.2128601074219,887.3690185546875,441.4745178222656,894.06884765625,441.69805908203125,878.146728515625,480.5292663574219,892.38037109375,478.4856262207031
867.6897583007812,336.31622314453125,870.2098388671875,333.1681823730469,865.61865234375,332.8578796386719,875.4365234375,335.48052978515625,863.7352294921875,334.5833740234375,879.0546875,344.0000915527344,863.0524291992188,351.30902099609375,886.5430297851562,329.0950012207031,857.634521484375,368.6736145019531,882.6444091796875,290.5686950683594,853.779541015625,384.2916259765625,891.3572998046875,388.6124267578125,876.3978271484375,391.16412353515625,904.9418334960938,430.13946533203125,859.9730224609375,430.8961181640625,919.12109375,473.83740234375,839.33984375,472.485595703125
841.1292724609375,338.65521240234375,843.7130126953125,335.19818115234375,839.9617919921875,335.43194580078125,852.1814575195312,336.473388671875,843.487060546875,337.2026672363281,864.2080078125,347.07049560546875,847.8367919921875,354.9229736328125,876.0772705078125,350.9089050292969,850.2537841796875,375.14013671875,870.938232421875,343.97979736328125,843.4813842773438,385.5941162109375,885.6461791992188,388.5166015625,869.9346313476562,392.0193786621094,902.8489379882812,423.9965515136719,847.9985961914062,428.1942443847656,922.9151611328125,462.2084655761719,830.637451171875,466.92120361328125
841.276123046875,338.6507263183594,843.8651733398438,335.1932373046875,840.0765380859375,335.4318542480469,852.302490234375,336.490234375,843.5146484375,337.2303771972656,864.287109375,347.099609375,847.8160400390625,354.9645080566406,875.97802734375,350.7696533203125,850.177490234375,375.125244140625,870.7860107421875,343.6305847167969,843.4251708984375,385.654541015625,885.694580078125,388.55035400390625,869.8998413085938,392.051513671875,902.8778076171875,423.99945068359375,847.911376953125,428.1632995605469,922.9757080078125,462.2833557128906,830.5856323242188,466.91583251953125
0.0,0.0,0.0,0.0,0.0,0.0,0.0,0.0,0.0,0.0,0.0,0.0,0.0,0.0,0.0,0.0,0.0,0.0,0.0,0.0,0.0,0.0,0.0,0.0,0.0,0.0,0.0,0.0,0.0,0.0,0.0,0.0,0.0,0.0
0.0,0.0,0.0,0.0,0.0,0.0,0.0,0.0,0.0,0.0,0.0,0.0,0.0,0.0,0.0,0.0,0.0,0.0,0.0,0.0,0.0,0.0,0.0,0.0,0.0,0.0,0.0,0.0,0.0,0.0,0.0,0.0,0.0,0.0
0.0,0.0,0.0,0.0,0.0,0.0,0.0,0.0,0.0,0.0,0.0,0.0,0.0,0.0,0.0,0.0,0.0,0.0,0.0,0.0,0.0,0.0,0.0,0.0,0.0,0.0,0.0,0.0,0.0,0.0,0.0,0.0,0.0,0.0
0.0,0.0,0.0,0.0,0.0,0.0,0.0,0.0,0.0,0.0,0.0,0.0,0.0,0.0,0.0,0.0,0.0,0.0,0.0,0.0,0.0,0.0,0.0,0.0,0.0,0.0,0.0,0.0,0.0,0.0,0.0,0.0,0.0,0.0
0.0,0.0,0.0,0.0,0.0,0.0,0.0,0.0,0.0,0.0,0.0,0.0,0.0,0.0,0.0,0.0,0.0,0.0,0.0,0.0,0.0,0.0,0.0,0.0,0.0,0.0,0.0,0.0,0.0,0.0,0.0,0.0,0.0,0.0
0.0,0.0,0.0,0.0,0.0,0.0,0.0,0.0,0.0,0.0,0.0,0.0,0.0,0.0,0.0,0.0,0.0,0.0,0.0,0.0,0.0,0.0,0.0,0.0,0.0,0.0,0.0,0.0,0.0,0.0,0.0,0.0,0.0,0.0
0.0,0.0,0.0,0.0,0.0,0.0,0.0,0.0,0.0,0.0,0.0,0.0,0.0,0.0,0.0,0.0,0.0,0.0,0.0,0.0,0.0,0.0,0.0,0.0,0.0,0.0,0.0,0.0,0.0,0.0,0.0,0.0,0.0,0.0
791.6643676757812,384.5130615234375,793.083740234375,380.7205810546875,789.0899047851562,381.79901123046875,801.091064453125,378.96661376953125,791.5855712890625,381.0995178222656,821.058837890625,389.82110595703125,799.235107421875,392.646484375,837.9595947265625,408.3143005371094,802.372314453125,413.7943115234375,830.6156616210938,425.5379638671875,799.2870483398438,429.4917297363281,849.09375,413.43695068359375,829.5675659179688,414.377197265625,869.9620971679688,442.2519836425781,812.4595947265625,441.7904052734375,897.8802490234375,476.13336181640625,809.35546875,471.60223388671875
792.041748046875,387.0091552734375,793.7230224609375,383.20159912109375,789.1382446289062,384.1683654785156,801.9705810546875,381.99505615234375,789.38525390625,384.22442626953125,819.4231567382812,393.1707763671875,798.1171875,397.64923095703125,833.1007080078125,413.02978515625,801.7864379882812,421.82000732421875,824.5732421875,429.44451904296875,798.5736083984375,441.7491760253906,847.6173706054688,413.6629638671875,829.85546875,415.94158935546875,863.2451171875,443.381103515625,809.7166748046875,444.26483154296875,888.5194702148438,476.9384765625,810.6488037109375,474.86004638671875
791.9913330078125,387.6431579589844,794.2493896484375,383.679931640625,789.115478515625,384.6400146484375,802.9652709960938,381.8094177246094,790.021240234375,383.9438781738281,821.2644653320312,393.0565185546875,796.169189453125,396.66650390625,835.9710693359375,413.1294250488281,798.0125732421875,421.10186767578125,824.4578857421875,432.5184631347656,796.7041625976562,440.8487548828125,846.3685913085938,417.5116882324219,825.6834716796875,418.982666015625,862.169677734375,446.7248840332031,814.8121337890625,447.0455017089844,891.1484375,479.43048095703125,822.0126342773438,476.3028564453125
792.528564453125,385.52593994140625,794.6980590820312,381.8946533203125,789.5897827148438,382.5727844238281,802.594970703125,381.2079162597656,788.3659057617188,382.9492492675781,819.2360229492188,392.2928466796875,793.8668212890625,395.95208740234375,836.676025390625,409.98321533203125,796.79833984375,418.20819091796875,830.751220703125,424.7452697753906,796.8338012695312,438.0830383300781,840.3717041015625,414.5272521972656,820.125732421875,416.19769287109375,856.6268920898438,441.5211181640625,802.6030883789062,441.5360412597656,884.0155029296875,473.8072509765625,806.902099609375,470.92010498046875
792.499267578125,385.6079406738281,794.67578125,381.97412109375,789.5577392578125,382.6444091796875,802.5966796875,381.2803955078125,788.359619140625,382.9970397949219,819.203369140625,392.3946533203125,794.0010986328125,395.9664001464844,836.2062377929688,410.2379150390625,796.9238891601562,418.19183349609375,829.4371948242188,424.9367980957031,796.8505859375,438.019287109375,840.5574951171875,414.5975646972656,820.412841796875,416.2193603515625,856.7063598632812,441.5394287109375,802.8541259765625,441.49334716796875,883.981689453125,473.780029296875,807.1710205078125,470.79693603515625
0.0,0.0,0.0,0.0,0.0,0.0,0.0,0.0,0.0,0.0,0.0,0.0,0.0,0.0,0.0,0.0,0.0,0.0,0.0,0.0,0.0,0.0,0.0,0.0,0.0,0.0,0.0,0.0,0.0,0.0,0.0,0.0,0.0,0.0
0.0,0.0,0.0,0.0,0.0,0.0,0.0,0.0,0.0,0.0,0.0,0.0,0.0,0.0,0.0,0.0,0.0,0.0,0.0,0.0,0.0,0.0,0.0,0.0,0.0,0.0,0.0,0.0,0.0,0.0,0.0,0.0,0.0,0.0
0.0,0.0,0.0,0.0,0.0,0.0,0.0,0.0,0.0,0.0,0.0,0.0,0.0,0.0,0.0,0.0,0.0,0.0,0.0,0.0,0.0,0.0,0.0,0.0,0.0,0.0,0.0,0.0,0.0,0.0,0.0,0.0,0.0,0.0
0.0,0.0,0.0,0.0,0.0,0.0,0.0,0.0,0.0,0.0,0.0,0.0,0.0,0.0,0.0,0.0,0.0,0.0,0.0,0.0,0.0,0.0,0.0,0.0,0.0,0.0,0.0,0.0,0.0,0.0,0.0,0.0,0.0,0.0
0.0,0.0,0.0,0.0,0.0,0.0,0.0,0.0,0.0,0.0,0.0,0.0,0.0,0.0,0.0,0.0,0.0,0.0,0.0,0.0,0.0,0.0,0.0,0.0,0.0,0.0,0.0,0.0,0.0,0.0,0.0,0.0,0.0,0.0
0.0,0.0,0.0,0.0,0.0,0.0,0.0,0.0,0.0,0.0,0.0,0.0,0.0,0.0,0.0,0.0,0.0,0.0,0.0,0.0,0.0,0.0,0.0,0.0,0.0,0.0,0.0,0.0,0.0,0.0,0.0,0.0,0.0,0.0
0.0,0.0,0.0,0.0,0.0,0.0,0.0,0.0,0.0,0.0,0.0,0.0,0.0,0.0,0.0,0.0,0.0,0.0,0.0,0.0,0.0,0.0,0.0,0.0,0.0,0.0,0.0,0.0,0.0,0.0,0.0,0.0,0.0,0.0
0.0,0.0,0.0,0.0,0.0,0.0,0.0,0.0,0.0,0.0,0.0,0.0,0.0,0.0,0.0,0.0,0.0,0.0,0.0,0.0,0.0,0.0,0.0,0.0,0.0,0.0,0.0,0.0,0.0,0.0,0.0,0.0,0.0,0.0
820.5118408203125,374.637939453125,823.0391235351562,370.64306640625,817.453125,371.4580078125,828.28173828125,370.1197814941406,814.4298706054688,372.51263427734375,838.5554809570312,383.3475036621094,811.3185424804688,386.29327392578125,846.7918701171875,402.57049560546875,806.5299072265625,406.4876403808594,841.6209716796875,421.78997802734375,810.283203125,424.0716247558594,839.30078125,416.07806396484375,819.7939453125,417.17193603515625,848.5039672851562,443.51123046875,807.427490234375,444.5191650390625,852.99609375,476.6333312988281,802.5157470703125,477.3199768066406
818.8899536132812,372.8563232421875,821.5863037109375,368.685302734375,815.8536987304688,369.51617431640625,827.588134765625,367.9166259765625,812.9653930664062,370.42352294921875,838.4522705078125,381.5437316894531,810.4154663085938,384.52813720703125,846.411376953125,402.8670654296875,805.782470703125,406.5852355957031,839.542724609375,422.97705078125,809.5355224609375,424.95465087890625,838.9432373046875,416.5555419921875,818.7745361328125,417.5960693359375,848.3648681640625,444.0633544921875,806.5169677734375,445.04656982421875,853.3924560546875,479.3163757324219,802.2984008789062,479.8678894042969
814.2974853515625,368.6246337890625,817.2608642578125,364.4398498535156,811.57568359375,365.2418518066406,824.605224609375,363.7705993652344,809.5966186523438,366.3095703125,837.36669921875,377.6325988769531,808.9348754882812,380.7825927734375,847.1727905273438,398.6234130859375,805.7244873046875,402.39404296875,839.90869140625,417.9739990234375,808.805908203125,419.33001708984375,839.2650146484375,414.22943115234375,819.0506591796875,415.2025146484375,846.6771240234375,445.2166442871094,808.3602294921875,446.1387939453125,853.9720458984375,480.9201965332031,807.61376953125,481.09686279296875
814.425537109375,368.57470703125,817.4027709960938,364.3792419433594,811.6676025390625,365.18499755859375,824.720703125,363.72601318359375,809.6343994140625,366.2688903808594,837.40869140625,377.612548828125,808.9739990234375,380.7799072265625,847.2387084960938,398.54425048828125,805.8271484375,402.3723449707031,840.1459350585938,417.9185485839844,808.9615478515625,419.32586669921875,839.317626953125,414.18365478515625,819.1195068359375,415.16583251953125,846.6761474609375,445.0644836425781,808.5294189453125,445.99053955078125,853.9188232421875,480.80535888671875,807.8347778320312,480.996337890625
809.6898193359375,368.07781982421875,812.703369140625,363.7808532714844,806.9902954101562,364.6767578125,820.70654296875,362.7490234375,805.465576171875,365.5201416015625,834.2257690429688,376.17144775390625,806.5146484375,379.74951171875,844.75634765625,397.70306396484375,805.87255859375,402.3226318359375,837.6146850585938,418.1071472167969,809.4735107421875,419.7113037109375,838.5755615234375,413.3887023925781,818.7786254882812,414.5897216796875,846.39697265625,446.2751770019531,810.1654052734375,447.41424560546875,855.4407348632812,482.23516845703125,811.132080078125,482.3939208984375
808.233642578125,364.1519775390625,811.3932495117188,359.6439514160156,805.2025146484375,360.6550598144531,819.57177734375,358.9562072753906,803.2241821289062,362.0371398925781,832.894287109375,374.042236328125,804.5213012695312,378.03167724609375,843.262451171875,397.3861999511719,805.0130615234375,402.7513732910156,835.215576171875,419.3345031738281,809.1762084960938,421.531982421875,837.1541748046875,413.66302490234375,816.8067626953125,415.07806396484375,846.0892333984375,446.80029296875,808.9593505859375,448.159912109375,855.2919921875,484.69354248046875,810.0850830078125,485.0628662109375
801.84814453125,361.0002136230469,804.75439453125,356.99853515625,799.7633056640625,357.00531005859375,812.5197143554688,357.1263427734375,797.6171264648438,357.290771484375,825.9849243164062,372.9271545410156,796.6302490234375,374.3165588378906,841.1383666992188,397.94244384765625,797.2650146484375,401.55010986328125,839.90087890625,423.390380859375,801.6463623046875,422.9896240234375,833.948486328125,413.85400390625,813.2548828125,414.69921875,844.8627319335938,450.1945495605469,806.7189331054688,450.7023010253906,856.42236328125,490.39996337890625,809.5152587890625,489.91650390625
801.9239501953125,360.8133544921875,805.0771484375,356.3614196777344,798.7794189453125,356.9614562988281,811.546142578125,356.3387451171875,796.0046997070312,358.0815124511719,823.369873046875,372.73040771484375,794.9796142578125,375.8431091308594,835.52392578125,395.8582763671875,794.0205078125,401.085693359375,835.927734375,421.86669921875,798.2005615234375,423.9494934082031,830.4860229492188,412.76507568359375,811.011474609375,414.2861022949219,841.535400390625,452.545654296875,806.3846435546875,453.6484375,851.9990844726562,493.5894470214844,809.153076171875,493.8388366699219
799.762939453125,359.464111328125,803.258056640625,354.931640625,796.9886474609375,355.46868896484375,810.253662109375,354.9058837890625,794.904541015625,356.65228271484375,820.010009765625,372.04376220703125,795.8277587890625,375.0063171386719,829.349609375,397.40399169921875,795.58740234375,401.82415771484375,828.7640380859375,425.0987548828125,797.2366943359375,426.74249267578125,824.6925659179688,414.74169921875,807.7893676757812,415.99822998046875,838.27587890625,455.4337158203125,804.9046630859375,456.486572265625,851.984130859375,496.3369140625,809.2673950195312,496.40216064453125
