x0,y0,x1,y1,x2,y2,x3,y3,x4,y4,x5,y5,x6,y6,x7,y7,x8,y8,x9,y9,x10,y10,x11,y11,x12,y12,x13,y13,x14,y14,x15,y15,x16,y16
958.96728515625,372.53631591796875,960.332275390625,366.83514404296875,956.3413696289062,368.4751281738281,968.8756103515625,364.7412109375,957.6343994140625,369.01873779296875,982.35546875,381.02178955078125,967.4957275390625,384.53900146484375,982.63525390625,398.6038818359375,961.4019775390625,401.406982421875,962.460693359375,389.8111267089844,953.6453247070312,391.1104736328125,1000.94873046875,436.2080383300781,989.7408447265625,437.36572265625,998.3096923828125,484.50732421875,989.241455078125,484.8728942871094,1001.3223876953125,528.1722412109375,989.90966796875,526.5797729492188
968.6207885742188,364.786865234375,969.2547607421875,360.532958984375,964.3767700195312,362.47686767578125,973.292724609375,363.6711730957031,961.85400390625,367.6943664550781,986.972900390625,380.38165283203125,964.6272583007812,386.7254638671875,999.7725830078125,383.91265869140625,969.65087890625,393.9034423828125,994.4598388671875,371.78521728515625,977.8580932617188,378.4918212890625,1002.425048828125,435.21527099609375,987.2495727539062,438.2960205078125,998.11962890625,481.44140625,984.6607666015625,485.0314636230469,993.5648193359375,525.060302734375,980.45703125,529.5035400390625
966.0591430664062,364.80645751953125,967.2060546875,360.799560546875,962.4412841796875,362.548095703125,972.7281494140625,363.950439453125,962.4479370117188,367.8177795410156,987.264404296875,381.58233642578125,965.7457275390625,387.2427978515625,997.21240234375,384.2320861816406,971.1615600585938,391.8013916015625,990.2781372070312,369.2980041503906,976.5140380859375,371.87799072265625,1000.579833984375,436.78179931640625,985.8922119140625,439.4681396484375,995.9913330078125,482.59881591796875,982.2943115234375,486.0118408203125,992.8671875,525.3154296875,978.686279296875,529.3494873046875
974.639892578125,361.1212463378906,974.237548828125,356.8620300292969,969.8643798828125,359.035400390625,974.610595703125,360.921142578125,966.25732421875,365.4453125,987.30908203125,376.40887451171875,968.70703125,386.63714599609375,1012.0994873046875,349.389892578125,982.7215576171875,383.6436767578125,1032.2862548828125,307.55810546875,1003.83349609375,366.881591796875,999.6919555664062,435.84228515625,986.8870849609375,440.16046142578125,995.4000244140625,483.3567810058594,985.4558715820312,485.85400390625,990.182373046875,527.6697387695312,978.4517822265625,527.7125244140625
974.6751708984375,361.0207214355469,974.2535400390625,356.7243347167969,969.8524169921875,358.92645263671875,974.4971923828125,360.851806640625,966.172119140625,365.4676513671875,987.2508544921875,376.3443603515625,968.629150390625,386.7210388183594,1012.281005859375,347.81903076171875,983.6439208984375,382.3197021484375,1033.2364501953125,305.9035949707031,1005.51171875,364.81524658203125,999.70751953125,435.9012451171875,986.813232421875,440.2966003417969,995.329833984375,483.324462890625,985.3482055664062,485.94854736328125,990.0052490234375,527.5040283203125,978.5413818359375,527.7313232421875
972.2176513671875,361.379150390625,972.17333984375,357.50115966796875,967.5535888671875,359.322021484375,973.1943969726562,362.43267822265625,964.3471069335938,366.0705871582031,986.4263916015625,381.0943603515625,967.0841674804688,386.4319152832031,1003.8092651367188,372.64593505859375,983.4853515625,385.0917663574219,1007.3463134765625,345.7236633300781,999.85400390625,364.3871154785156,997.1666259765625,437.55255126953125,983.1353759765625,439.9031066894531,994.4166259765625,484.3905029296875,978.7084350585938,485.793701171875,991.55810546875,527.2012939453125,973.259765625,527.8749389648438
973.7173461914062,358.27301025390625,973.9796142578125,353.65325927734375,968.4019775390625,355.55133056640625,974.662353515625,359.00830078125,962.7032470703125,363.0595703125,986.1622924804688,376.94384765625,965.9359130859375,382.8633728027344,1005.1122436523438,353.79412841796875,986.9782104492188,366.6759338378906,1009.3167114257812,318.8717041015625,1003.0036010742188,331.56842041015625,995.3805541992188,433.9842224121094,979.8008422851562,436.6278991699219,998.3525390625,481.4914855957031,975.6485595703125,483.9176025390625,992.88916015625,523.7603149414062,969.793701171875,526.4917602539062
973.542236328125,359.9087219238281,974.69970703125,355.8507385253906,968.8441772460938,357.0971374511719,977.1343994140625,362.4189147949219,965.3897705078125,364.88037109375,988.65869140625,382.3362121582031,967.0812377929688,384.55364990234375,1002.2421875,358.27490234375,980.5489501953125,363.20001220703125,1002.5245361328125,323.7477111816406,993.0825805664062,331.06646728515625,995.7978515625,438.6836242675781,979.4111938476562,439.5023193359375,994.1551513671875,485.5348205566406,974.7772216796875,485.28973388671875,992.5718994140625,528.5548706054688,970.23681640625,526.317626953125
975.1822509765625,355.54046630859375,977.60546875,350.82513427734375,969.920654296875,352.15179443359375,982.5697631835938,355.80010986328125,964.6887817382812,358.64581298828125,990.4326171875,375.5533447265625,967.034912109375,378.3297119140625,995.623779296875,354.638427734375,972.0682983398438,359.4366455078125,988.6845703125,321.6510009765625,980.599853515625,329.136962890625,994.2863159179688,435.01715087890625,976.9791870117188,436.04815673828125,991.9465942382812,483.23699951171875,974.474609375,483.59814453125,991.1233520507812,527.2987670898438,969.9003295898438,526.298828125
977.847900390625,351.29681396484375,979.9707641601562,347.1707458496094,972.4610595703125,348.3763732910156,983.4482421875,353.51177978515625,966.5201416015625,356.1228332519531,992.61328125,375.4300231933594,966.1836547851562,377.80499267578125,998.62744140625,363.7788391113281,970.1651611328125,366.9925231933594,987.0089721679688,336.3033447265625,974.0084838867188,341.6651916503906,994.60107421875,435.0438232421875,975.578857421875,435.76544189453125,993.3150634765625,482.805419921875,972.9307250976562,482.93157958984375,991.574951171875,527.21533203125,968.8200073242188,526.129150390625
977.779052734375,351.17242431640625,979.9285888671875,347.02252197265625,972.35791015625,348.2362060546875,983.4425048828125,353.3502197265625,966.35546875,355.9954833984375,992.5775146484375,375.2395935058594,966.09375,377.7105712890625,998.6438598632812,363.6012268066406,969.9494018554688,367.0184326171875,986.7694702148438,336.15130615234375,973.54931640625,341.7325439453125,994.5703125,434.78173828125,975.51416015625,435.5360107421875,993.2279663085938,482.644775390625,972.802734375,482.82049560546875,991.6345825195312,527.1967163085938,968.8079833984375,526.1431884765625
989.5902099609375,349.8201599121094,990.9849243164062,345.96234130859375,985.4136962890625,346.3804931640625,991.176025390625,351.5873107910156,977.845458984375,351.69744873046875,996.1129150390625,373.39813232421875,970.3675537109375,371.5267333984375,1001.1417846679688,372.3721923828125,965.3215942382812,368.4849853515625,996.1927490234375,352.8263854980469,977.085205078125,353.3287353515625,993.9951782226562,431.92449951171875,976.0718994140625,431.1439208984375,992.0147094726562,480.19049072265625,974.1243896484375,478.376220703125,989.7110595703125,524.6008911132812,968.5307006835938,522.4547119140625
986.0531616210938,352.855712890625,986.9578857421875,349.0615539550781,982.1917724609375,349.00445556640625,985.1870727539062,353.8228759765625,974.6713256835938,352.72357177734375,990.0010986328125,373.8087158203125,968.208740234375,370.56207275390625,1001.966064453125,374.331298828125,973.677978515625,367.46270751953125,1004.6244506835938,354.27899169921875,987.2265014648438,348.03759765625,990.85400390625,431.3350830078125,975.403564453125,430.21380615234375,991.6051025390625,480.45440673828125,974.9236450195312,478.15570068359375,989.65087890625,525.6759643554688,969.2606201171875,522.9656982421875
989.1934814453125,353.82989501953125,989.439208984375,350.1755676269531,984.9706420898438,350.6158447265625,986.317138671875,355.4114685058594,975.729736328125,355.20941162109375,989.7210693359375,375.9842529296875,968.5421142578125,372.78265380859375,997.7515869140625,384.350830078125,968.8310546875,373.6236572265625,1001.2803955078125,368.7234191894531,984.75048828125,354.0531921386719,990.0379638671875,432.4276428222656,975.3367919921875,431.5655822753906,989.7064208984375,481.1683044433594,973.9030151367188,479.0106201171875,987.346923828125,526.1447143554688,969.0068359375,524.095458984375
991.680908203125,353.91888427734375,992.1324462890625,350.2369384765625,987.3814086914062,350.5919494628906,988.837890625,354.04681396484375,977.76806640625,353.8372802734375,991.1737060546875,374.23382568359375,970.5119018554688,371.51080322265625,998.7725830078125,388.58416748046875,974.1793212890625,377.33697509765625,1001.345947265625,378.211181640625,989.811767578125,359.05535888671875,990.1925048828125,431.53271484375,975.7919311523438,430.9725341796875,990.0633544921875,480.715576171875,973.0347900390625,479.5606384277344,988.85693359375,525.438232421875,968.8048095703125,525.63037109375
986.0099487304688,353.8510437011719,986.31396484375,350.0618896484375,982.2515869140625,350.23614501953125,982.6701049804688,353.41571044921875,975.2921142578125,353.0826416015625,985.26171875,372.322021484375,970.8535766601562,371.97662353515625,1000.837890625,381.042724609375,985.696044921875,380.44097900390625,1008.4068603515625,368.71112060546875,1002.2030029296875,366.9351806640625,986.0087890625,429.71600341796875,975.7120361328125,430.01141357421875,987.9625854492188,478.7348327636719,975.24853515625,478.858154296875,988.328369140625,523.165771484375,971.4954833984375,525.4483642578125
985.8917236328125,353.8446044921875,986.3382568359375,350.01861572265625,982.0838623046875,350.2277526855469,983.1927490234375,353.19329833984375,975.0487060546875,352.96282958984375,985.941162109375,372.24420166015625,970.41748046875,372.0361328125,1000.740478515625,381.80914306640625,983.77880859375,381.50677490234375,1006.8326416015625,369.8478698730469,1000.1568603515625,368.66485595703125,986.319091796875,429.9276123046875,975.3305053710938,430.2576599121094,988.0775756835938,478.9622802734375,974.8522338867188,479.146728515625,988.3724365234375,523.3814086914062,971.1861572265625,525.62646484375
987.5657958984375,356.7784423828125,988.5709228515625,352.5266418457031,983.566162109375,352.498291015625,983.479248046875,353.6522216796875,974.7322998046875,353.653564453125,984.65673828125,371.43841552734375,969.2305908203125,372.7094421386719,996.7984619140625,387.7481689453125,979.100341796875,392.297119140625,1000.224853515625,366.88214111328125,1002.7077026367188,369.521240234375,985.241943359375,430.40240478515625,974.7852783203125,431.45892333984375,987.9776611328125,478.964111328125,976.0369873046875,479.5589904785156,984.130126953125,524.1192626953125,970.5122680664062,526.5521240234375
984.741943359375,357.42425537109375,987.0928955078125,353.44915771484375,980.47021484375,353.755615234375,988.7960205078125,354.8148193359375,973.719482421875,355.24139404296875,991.6019287109375,373.5266418457031,969.4213256835938,374.2630920410156,1001.7303466796875,389.91143798828125,975.4898071289062,391.3995361328125,1007.5401611328125,384.8134460449219,994.3137817382812,382.9529113769531,988.264892578125,429.74737548828125,973.4112548828125,430.36810302734375,988.7685546875,476.8459167480469,973.1240844726562,477.47528076171875,988.6536865234375,521.8232421875,970.5748291015625,523.0813598632812
984.308349609375,357.67767333984375,986.48291015625,353.50250244140625,980.5230712890625,353.2030029296875,988.7904052734375,355.137939453125,972.702392578125,354.20367431640625,990.5009765625,373.79644775390625,965.1278076171875,373.84716796875,1002.3740844726562,391.2025451660156,967.3109130859375,395.25811767578125,1008.8479614257812,382.06640625,986.703857421875,384.4881591796875,988.715576171875,428.86700439453125,972.4478759765625,429.63330078125,989.3448486328125,477.2564697265625,973.4148559570312,478.0780029296875,987.2352294921875,521.8689575195312,969.927978515625,523.796875
983.4923095703125,356.9665832519531,986.4793701171875,353.3665466308594,979.7371215820312,353.5020751953125,990.6639404296875,355.44317626953125,973.494873046875,355.46453857421875,994.0720825195312,374.81488037109375,966.7584228515625,374.29595947265625,998.035888671875,395.4615783691406,957.0230712890625,393.14404296875,996.428466796875,396.6593017578125,961.7508544921875,393.2617492675781,988.5481567382812,428.74066162109375,970.9012451171875,428.6818542480469,988.351318359375,475.977294921875,970.6446533203125,475.94573974609375,990.5989990234375,520.9724731445312,970.1292114257812,521.9354248046875
982.54736328125,356.3782958984375,985.62060546875,352.58660888671875,978.9201049804688,352.6959228515625,989.5140380859375,354.51300048828125,973.06787109375,354.5623779296875,991.74560546875,373.7449035644531,966.55078125,374.1717224121094,991.3134155273438,394.29412841796875,957.6732177734375,395.75750732421875,984.8450317382812,397.55609130859375,963.2110595703125,403.480224609375,987.488037109375,428.0527038574219,970.9579467773438,428.4141540527344,988.082763671875,474.4391784667969,970.4505615234375,474.96807861328125,989.8181762695312,519.7957763671875,968.893798828125,521.529541015625
982.5708618164062,356.3550109863281,985.6356201171875,352.56951904296875,978.93115234375,352.684814453125,989.509765625,354.5007019042969,973.0506591796875,354.5628662109375,991.755126953125,373.65771484375,966.5419921875,374.1524963378906,991.556396484375,393.9476623535156,957.6292724609375,395.6126403808594,985.240966796875,396.99609375,963.0569458007812,403.304931640625,987.5238037109375,427.97418212890625,970.98583984375,428.36871337890625,988.108642578125,474.378173828125,970.4511108398438,474.9454345703125,989.8807373046875,519.8114013671875,968.8108520507812,521.6121826171875
982.2572021484375,356.280029296875,985.2500610351562,352.3310852050781,978.6810302734375,352.3935241699219,988.84765625,353.5888671875,972.4659423828125,353.52813720703125,991.275634765625,373.0604553222656,964.9498901367188,373.66143798828125,993.3887939453125,397.1833190917969,955.541015625,399.0009765625,990.59375,412.3262939453125,959.3870849609375,417.9890441894531,987.56640625,427.5004577636719,970.6490478515625,428.0550537109375,988.900634765625,473.4474792480469,969.986083984375,474.3660888671875,990.0821533203125,518.1531372070312,969.0338134765625,520.831298828125
980.4768676757812,355.4571533203125,983.69970703125,350.7990417480469,976.41748046875,350.9144287109375,987.63525390625,352.261474609375,969.6025390625,352.4134826660156,991.2916259765625,374.0215759277344,962.7828369140625,374.40863037109375,995.318603515625,402.69097900390625,955.7362060546875,403.27740478515625,994.1098022460938,425.9783020019531,960.3128662109375,427.2697448730469,989.67431640625,429.265380859375,971.2659912109375,429.7596130371094,992.8690795898438,474.98028564453125,971.0787353515625,475.26763916015625,992.3892822265625,519.3211669921875,970.1727294921875,519.7232055664062
981.9976806640625,352.8082275390625,985.150634765625,348.41815185546875,977.8985595703125,348.4129943847656,988.2298583984375,350.48895263671875,970.4813232421875,350.20135498046875,991.6612548828125,372.92291259765625,960.967529296875,373.10107421875,996.8776245117188,403.25830078125,952.6871337890625,403.8675537109375,996.7395629882812,428.274658203125,958.4144897460938,429.8681640625,988.135009765625,428.2374572753906,968.2619018554688,428.7951965332031,993.622314453125,472.54376220703125,966.8713989257812,472.86883544921875,995.2088623046875,516.4407958984375,966.4008178710938,517.0383911132812
979.9761962890625,353.7344970703125,983.4395141601562,349.4112854003906,976.2639770507812,349.2384338378906,987.5845947265625,351.366455078125,969.8626708984375,350.7373352050781,992.734130859375,373.3939208984375,960.89990234375,372.8883056640625,1000.988037109375,402.4010009765625,950.3325805664062,401.5622863769531,1003.0515747070312,428.83099365234375,951.743408203125,428.8974609375,988.8260498046875,427.2657470703125,968.1925048828125,427.38702392578125,994.840576171875,470.78314208984375,966.802490234375,470.86248779296875,997.8619995117188,513.54296875,967.1680297851562,513.517333984375
979.2081298828125,353.3543701171875,982.6314697265625,349.0084228515625,975.8126220703125,348.892822265625,987.51318359375,350.6254577636719,969.9911499023438,350.251708984375,993.884521484375,371.9440612792969,961.2390747070312,371.66070556640625,1004.6536865234375,400.2442932128906,948.522705078125,399.50140380859375,1008.554443359375,428.14337158203125,946.466796875,427.9647216796875,988.6131591796875,425.54437255859375,967.649169921875,425.5745849609375,993.9298095703125,469.4938659667969,965.5423583984375,469.4757385253906,998.12890625,512.7496948242188,966.30615234375,512.5250244140625
979.2178344726562,353.4117431640625,982.6318359375,349.0705261230469,975.8241577148438,348.9576416015625,987.5018920898438,350.6915588378906,969.9964599609375,350.32440185546875,993.8505249023438,371.9934997558594,961.2240600585938,371.7183837890625,1004.6431884765625,400.234619140625,948.5048217773438,399.51788330078125,1008.5740356445312,428.0343933105469,946.4489135742188,427.87982177734375,988.5509033203125,425.5284423828125,967.600830078125,425.564697265625,993.8549194335938,469.44708251953125,965.467529296875,469.43353271484375,998.080810546875,512.678466796875,966.2344970703125,512.4628295898438
979.49365234375,352.68133544921875,982.7935180664062,348.33758544921875,976.0260009765625,348.34820556640625,987.86767578125,349.92822265625,970.08203125,349.8745422363281,995.1112060546875,370.8855285644531,961.2020263671875,370.9888916015625,1008.5223999023438,397.321044921875,946.6827392578125,397.2483215332031,1014.8395385742188,423.3232727050781,942.6256103515625,423.5007019042969,989.7867431640625,424.81341552734375,968.1651611328125,424.977294921875,995.384765625,468.2075500488281,966.4161987304688,468.25006103515625,999.9303588867188,511.5627136230469,966.9640502929688,511.4198913574219
979.69189453125,351.37078857421875,982.8428955078125,347.5464782714844,976.4774169921875,347.46923828125,988.323974609375,348.0824890136719,971.1690673828125,347.9624328613281,996.8831176757812,368.2679443359375,961.1896362304688,369.029052734375,1010.4371337890625,390.351806640625,947.826171875,393.8160095214844,1021.3577270507812,414.5494384765625,940.1530151367188,421.1846923828125,991.60986328125,422.637939453125,968.962158203125,423.12481689453125,997.61962890625,466.0458068847656,965.773681640625,466.6392822265625,1001.1414184570312,510.89056396484375,967.3201904296875,512.0626831054688
980.1046142578125,351.8969421386719,983.2957763671875,348.08624267578125,976.9326782226562,347.9507141113281,988.8792724609375,348.4627685546875,971.7317504882812,348.2340087890625,997.8030395507812,368.2852478027344,961.843505859375,368.75537109375,1013.1031494140625,389.8558349609375,947.3857421875,392.4873962402344,1025.154052734375,414.53814697265625,938.6054077148438,418.516845703125,992.4614868164062,422.14678955078125,969.6494140625,422.4485778808594,998.1351928710938,465.145263671875,965.461669921875,465.64154052734375,1002.5576171875,509.6567687988281,966.85205078125,510.59912109375
980.5908203125,350.81854248046875,983.8824462890625,347.060546875,977.4442138671875,346.8618469238281,989.530517578125,347.76031494140625,972.3429565429688,347.3956604003906,998.2402954101562,368.14447021484375,962.4801025390625,368.2586669921875,1013.551025390625,390.41064453125,948.03369140625,392.0501708984375,1026.034423828125,415.23931884765625,938.3099365234375,417.32421875,992.362548828125,422.42218017578125,969.738037109375,422.50384521484375,997.2932739257812,465.1344909667969,965.24658203125,465.4602355957031,1001.8745727539062,508.62286376953125,966.7099609375,509.4903564453125
982.6514892578125,349.31304931640625,986.0092163085938,345.6271057128906,979.5723876953125,345.314208984375,991.6566162109375,346.74468994140625,974.5673217773438,346.0576171875,1000.0651245117188,368.23974609375,964.3431396484375,367.170166015625,1014.5157470703125,391.481689453125,949.0220947265625,390.1395263671875,1027.1590576171875,417.057861328125,938.8338623046875,414.3096923828125,993.0233154296875,423.3651123046875,970.481201171875,422.7937316894531,996.80517578125,466.5310363769531,965.2877197265625,466.16375732421875,1000.81396484375,509.7318420410156,966.4110717773438,509.86358642578125
982.5836791992188,349.26495361328125,985.9513549804688,345.5826110839844,979.5115966796875,345.26593017578125,991.611083984375,346.7037048339844,974.5321655273438,346.0149230957031,1000.0308837890625,368.1741027832031,964.344482421875,367.1098937988281,1014.4634399414062,391.4350891113281,949.17626953125,390.06768798828125,1027.1201171875,417.0550537109375,939.117431640625,414.0394592285156,992.986328125,423.2796630859375,970.4586181640625,422.70794677734375,996.6425170898438,466.42584228515625,965.1683349609375,466.07684326171875,1000.70751953125,509.576171875,966.3526611328125,509.72265625
983.4574584960938,350.63726806640625,986.9527587890625,346.96368408203125,980.5541381835938,346.62774658203125,993.2338256835938,348.03900146484375,976.2357788085938,347.3378601074219,1001.5694580078125,369.4540100097656,966.880859375,367.90093994140625,1015.2384033203125,392.74212646484375,951.50732421875,389.7831115722656,1027.555908203125,418.0140380859375,940.9874267578125,411.7240905761719,993.5260009765625,424.3543395996094,971.59326171875,423.41900634765625,996.7802734375,467.3265380859375,965.6694946289062,466.6160888671875,1001.0648193359375,510.63372802734375,966.3067016601562,510.3792724609375
985.8129272460938,350.72259521484375,989.2459716796875,347.07025146484375,982.9825439453125,346.76116943359375,995.3687744140625,348.2042541503906,978.862548828125,347.591552734375,1003.4395751953125,369.58734130859375,969.5264282226562,367.79071044921875,1015.37451171875,393.68487548828125,954.920654296875,389.4353942871094,1026.2490234375,418.82379150390625,944.6881103515625,409.33575439453125,994.2991333007812,424.43389892578125,972.6674194335938,423.3137512207031,997.3383178710938,467.5445556640625,965.9503784179688,466.76922607421875,1001.496337890625,510.7127380371094,965.9317016601562,510.55682373046875
987.523681640625,352.54864501953125,990.8908081054688,348.90643310546875,984.8060302734375,348.51617431640625,996.7904052734375,349.6463928222656,980.6390991210938,348.79730224609375,1004.4571533203125,370.5274658203125,970.9586181640625,368.3958435058594,1015.43359375,394.85772705078125,956.4559326171875,390.6334228515625,1025.064453125,420.2467346191406,946.6221923828125,413.0419006347656,994.414306640625,425.1891174316406,973.0057983398438,423.8497314453125,997.305908203125,468.7226257324219,966.0291137695312,467.50396728515625,1000.679931640625,511.29351806640625,965.3281860351562,510.4232177734375
989.8873901367188,354.0321350097656,992.9954833984375,350.44744873046875,987.2738037109375,350.102294921875,998.489501953125,350.93682861328125,983.171630859375,350.1201171875,1005.616943359375,371.11279296875,973.6575927734375,368.6890869140625,1014.7010498046875,395.17779541015625,959.03076171875,390.14678955078125,1021.5814819335938,419.7583923339844,949.154541015625,412.9654541015625,995.209716796875,423.8370666503906,974.7342529296875,422.2757263183594,997.3723754882812,466.70697021484375,966.8045654296875,465.16046142578125,1000.0585327148438,509.1461181640625,965.39111328125,508.1025390625
990.2100830078125,353.9295654296875,993.2760009765625,350.31329345703125,987.72607421875,350.00640869140625,999.001708984375,350.93975830078125,983.9174194335938,350.2581481933594,1006.5177001953125,371.45947265625,974.3505859375,368.9183349609375,1013.796142578125,396.8353271484375,959.9122314453125,390.4265441894531,1017.0355224609375,422.78851318359375,948.787109375,413.0721435546875,995.6467895507812,423.8536376953125,974.9331665039062,422.18890380859375,997.9840087890625,466.32806396484375,967.1220703125,464.8995666503906,999.3994140625,508.79083251953125,965.2739868164062,508.2898864746094
990.3473510742188,353.7442932128906,993.4246215820312,350.1351318359375,987.860107421875,349.815185546875,999.1323852539062,350.81097412109375,984.0272827148438,350.09454345703125,1006.5853271484375,371.42486572265625,974.400390625,368.8150634765625,1013.7177734375,396.884033203125,959.9287719726562,390.3560791015625,1016.9566040039062,422.8816223144531,948.7144775390625,413.1360168457031,995.6810302734375,423.80548095703125,974.955078125,422.10894775390625,997.9771728515625,466.27813720703125,967.0955200195312,464.8023681640625,999.4053955078125,508.7194519042969,965.3139038085938,508.15814208984375
988.7664794921875,350.4227294921875,992.795654296875,346.513916015625,986.2091674804688,345.8565368652344,999.164306640625,349.044189453125,981.7784423828125,347.2535705566406,1005.5885009765625,370.69134521484375,973.5672607421875,367.8987121582031,1014.97607421875,397.1142883300781,958.1767578125,391.45953369140625,1013.7374267578125,416.6231689453125,949.948974609375,412.79681396484375,994.42919921875,421.1954040527344,973.5335083007812,419.58990478515625,996.14404296875,463.41168212890625,965.181640625,462.1446533203125,1002.0071411132812,506.3694763183594,965.2017822265625,504.57183837890625
988.8944091796875,350.77276611328125,992.2847900390625,346.63397216796875,986.53173828125,346.28253173828125,998.4600219726562,348.1484069824219,982.043701171875,347.3224182128906,1005.6780395507812,369.1506042480469,973.9850463867188,367.2437438964844,1015.0269775390625,395.5436096191406,958.7103881835938,390.94873046875,1011.236083984375,417.17926025390625,949.687744140625,414.0623474121094,994.3958740234375,418.7723693847656,973.50341796875,417.4892578125,995.1546630859375,461.90777587890625,964.235595703125,460.90203857421875,999.865234375,505.07122802734375,963.4278564453125,503.4983825683594
987.7449951171875,350.27105712890625,990.94970703125,346.08709716796875,985.4317626953125,345.86688232421875,997.2060546875,347.25274658203125,981.2076416015625,346.837890625,1005.321533203125,367.7366943359375,973.3657836914062,366.32861328125,1015.05029296875,394.079345703125,958.3928833007812,390.2802429199219,1010.5230102539062,415.9410400390625,949.741455078125,413.2336120605469,994.4683227539062,417.87982177734375,973.2562255859375,416.7602233886719,995.0909423828125,461.19879150390625,962.246337890625,460.28070068359375,998.629150390625,504.0282897949219,959.4786987304688,502.6308288574219
987.0562744140625,350.09979248046875,990.008056640625,345.849365234375,984.6058959960938,345.787109375,995.7830200195312,346.6352844238281,980.275390625,346.6572265625,1003.8063354492188,366.36895751953125,972.661376953125,365.55426025390625,1013.2622680664062,392.4447326660156,958.08154296875,389.6795654296875,1009.4697265625,415.22491455078125,949.87353515625,413.3280029296875,994.2913818359375,416.3581237792969,973.499755859375,415.5362548828125,995.3124389648438,459.3658447265625,961.408935546875,458.6201477050781,997.653076171875,501.9401550292969,956.4932861328125,500.9024963378906
986.0152587890625,350.351318359375,989.0118408203125,346.0362854003906,983.4656982421875,346.05145263671875,994.845947265625,346.8326110839844,979.1508178710938,347.0941162109375,1003.1920166015625,366.80731201171875,971.531494140625,366.38970947265625,1012.8572998046875,393.0821533203125,957.143310546875,391.0294189453125,1009.28857421875,417.59295654296875,949.40185546875,416.1754150390625,993.7781982421875,417.34747314453125,972.5816650390625,416.6654052734375,995.579345703125,459.96343994140625,960.0269775390625,459.32891845703125,997.4652099609375,501.97772216796875,954.2003173828125,501.12384033203125
986.0143432617188,350.34149169921875,989.01416015625,346.0276184082031,983.46533203125,346.04473876953125,994.853759765625,346.82916259765625,979.157470703125,347.0960693359375,1003.223388671875,366.80584716796875,971.5087280273438,366.3974609375,1012.9129638671875,393.03802490234375,957.1129760742188,391.0059814453125,1009.2939453125,417.4080505371094,949.4476318359375,416.00775146484375,993.7755126953125,417.37060546875,972.543701171875,416.6920166015625,995.5984497070312,459.9822998046875,960.0162963867188,459.3511047363281,997.46533203125,501.985595703125,954.20556640625,501.1365966796875
985.121337890625,350.0614929199219,988.1724243164062,346.5299072265625,982.5257568359375,346.226318359375,993.9061889648438,347.7188415527344,978.1210327148438,347.0552978515625,1001.804443359375,368.2880859375,969.2125854492188,367.4248352050781,1009.7257690429688,392.39398193359375,957.4061279296875,391.3316345214844,1005.1051025390625,416.89398193359375,950.6884765625,419.6994323730469,993.7115478515625,419.9407653808594,972.0811767578125,419.05615234375,996.76904296875,460.33673095703125,962.3074951171875,459.50628662109375,998.6658935546875,502.2032775878906,958.7404174804688,501.91839599609375
982.8258056640625,355.0238037109375,985.968994140625,351.3924865722656,980.3414306640625,351.11077880859375,992.291748046875,351.8841247558594,976.442626953125,351.3082275390625,1000.70849609375,371.4627685546875,968.0203857421875,370.3970031738281,1007.4522705078125,395.39581298828125,956.930419921875,393.8662109375,1004.1491088867188,420.28570556640625,950.0740356445312,422.42572021484375,992.6319580078125,421.53265380859375,970.8220825195312,420.5301513671875,996.7830810546875,461.2117919921875,961.1507568359375,460.02752685546875,998.8040771484375,502.7984619140625,957.9135131835938,501.7445983886719
982.017822265625,357.5827331542969,985.1318359375,353.87567138671875,979.4108276367188,353.6536865234375,991.12109375,354.17559814453125,975.17041015625,353.67877197265625,998.991455078125,373.66571044921875,965.9500732421875,372.70782470703125,1004.42333984375,398.376708984375,955.0138549804688,397.27728271484375,1004.82470703125,425.14337158203125,948.2107543945312,428.0201110839844,991.1976928710938,422.83294677734375,969.0775146484375,422.04644775390625,997.0576171875,461.76593017578125,959.7474975585938,460.8013000488281,999.0548095703125,503.0603942871094,956.4619140625,502.5682373046875
979.9822998046875,358.37286376953125,983.1064453125,354.70367431640625,977.3359375,354.5155334472656,989.0264892578125,355.07647705078125,973.0592041015625,354.69085693359375,997.0357666015625,374.4066162109375,963.9097900390625,373.93310546875,1003.6072998046875,398.43597412109375,953.3995971679688,398.6137390136719,1005.17041015625,424.689697265625,947.8449096679688,428.86309814453125,989.638427734375,423.4020080566406,967.4779052734375,422.9134826660156,995.7779541015625,461.9404296875,958.5177001953125,461.3141784667969,999.4498291015625,503.39324951171875,956.5750732421875,503.2343444824219
979.7210693359375,355.8957824707031,982.664794921875,352.4674072265625,977.1187133789062,352.13629150390625,987.765625,352.95684814453125,972.3779296875,352.1492919921875,995.454833984375,371.60211181640625,962.3853149414062,370.781494140625,1004.01123046875,393.76861572265625,951.360595703125,394.37774658203125,1005.7086181640625,415.58856201171875,947.25341796875,422.9080810546875,987.960205078125,421.02459716796875,965.7947387695312,420.41754150390625,994.3342895507812,461.07940673828125,957.5540771484375,460.0820617675781,998.926025390625,502.73583984375,955.16748046875,501.87396240234375
979.7429809570312,355.91229248046875,982.6825561523438,352.4826965332031,977.1403198242188,352.14703369140625,987.7549438476562,352.9732666015625,972.379638671875,352.1514587402344,995.4315185546875,371.668212890625,962.3228759765625,370.80633544921875,1003.984130859375,393.87603759765625,951.2488403320312,394.40240478515625,1005.7010498046875,415.79510498046875,947.1469116210938,423.0323181152344,987.89306640625,421.14373779296875,965.69921875,420.5185546875,994.30224609375,461.1768493652344,957.448486328125,460.15374755859375,998.9136962890625,502.7943420410156,955.0838012695312,501.8978576660156
977.75146484375,350.29803466796875,980.7610473632812,346.8072509765625,974.6429443359375,346.5679626464844,985.7459716796875,347.80963134765625,969.2085571289062,347.19317626953125,994.1127319335938,367.7142333984375,959.6336669921875,366.97576904296875,1003.7425537109375,390.8380126953125,950.14501953125,392.29998779296875,1005.8834838867188,411.49993896484375,946.2637939453125,422.2867126464844,986.7177734375,418.61279296875,963.3627319335938,417.8895263671875,993.390625,460.43505859375,954.0642700195312,458.74066162109375,1000.102783203125,503.00677490234375,952.75,500.552001953125
975.818115234375,347.1410827636719,978.8946533203125,343.62255859375,972.45556640625,343.4422912597656,984.0919189453125,344.80865478515625,966.7777099609375,344.28814697265625,992.7581176757812,364.83660888671875,957.93603515625,363.9095764160156,1003.1903686523438,387.4500732421875,948.032470703125,388.4955139160156,1004.6204223632812,404.21746826171875,945.281982421875,414.72186279296875,985.583251953125,416.30108642578125,961.8193359375,415.35333251953125,991.5982666015625,458.43890380859375,951.3806762695312,456.2918701171875,999.0247192382812,502.40911865234375,949.2958984375,499.0274963378906
972.6487426757812,344.93072509765625,975.6485595703125,341.40606689453125,969.368896484375,341.21893310546875,980.9676513671875,342.71173095703125,963.9117431640625,342.1658630371094,990.3978271484375,363.43377685546875,955.305419921875,361.9718017578125,1002.1878662109375,386.04052734375,945.4613037109375,385.2091369628906,1002.442626953125,404.0225830078125,943.5311279296875,410.4393310546875,983.48876953125,415.7801513671875,959.2791137695312,414.4891357421875,990.0941162109375,458.1378173828125,947.9968872070312,455.6416015625,998.2249755859375,500.53204345703125,945.100830078125,496.6015625
970.3108520507812,344.56268310546875,973.3067626953125,340.918701171875,967.128662109375,340.8218994140625,978.4458618164062,342.55810546875,961.9711303710938,342.451416015625,988.0322265625,363.3051452636719,952.4761962890625,363.2923583984375,1000.1690673828125,385.316650390625,942.0185546875,387.5830078125,998.1941528320312,400.44744873046875,940.7293701171875,412.6907043457031,980.14453125,413.8233947753906,954.9073486328125,413.58880615234375,989.1378173828125,454.65411376953125,939.80908203125,453.223388671875,996.971435546875,497.6304931640625,936.0001220703125,494.8626708984375
969.2745361328125,351.4877014160156,972.203857421875,347.9264831542969,965.99072265625,347.8926086425781,977.4647827148438,348.88623046875,960.4777221679688,348.7575988769531,987.12841796875,368.260498046875,951.5718383789062,367.5643615722656,998.56396484375,390.4053955078125,939.9017333984375,391.00592041015625,996.4326171875,407.33636474609375,938.667724609375,414.57562255859375,978.9437255859375,418.19439697265625,953.1798095703125,416.9702453613281,988.7808837890625,458.1129150390625,935.982666015625,455.88592529296875,998.6599731445312,501.7894287109375,926.820556640625,498.0228271484375
969.2444458007812,351.3375549316406,972.1895751953125,347.78076171875,965.9661254882812,347.7380676269531,977.47021484375,348.77496337890625,960.467041015625,348.62786865234375,987.1121826171875,368.2041015625,951.56982421875,367.50726318359375,998.53173828125,390.3504638671875,939.9466552734375,390.9938049316406,996.4339599609375,407.38568115234375,938.6285400390625,414.7518310546875,978.9210205078125,418.120361328125,953.1690673828125,416.89263916015625,988.669189453125,458.04229736328125,935.8921508789062,455.81170654296875,998.6112060546875,501.54608154296875,926.8226318359375,497.77557373046875
966.3114624023438,356.21441650390625,969.118896484375,352.58709716796875,963.2938842773438,352.635498046875,974.3717651367188,353.16796875,958.2347412109375,353.2265625,984.4290161132812,371.3171081542969,948.9746704101562,371.13092041015625,995.1529541015625,393.00848388671875,937.922607421875,395.17742919921875,994.154052734375,411.27886962890625,938.9676513671875,420.53704833984375,976.4132080078125,420.62176513671875,950.046630859375,419.5783996582031,987.38037109375,461.0968322753906,930.1990356445312,459.04046630859375,998.845458984375,505.4065246582031,919.4195556640625,501.6854248046875
963.104736328125,363.8123779296875,966.2713623046875,360.07232666015625,959.44677734375,360.27740478515625,972.1787109375,360.92388916015625,953.9329833984375,361.3485107421875,981.9307861328125,379.89898681640625,946.2113037109375,379.6159973144531,990.4547119140625,404.21435546875,936.1085205078125,405.235107421875,988.8564453125,424.2485046386719,936.360595703125,430.7007751464844,973.9718627929688,425.8624267578125,946.7561645507812,424.58880615234375,987.4764404296875,463.748046875,923.8536376953125,461.4114074707031,999.3485107421875,507.4922790527344,909.9310302734375,503.3861389160156
962.0384521484375,372.8458557128906,965.1290283203125,369.38861083984375,958.9033203125,369.4727783203125,970.9600830078125,370.47314453125,954.2177124023438,370.68402099609375,980.4274291992188,388.7730712890625,945.6740112304688,388.3691711425781,987.2823486328125,413.3341064453125,934.628173828125,413.9326171875,983.6572265625,434.65093994140625,932.665283203125,440.1940612792969,971.9239501953125,431.4218444824219,944.834228515625,430.03253173828125,987.1690063476562,467.2001037597656,920.0533447265625,465.1181640625,998.4478759765625,508.47418212890625,902.6728515625,505.1396484375
959.6279296875,383.48419189453125,962.2237548828125,379.878662109375,956.2320556640625,380.0052795410156,966.5293579101562,381.01776123046875,950.223388671875,380.9925842285156,974.3084716796875,399.00238037109375,941.9381103515625,398.116455078125,980.5354614257812,422.739501953125,929.5572509765625,422.4881591796875,979.764892578125,443.1623840332031,925.1641845703125,447.7140197753906,969.0675659179688,437.5113525390625,943.2542724609375,436.13372802734375,986.218994140625,472.4248046875,918.8756103515625,470.0827331542969,1000.9007568359375,512.7449340820312,901.6773681640625,509.5271301269531
955.3880615234375,390.37176513671875,958.3785400390625,386.83233642578125,951.86328125,386.7337646484375,962.8309326171875,388.26611328125,945.5107421875,387.5649719238281,968.6826782226562,406.927734375,937.9227905273438,404.9978942871094,975.8355102539062,432.8995056152344,922.8832397460938,428.578857421875,975.088623046875,450.7041015625,921.69775390625,445.8974609375,965.59423828125,446.05230712890625,940.969970703125,444.6348876953125,984.2679443359375,474.6600036621094,918.1749267578125,472.6809997558594,1001.4195556640625,513.6163940429688,901.336669921875,511.0862731933594
955.3529663085938,390.477783203125,958.341064453125,386.9343566894531,951.8353271484375,386.8355712890625,962.802490234375,388.35400390625,945.4982299804688,387.65155029296875,968.68212890625,406.9840393066406,937.9222412109375,405.01849365234375,975.7938232421875,433.02410888671875,922.8557739257812,428.5659484863281,975.0144653320312,450.9395751953125,921.6549072265625,445.88897705078125,965.62548828125,445.9699401855469,940.992431640625,444.5360107421875,984.281982421875,474.62493896484375,918.1583251953125,472.62164306640625,1001.4266357421875,513.6402587890625,901.2861328125,511.0645751953125
952.0821533203125,394.3585510253906,954.7915649414062,390.8414611816406,948.8887939453125,390.5045471191406,957.439208984375,392.5425109863281,941.9745483398438,391.15179443359375,962.1992797851562,411.5684509277344,931.0391845703125,408.365478515625,965.3607177734375,440.6561279296875,917.6236572265625,433.6925354003906,960.49560546875,459.54925537109375,922.886474609375,449.7421875,957.6343994140625,450.8875732421875,932.213623046875,449.30804443359375,980.8309326171875,476.330078125,914.6764526367188,474.207763671875,1001.016845703125,516.0086059570312,903.8096923828125,513.2640380859375
937.904052734375,392.1969909667969,940.6446533203125,389.02972412109375,935.5350341796875,388.8183288574219,945.9574584960938,389.9989929199219,931.152099609375,389.5753173828125,954.851318359375,407.55914306640625,922.43359375,406.29266357421875,965.642578125,431.023193359375,905.83251953125,422.5220947265625,963.6893920898438,451.1888427734375,893.88720703125,434.0766906738281,953.671630859375,448.5409240722656,928.388916015625,448.80999755859375,975.7672119140625,478.65948486328125,907.304931640625,479.55712890625,1000.111328125,513.4561767578125,898.1383056640625,515.4918823242188
927.09912109375,385.6874084472656,930.4659423828125,382.8747253417969,925.007080078125,382.2924499511719,936.9378662109375,384.5343017578125,921.43017578125,383.0299072265625,944.764892578125,403.2847595214844,914.2388916015625,398.17694091796875,954.721435546875,428.0596923828125,895.4500122070312,404.2370910644531,951.1488037109375,445.3394775390625,885.4920043945312,399.5186462402344,944.2001953125,446.27154541015625,920.3302001953125,445.2808837890625,964.8363647460938,477.6800537109375,900.525390625,477.53167724609375,994.525634765625,512.1646728515625,896.6566772460938,513.5264892578125
920.794189453125,385.83135986328125,924.0623779296875,382.83941650390625,918.6060791015625,382.2082214355469,929.9010009765625,384.5495910644531,914.628662109375,382.6381530761719,934.6044921875,402.2659912109375,908.4186401367188,394.796630859375,938.77490234375,425.75555419921875,889.0648193359375,393.148193359375,932.4984741210938,445.60540771484375,880.8046875,385.93841552734375,936.1988525390625,440.35650634765625,915.2652587890625,438.5025329589844,955.5223388671875,472.03509521484375,899.3162841796875,471.0788269042969,983.8902587890625,508.21722412109375,896.8409423828125,509.608154296875
908.9168701171875,368.86724853515625,913.0845947265625,365.5701599121094,907.4501953125,364.6156311035156,918.183837890625,368.3947448730469,906.1748046875,366.63494873046875,921.006103515625,389.244873046875,899.9713134765625,387.41583251953125,926.3490600585938,415.31103515625,896.2359008789062,407.79144287109375,928.7684326171875,443.044189453125,893.4112548828125,426.45050048828125,922.1585083007812,436.3402404785156,904.8104248046875,436.125732421875,936.930908203125,470.27105712890625,890.972412109375,470.98077392578125,964.927001953125,504.8178405761719,893.5325927734375,507.5779724121094
908.7277221679688,368.8929443359375,912.893798828125,365.5880126953125,907.2825927734375,364.6374206542969,917.9804077148438,368.3960266113281,906.0862426757812,366.6587219238281,920.7513427734375,389.213623046875,899.961181640625,387.46405029296875,926.0517578125,415.2550048828125,896.345703125,407.93328857421875,928.49560546875,442.9477844238281,893.5015869140625,426.5675354003906,921.99365234375,436.371337890625,904.806640625,436.1853332519531,936.6807861328125,470.39251708984375,890.9038696289062,471.14923095703125,964.73974609375,504.9720153808594,893.5103759765625,507.7951354980469
905.2648315429688,365.145751953125,908.970458984375,362.05059814453125,904.137451171875,361.0622863769531,913.3050537109375,364.42291259765625,902.9051513671875,362.3875732421875,917.19921875,381.4537353515625,893.01611328125,379.98675537109375,919.373291015625,398.012939453125,883.65576171875,393.1787109375,914.3475341796875,412.28167724609375,875.7894287109375,404.3841247558594,915.291259765625,430.4495544433594,897.1503295898438,430.14422607421875,925.3244018554688,467.235107421875,890.1463623046875,468.3674011230469,942.9955444335938,503.581787109375,892.0111083984375,508.0616455078125
896.1388549804688,361.319091796875,898.980712890625,357.94830322265625,894.5816650390625,357.5552673339844,904.1776123046875,360.5115966796875,894.2297973632812,359.5343017578125,909.6974487304688,378.8716735839844,890.038330078125,377.39642333984375,909.1785278320312,401.0783386230469,883.4215087890625,394.86102294921875,898.8822021484375,418.924560546875,878.5526733398438,408.4880676269531,909.609375,427.4761047363281,895.0294189453125,426.9765625,909.91552734375,467.56121826171875,882.2898559570312,467.7587585449219,922.79931640625,506.36859130859375,882.2874755859375,507.5654296875
879.4535522460938,351.39349365234375,882.497802734375,347.2939453125,878.8262329101562,347.5484619140625,891.1180419921875,347.840576171875,880.510009765625,349.1098937988281,900.3949584960938,366.05816650390625,883.4556884765625,366.8855895996094,902.4830932617188,392.83172607421875,880.7647705078125,391.9205017089844,890.044189453125,410.14849853515625,875.8656005859375,408.1256103515625,898.110107421875,416.3426513671875,887.16943359375,415.702880859375,890.0751953125,456.7002868652344,878.4344482421875,456.0450439453125,893.6647338867188,500.33935546875,881.3525390625,498.5545349121094
876.9434814453125,352.7796630859375,879.6447143554688,348.91973876953125,876.8823852539062,348.45611572265625,885.9336547851562,349.8270263671875,878.80810546875,349.00274658203125,890.733154296875,367.62066650390625,881.488037109375,365.6955871582031,888.5526123046875,389.718017578125,878.5380249023438,384.7169494628906,876.6470947265625,392.5765380859375,870.5846557617188,388.36279296875,886.178466796875,415.35614013671875,880.438232421875,413.73809814453125,877.3079223632812,457.28338623046875,873.393310546875,456.1066589355469,882.4268798828125,502.4266357421875,876.82275390625,500.31689453125
874.19921875,350.34197998046875,877.2899169921875,346.9208679199219,873.098388671875,346.2373352050781,880.6360473632812,350.0673522949219,876.8040161132812,348.2442626953125,883.154296875,366.01129150390625,875.40234375,362.11895751953125,867.8326416015625,372.0576171875,863.2091064453125,365.55908203125,854.1802978515625,355.3713684082031,849.1767578125,355.0401611328125,886.6927490234375,421.51171875,881.1198120117188,418.85955810546875,862.341064453125,464.33184814453125,857.7130737304688,460.6203918457031,879.4392700195312,503.41326904296875,872.1220092773438,496.4473876953125
874.0350341796875,350.44873046875,877.1324462890625,347.0565185546875,873.0491943359375,346.3389587402344,880.5734252929688,350.1627502441406,877.0430908203125,348.26324462890625,883.1397705078125,366.0238952636719,875.5970458984375,362.0083923339844,867.7307739257812,372.060546875,863.2747802734375,365.26715087890625,854.0164794921875,355.46771240234375,848.9454345703125,354.715087890625,886.6302490234375,421.4372863769531,881.1864624023438,418.72808837890625,862.4668579101562,464.24444580078125,857.736328125,460.50201416015625,879.5089111328125,503.267578125,871.9817504882812,496.32318115234375
856.5921630859375,346.39837646484375,860.162109375,343.267822265625,857.8892822265625,342.46563720703125,867.1997680664062,347.64178466796875,870.4090576171875,346.11279296875,871.6119384765625,364.0372009277344,873.5216064453125,363.6400451660156,861.5091552734375,369.6136474609375,869.0594482421875,371.782958984375,851.29150390625,350.2864990234375,853.0779418945312,356.39727783203125,874.8822021484375,420.6980895996094,875.4537963867188,419.5749206542969,855.7880859375,462.01763916015625,851.931640625,461.4883117675781,878.0787963867188,498.83447265625,868.21533203125,497.3495178222656
865.2208251953125,343.6502685546875,866.58837890625,339.4915771484375,862.7239379882812,339.8453063964844,865.9059448242188,343.2019958496094,862.1438598632812,343.5692138671875,869.422119140625,360.0792236328125,858.34716796875,357.41644287109375,857.5994873046875,354.8231506347656,846.3502197265625,349.1564025878906,853.9942626953125,336.8731994628906,836.6270751953125,336.58367919921875,870.7904052734375,419.3139953613281,861.7868041992188,417.8271484375,857.936279296875,465.56329345703125,842.325439453125,462.0559387207031,883.5802001953125,503.27166748046875,860.93896484375,495.6270446777344
852.966064453125,345.74017333984375,855.7779541015625,341.45159912109375,852.5652465820312,341.3009033203125,860.9932250976562,344.8049621582031,858.2415161132812,344.2196044921875,863.7771606445312,360.3527526855469,856.79833984375,357.77801513671875,845.501220703125,349.8201599121094,841.06884765625,346.8441162109375,835.6517333984375,332.56414794921875,827.8043212890625,339.06103515625,863.97265625,419.261962890625,856.2291870117188,417.46246337890625,855.2803955078125,463.4317626953125,831.3846435546875,460.42767333984375,879.1204833984375,502.6073913574219,839.142578125,496.61090087890625
850.5899047851562,345.6705322265625,853.31591796875,342.1593017578125,847.7382202148438,341.70306396484375,856.7166137695312,344.41339111328125,844.9674682617188,342.8990783691406,859.9193115234375,357.5089111328125,839.7398681640625,355.9488525390625,865.0579833984375,339.326171875,818.1265869140625,347.8640441894531,865.25341796875,304.2586975097656,799.942138671875,342.7586669921875,858.045166015625,413.22528076171875,844.395263671875,411.7982482910156,855.480712890625,458.9993591308594,837.629150390625,455.2086181640625,868.8699951171875,501.57440185546875,838.8920288085938,494.5853576660156
851.691162109375,343.639404296875,852.9698486328125,339.6014709472656,848.24169921875,339.706787109375,852.168212890625,343.037109375,843.486083984375,342.9333801269531,854.5989990234375,356.917724609375,838.7993774414062,357.5741271972656,866.0269775390625,331.0732727050781,820.8828735351562,343.6770935058594,864.3223876953125,299.5248718261719,803.8485107421875,335.4831848144531,851.2752685546875,411.293212890625,840.8875732421875,411.05926513671875,851.9925537109375,456.88677978515625,839.8328247070312,455.33282470703125,870.820556640625,496.49017333984375,850.4939575195312,492.92645263671875
851.6456909179688,343.706787109375,852.9065551757812,339.6619873046875,848.1917724609375,339.7724609375,852.054931640625,343.0999450683594,843.4559326171875,343.0057678222656,854.4801635742188,356.972900390625,838.82177734375,357.6678466796875,865.823486328125,331.1900939941406,821.0051879882812,343.8883972167969,863.9864501953125,299.6419677734375,803.759521484375,335.73394775390625,851.2247314453125,411.3609619140625,840.9131469726562,411.1407165527344,851.9227294921875,456.93878173828125,839.7072143554688,455.4107666015625,870.82958984375,496.5108947753906,850.3408813476562,492.9941711425781
845.0611572265625,335.85101318359375,847.4871826171875,332.44586181640625,842.4722900390625,331.8055725097656,847.1548461914062,334.9031066894531,837.0357055664062,333.36907958984375,847.3328247070312,349.12371826171875,827.150146484375,351.4869384765625,862.3987426757812,326.8319396972656,805.9671020507812,346.0826721191406,867.87451171875,292.19561767578125,790.055419921875,349.13970947265625,843.8226928710938,410.0583801269531,832.9484252929688,411.3064270019531,837.7300415039062,454.4834289550781,842.9053344726562,453.9958190917969,853.3267822265625,489.33941650390625,859.7454833984375,487.4775390625
837.123779296875,335.0046691894531,840.1100463867188,331.4657287597656,834.6910400390625,330.5525817871094,838.733154296875,335.64727783203125,831.3579711914062,333.9203796386719,836.6160278320312,351.6936950683594,824.8178100585938,351.5758056640625,850.4300537109375,319.427490234375,829.5875244140625,324.09857177734375,863.6383056640625,287.7891845703125,830.665283203125,298.9733581542969,835.1861572265625,415.342529296875,826.698486328125,416.08154296875,835.521240234375,457.9961242675781,833.5880126953125,458.84210205078125,860.7039794921875,487.21142578125,853.753662109375,489.2574462890625
831.4432983398438,331.174560546875,834.112548828125,328.32183837890625,829.6627197265625,327.66790771484375,834.0118408203125,333.9530029296875,827.959716796875,332.746826171875,834.0957641601562,348.6187744140625,819.2740478515625,349.48638916015625,846.7402954101562,318.4073791503906,820.197509765625,326.24212646484375,857.0044555664062,286.21173095703125,822.4608764648438,301.5964050292969,829.959716796875,402.0337829589844,819.68212890625,402.8989562988281,830.4561767578125,444.77752685546875,826.01416015625,445.8565979003906,846.988037109375,477.38916015625,843.0072021484375,479.85736083984375
832.067626953125,328.3514709472656,835.3716430664062,325.562744140625,830.044921875,324.5137939453125,836.330322265625,330.4764099121094,825.2993774414062,328.24285888671875,833.782470703125,343.28350830078125,813.84423828125,344.4612731933594,844.0336303710938,321.82928466796875,804.098876953125,336.3262634277344,852.1224365234375,289.72564697265625,805.363525390625,327.22216796875,827.1765747070312,393.9375,814.2816162109375,394.81475830078125,826.8592529296875,435.0093994140625,821.5364990234375,435.9866638183594,837.8653564453125,469.7573547363281,832.7363891601562,472.9637451171875
0.0,0.0,0.0,0.0,0.0,0.0,0.0,0.0,0.0,0.0,0.0,0.0,0.0,0.0,0.0,0.0,0.0,0.0,0.0,0.0,0.0,0.0,0.0,0.0,0.0,0.0,0.0,0.0,0.0,0.0,0.0,0.0,0.0,0.0
0.0,0.0,0.0,0.0,0.0,0.0,0.0,0.0,0.0,0.0,0.0,0.0,0.0,0.0,0.0,0.0,0.0,0.0,0.0,0.0,0.0,0.0,0.0,0.0,0.0,0.0,0.0,0.0,0.0,0.0,0.0,0.0,0.0,0.0
0.0,0.0,0.0,0.0,0.0,0.0,0.0,0.0,0.0,0.0,0.0,0.0,0.0,0.0,0.0,0.0,0.0,0.0,0.0,0.0,0.0,0.0,0.0,0.0,0.0,0.0,0.0,0.0,0.0,0.0,0.0,0.0,0.0,0.0
800.4788818359375,311.5719909667969,803.4607543945312,307.74560546875,799.7657470703125,307.515380859375,811.7601928710938,310.43426513671875,801.0220947265625,309.8656005859375,820.97021484375,325.2113342285156,798.655029296875,321.513916015625,827.5618286132812,323.3919982910156,797.369873046875,312.18218994140625,817.682861328125,313.2182922363281,806.6969604492188,297.4692077636719,816.9790649414062,373.246337890625,801.9678955078125,371.36334228515625,817.6430053710938,419.077880859375,809.5105590820312,415.8793029785156,823.0936279296875,462.0966796875,820.7001342773438,457.16534423828125
840.9112548828125,302.1002502441406,842.259765625,299.006591796875,838.12890625,298.3376159667969,837.9476318359375,300.83099365234375,828.162109375,298.4359130859375,831.0730590820312,320.8060607910156,812.32177734375,307.5552978515625,817.872314453125,341.2059326171875,790.8250732421875,295.38507080078125,812.064453125,346.07330322265625,790.6114501953125,276.23040771484375,810.424072265625,368.83795166015625,798.4959716796875,363.8726806640625,813.5462036132812,417.30279541015625,805.3907470703125,410.30902099609375,819.48486328125,461.2949523925781,814.986328125,453.012451171875
829.0361328125,306.2519226074219,832.1497192382812,303.7685852050781,826.6920166015625,302.317626953125,832.6209716796875,306.947265625,820.2083129882812,302.8453674316406,825.98046875,320.9268493652344,806.9627685546875,310.3399353027344,807.170654296875,312.3981018066406,786.0913696289062,291.6130676269531,791.62939453125,275.59246826171875,773.9521484375,269.0289001464844,807.8770751953125,365.5269470214844,795.3499145507812,360.49822998046875,807.0472412109375,412.6065673828125,801.3892822265625,404.76885986328125,810.2657470703125,457.31536865234375,809.4856567382812,447.5907897949219
823.865966796875,306.8306579589844,827.0985107421875,303.9302062988281,821.13720703125,302.55621337890625,828.1710205078125,306.57940673828125,814.0535888671875,302.93975830078125,825.1510009765625,326.4482116699219,801.58203125,317.2460632324219,817.86083984375,351.3629150390625,786.0734252929688,332.60894775390625,805.3386840820312,355.60009765625,785.8709106445312,340.5308532714844,807.4736328125,370.1044921875,792.747802734375,365.51025390625,803.1905517578125,412.8403015136719,793.2513427734375,406.3166198730469,807.3444213867188,454.5729675292969,803.634765625,446.02056884765625
823.7598876953125,306.7225646972656,827.002685546875,303.8194580078125,821.0404052734375,302.45001220703125,828.1141357421875,306.4797668457031,814.000244140625,302.8592529296875,825.103515625,326.3584289550781,801.5934448242188,317.2161865234375,817.5909423828125,351.21063232421875,786.1503295898438,332.58416748046875,804.7486572265625,355.21026611328125,785.9578857421875,340.35968017578125,807.521240234375,370.1470947265625,792.8190307617188,365.5785827636719,803.146484375,412.93939208984375,793.2691650390625,406.4468078613281,807.3936767578125,454.5722351074219,803.7676391601562,446.033447265625
816.7158203125,311.86810302734375,820.0784912109375,309.2149963378906,815.6768188476562,307.84869384765625,823.1332397460938,312.43231201171875,811.7596435546875,308.9183044433594,821.504150390625,330.66217041015625,797.3853149414062,320.59173583984375,811.0204467773438,349.2153625488281,778.3966064453125,325.6688232421875,799.2503662109375,348.92034912109375,787.921875,320.6707763671875,802.173583984375,374.7659912109375,786.0135498046875,370.02337646484375,798.784912109375,418.0514831542969,785.290771484375,412.0331726074219,806.9998779296875,455.62091064453125,795.8699340820312,448.738525390625
815.430908203125,316.6552734375,817.861083984375,313.80108642578125,812.9149169921875,312.6863708496094,818.5872802734375,315.2408447265625,805.1826171875,311.9013977050781,819.662841796875,332.3614501953125,790.943359375,324.3294677734375,822.0884399414062,354.1060791015625,775.8065185546875,340.95556640625,813.9457397460938,353.8623046875,788.713134765625,350.126708984375,803.2271728515625,376.11474609375,784.8334350585938,371.98040771484375,797.3805541992188,419.3375244140625,781.138916015625,412.8055114746094,802.7791748046875,457.7064514160156,790.3983154296875,449.14324951171875
806.7108154296875,319.5496826171875,810.1730346679688,315.95306396484375,804.6741943359375,315.060791015625,815.6368408203125,317.37261962890625,798.797119140625,314.6175842285156,818.4131469726562,334.6653137207031,786.16357421875,330.705078125,826.9146728515625,353.73876953125,773.7132568359375,348.53387451171875,823.509033203125,345.518798828125,778.5347900390625,342.7673645019531,796.4395751953125,384.41766357421875,775.94091796875,382.4460754394531,792.6392211914062,427.30224609375,775.723388671875,426.2099304199219,792.7989501953125,469.0303955078125,777.360595703125,468.14410400390625
0.0,0.0,0.0,0.0,0.0,0.0,0.0,0.0,0.0,0.0,0.0,0.0,0.0,0.0,0.0,0.0,0.0,0.0,0.0,0.0,0.0,0.0,0.0,0.0,0.0,0.0,0.0,0.0,0.0,0.0,0.0,0.0,0.0,0.0
0.0,0.0,0.0,0.0,0.0,0.0,0.0,0.0,0.0,0.0,0.0,0.0,0.0,0.0,0.0,0.0,0.0,0.0,0.0,0.0,0.0,0.0,0.0,0.0,0.0,0.0,0.0,0.0,0.0,0.0,0.0,0.0,0.0,0.0
0.0,0.0,0.0,0.0,0.0,0.0,0.0,0.0,0.0,0.0,0.0,0.0,0.0,0.0,0.0,0.0,0.0,0.0,0.0,0.0,0.0,0.0,0.0,0.0,0.0,0.0,0.0,0.0,0.0,0.0,0.0,0.0,0.0,0.0
0.0,0.0,0.0,0.0,0.0,0.0,0.0,0.0,0.0,0.0,0.0,0.0,0.0,0.0,0.0,0.0,0.0,0.0,0.0,0.0,0.0,0.0,0.0,0.0,0.0,0.0,0.0,0.0,0.0,0.0,0.0,0.0,0.0,0.0
794.177734375,348.7050476074219,797.6414794921875,346.1637878417969,791.5307006835938,345.21868896484375,801.751220703125,348.1385498046875,785.5197143554688,345.8459167480469,806.2076416015625,362.91583251953125,774.7269287109375,359.70416259765625,816.4364013671875,373.0276794433594,760.033935546875,370.2684631347656,813.3436279296875,366.6881103515625,756.3250122070312,373.4989013671875,792.8677368164062,406.6663818359375,772.47265625,404.5455322265625,786.2596435546875,442.3801574707031,762.9257202148438,439.44854736328125,793.7255859375,475.9195861816406,767.630859375,472.5084228515625
799.0962524414062,345.89990234375,802.1654052734375,342.3048095703125,796.4219970703125,341.72723388671875,805.6083984375,344.0838623046875,790.52197265625,342.48699951171875,810.7320556640625,362.43975830078125,778.1328125,359.7931823730469,819.6695556640625,381.346435546875,762.7495727539062,376.79132080078125,816.558837890625,388.21075439453125,759.753173828125,385.7405090332031,795.4725952148438,406.0774841308594,773.7462158203125,404.679931640625,799.0786743164062,439.5755615234375,763.4343872070312,438.61236572265625,797.9281005859375,475.54241943359375,756.0835571289062,474.75030517578125
804.41015625,345.16558837890625,807.2125244140625,341.99078369140625,800.908203125,341.5673828125,809.2445068359375,343.8033447265625,792.637939453125,342.41845703125,811.4937744140625,361.3678894042969,780.233642578125,360.437255859375,821.4400634765625,373.9443054199219,765.8856201171875,380.0638732910156,823.958251953125,379.15179443359375,770.9478759765625,397.44500732421875,797.0736694335938,408.29705810546875,775.314208984375,407.21356201171875,800.61962890625,441.79486083984375,761.325927734375,440.18133544921875,806.860595703125,475.6341552734375,753.8720703125,474.13623046875
809.3350830078125,346.456787109375,811.9630737304688,343.26995849609375,806.0095825195312,342.86260986328125,814.4293212890625,343.91827392578125,798.44482421875,342.64190673828125,819.6659545898438,359.87933349609375,785.8431396484375,359.2370910644531,837.77197265625,372.71978759765625,771.0919189453125,379.53839111328125,851.656494140625,379.7197265625,773.800048828125,399.9931640625,805.0621948242188,406.61962890625,782.4036865234375,405.71173095703125,807.5950927734375,441.40264892578125,768.454345703125,439.08587646484375,813.1595458984375,477.809326171875,763.2944946289062,473.6685791015625
809.379638671875,346.4669189453125,812.002197265625,343.2646484375,806.0582275390625,342.87005615234375,814.4510498046875,343.87841796875,798.4954833984375,342.63983154296875,819.66455078125,359.8241271972656,785.8294677734375,359.26953125,837.6505737304688,372.76019287109375,771.1513671875,379.65673828125,851.5313720703125,380.064453125,773.7841796875,400.1578674316406,804.9964599609375,406.7350158691406,782.3280029296875,405.8824768066406,807.611083984375,441.67486572265625,768.4515380859375,439.4764709472656,813.1902465820312,478.1973876953125,763.3414306640625,474.30010986328125
814.3907470703125,346.3424072265625,816.6941528320312,342.9956970214844,811.0938720703125,342.8918151855469,819.016845703125,343.41326904296875,803.5288696289062,342.830322265625,824.059326171875,360.3641052246094,790.939697265625,358.8745422363281,836.817138671875,378.15936279296875,774.9508666992188,378.70037841796875,846.9334716796875,395.97125244140625,777.9124755859375,400.919677734375,807.955810546875,406.676025390625,785.525146484375,405.3955078125,811.4024658203125,441.1698303222656,771.5700073242188,438.92559814453125,815.5452880859375,475.29290771484375,765.0843505859375,472.045166015625
818.5093994140625,350.0243225097656,820.91064453125,346.90106201171875,815.6892700195312,346.38818359375,822.7239990234375,347.7170104980469,808.958251953125,346.1881103515625,826.0274047851562,364.4677734375,796.178466796875,362.265869140625,835.6241455078125,383.33447265625,780.0079345703125,384.04656982421875,842.1920166015625,397.98583984375,778.1310424804688,409.640625,811.6934814453125,408.0467529296875,792.1829223632812,406.62286376953125,813.2089233398438,442.44140625,781.8286743164062,439.7707214355469,816.1827392578125,476.7216796875,779.468505859375,472.8738098144531
817.3167114257812,353.8228454589844,820.1237182617188,350.64495849609375,814.58740234375,350.22979736328125,823.9649658203125,351.133056640625,809.0333862304688,350.07098388671875,829.4496459960938,367.419189453125,798.741943359375,365.53741455078125,838.6213989257812,386.97796630859375,784.2203369140625,386.2078857421875,842.108154296875,405.62103271484375,781.019775390625,409.8492736816406,816.9611206054688,409.1926574707031,796.9501953125,407.71063232421875,815.1681518554688,443.8245849609375,784.2196044921875,441.5823669433594,817.4837036132812,478.1155700683594,783.4195556640625,474.7797546386719
820.4951171875,359.2808837890625,823.3742065429688,355.9003601074219,817.568359375,355.67327880859375,827.3618774414062,357.78399658203125,811.75732421875,357.063720703125,832.16162109375,375.9720458984375,801.5205078125,374.39532470703125,840.4821166992188,397.70928955078125,785.8428955078125,394.2673645019531,842.8758544921875,418.32391357421875,782.033935546875,416.40374755859375,818.9807739257812,417.2178039550781,799.725341796875,416.33514404296875,815.985107421875,447.61151123046875,793.53759765625,447.12237548828125,812.4854736328125,478.60955810546875,789.3304443359375,478.19134521484375
821.735107421875,362.8941650390625,824.9564208984375,359.5425109863281,818.6656494140625,359.15899658203125,829.1817626953125,362.04083251953125,813.0517578125,360.86053466796875,833.2494506835938,380.59307861328125,802.8690185546875,378.55096435546875,841.627197265625,403.2126159667969,788.912841796875,399.2965393066406,841.2545166015625,422.65557861328125,786.1997680664062,420.4833984375,820.8319091796875,422.85369873046875,802.2344970703125,421.70733642578125,814.1764526367188,448.4704284667969,799.8554077148438,447.63201904296875,809.7125244140625,480.1819152832031,800.8780517578125,479.306396484375
821.7031860351562,362.90594482421875,824.9335327148438,359.5457763671875,818.62548828125,359.163818359375,829.1761474609375,362.035400390625,813.006103515625,360.8585205078125,833.2622680664062,380.593505859375,802.8348999023438,378.55987548828125,841.6646118164062,403.219970703125,788.917236328125,399.329833984375,841.282958984375,422.6083984375,786.2630615234375,420.45556640625,820.8741455078125,422.86212158203125,802.2489013671875,421.71685791015625,814.131103515625,448.41290283203125,799.7990112304688,447.57080078125,809.7222290039062,480.230712890625,800.9064331054688,479.3581237792969
827.50634765625,365.7386169433594,831.2635498046875,362.14215087890625,824.14697265625,361.5894470214844,836.2413330078125,364.46697998046875,817.5100708007812,362.61944580078125,838.894775390625,382.59356689453125,806.0977783203125,379.4698791503906,845.7215576171875,406.02337646484375,790.4500732421875,400.2472229003906,843.7255859375,424.1395263671875,787.5111083984375,421.4364013671875,824.8668823242188,425.3819274902344,804.8732299804688,423.9500427246094,818.5112915039062,456.69171142578125,806.347900390625,455.56781005859375,815.7749633789062,494.2310485839844,810.2294921875,493.12933349609375
828.4444580078125,364.96746826171875,832.2295532226562,361.26043701171875,825.1715698242188,360.7321472167969,837.2109375,363.580322265625,818.682373046875,361.8697814941406,840.3931884765625,382.35150146484375,807.7701416015625,379.6357727050781,847.0208740234375,406.60076904296875,793.6561889648438,401.36090087890625,843.197021484375,425.9925842285156,792.0873413085938,423.57806396484375,827.8478393554688,427.16778564453125,807.7018432617188,425.9560546875,824.24560546875,462.704345703125,811.5228271484375,461.7818298339844,823.0072021484375,500.5166015625,816.707763671875,499.470458984375
829.5964965820312,364.6702880859375,832.8689575195312,361.0049743652344,826.4404907226562,360.71441650390625,836.8163452148438,363.1652526855469,820.6642456054688,362.13037109375,839.9246826171875,381.58050537109375,811.6168212890625,379.9358825683594,847.32177734375,405.14630126953125,799.275390625,401.8787841796875,845.998046875,425.2335205078125,796.922607421875,424.0300598144531,831.0397338867188,427.17498779296875,813.7598876953125,426.4507141113281,828.1268920898438,463.2724609375,817.5240478515625,462.71148681640625,827.0304565429688,500.467529296875,821.8328247070312,499.8965148925781
832.3280639648438,363.3597106933594,835.9305419921875,359.74945068359375,829.0592651367188,359.2977294921875,841.15380859375,360.8873291015625,822.9818115234375,359.74591064453125,844.5159301757812,379.52777099609375,814.3643188476562,379.2170104980469,853.103759765625,403.01519775390625,804.3056030273438,404.8487548828125,851.4036865234375,422.49334716796875,803.5452880859375,431.626220703125,833.9791259765625,424.9122619628906,816.69091796875,425.00848388671875,831.7794189453125,462.88238525390625,824.008544921875,463.2485046386719,823.45947265625,499.3165283203125,828.858154296875,501.2701416015625
834.23046875,362.1712646484375,837.2266845703125,358.22540283203125,830.7882080078125,358.3128662109375,841.18359375,360.0984191894531,824.7562866210938,360.1881408691406,846.638427734375,380.36309814453125,815.96630859375,380.3233337402344,855.1129760742188,405.17327880859375,804.4334106445312,404.5172119140625,855.1905517578125,426.2989501953125,807.958740234375,426.5406494140625,840.783935546875,427.01763916015625,821.8349609375,427.2113342285156,839.7434692382812,463.1414794921875,825.7962646484375,463.6259765625,838.6314697265625,499.38934326171875,829.5499877929688,499.66455078125
834.27880859375,362.1903991699219,837.2686767578125,358.2415771484375,830.8353271484375,358.3288879394531,841.2064208984375,360.10302734375,824.7901611328125,360.1903381347656,846.6170654296875,380.35028076171875,815.9805908203125,380.3076171875,855.0932006835938,405.1455078125,804.4417724609375,404.4960021972656,855.2322998046875,426.2963562011719,807.9478759765625,426.5477600097656,840.7236328125,426.98455810546875,821.8090209960938,427.1798095703125,839.61669921875,463.14935302734375,825.810302734375,463.63604736328125,838.4405517578125,499.4662170410156,829.5400390625,499.7500305175781
837.4788818359375,365.041259765625,840.7236328125,361.08282470703125,833.9199829101562,360.97845458984375,845.1732177734375,363.0357971191406,827.4075927734375,362.58489990234375,850.62890625,382.2146301269531,818.092529296875,382.19207763671875,862.978759765625,406.2513427734375,808.108642578125,406.9146728515625,867.2369384765625,428.15069580078125,810.2261352539062,428.807861328125,845.2384033203125,430.79205322265625,824.4109497070312,431.1907653808594,851.9163818359375,463.04656982421875,827.7103271484375,463.44757080078125,854.0740356445312,500.09173583984375,830.15185546875,500.4981994628906
840.4583740234375,368.6988525390625,843.1697998046875,364.4232177734375,837.1845703125,364.7000427246094,846.9384765625,365.5318908691406,831.0599365234375,366.1247863769531,853.559326171875,384.9132385253906,822.0767822265625,386.22119140625,868.88427734375,406.04730224609375,809.870849609375,408.995361328125,877.5580444335938,427.9878845214844,808.6702880859375,430.5718994140625,848.80615234375,432.8339538574219,828.5064697265625,433.7020568847656,857.561279296875,468.6357421875,827.7518310546875,469.54412841796875,866.0328369140625,503.455078125,830.3585815429688,504.42218017578125
842.6163940429688,372.40386962890625,845.3792724609375,368.5492858886719,839.2967529296875,368.811279296875,849.83740234375,369.35736083984375,833.94189453125,370.0372009277344,857.658447265625,387.973876953125,824.960205078125,391.02081298828125,876.5245971679688,405.18438720703125,812.68310546875,416.60833740234375,884.7803955078125,417.360595703125,811.06201171875,443.76837158203125,849.1273193359375,438.97991943359375,827.0164794921875,440.7501220703125,868.3447265625,474.9467468261719,835.587890625,475.756591796875,878.9009399414062,515.3140258789062,838.734130859375,514.9761962890625
846.0009765625,383.2614440917969,848.1784057617188,378.51043701171875,841.644287109375,379.53338623046875,851.054443359375,378.54132080078125,834.0787353515625,380.9563293457031,857.1358642578125,395.77691650390625,823.6363525390625,399.89752197265625,876.923095703125,414.42431640625,812.1435546875,423.6539306640625,891.371826171875,430.83349609375,816.0780029296875,438.43707275390625,855.7838134765625,444.70880126953125,833.838134765625,447.3474426269531,870.349609375,474.66986083984375,834.19091796875,476.6869812011719,877.0248413085938,514.0147705078125,833.429931640625,516.9744262695312
843.094970703125,389.27960205078125,845.4598388671875,385.1325988769531,839.6694946289062,385.99652099609375,850.0629272460938,384.23431396484375,834.240478515625,386.7122802734375,860.0234985351562,398.46697998046875,826.110107421875,405.8215026855469,886.4697265625,406.79241943359375,814.8731689453125,427.994873046875,906.6827392578125,415.47357177734375,808.2647705078125,447.59136962890625,855.373046875,447.263916015625,831.9525146484375,450.73895263671875,873.7176513671875,480.57342529296875,831.2435302734375,484.23809814453125,890.1259765625,522.0709228515625,833.186279296875,526.6870727539062
843.3526611328125,388.3463134765625,845.9539794921875,384.2432861328125,839.9207763671875,385.048095703125,850.7835693359375,383.2447509765625,834.7769165039062,385.6041259765625,861.8428344726562,397.2825622558594,825.7958984375,404.64300537109375,885.4769897460938,407.0519714355469,818.2974853515625,427.15435791015625,906.1649780273438,415.1416015625,810.44921875,448.0240478515625,857.3362426757812,447.61834716796875,832.76123046875,451.2840270996094,873.2689819335938,479.921142578125,831.9449462890625,483.5574645996094,886.6741943359375,522.7459106445312,835.4423828125,527.0177001953125
842.5468139648438,394.89007568359375,845.958251953125,390.9236755371094,839.3275146484375,391.04754638671875,850.1685791015625,392.65765380859375,834.5267944335938,392.77484130859375,855.1141357421875,412.29248046875,829.3671875,412.3741455078125,859.037841796875,436.53466796875,817.9172973632812,435.1597900390625,860.15771484375,451.75970458984375,814.3341064453125,452.0987548828125,855.0655517578125,456.09649658203125,836.900390625,456.5514221191406,872.6588134765625,483.19140625,832.1361083984375,483.51739501953125,885.8701171875,525.2406005859375,833.0335693359375,525.10205078125
839.4032592773438,402.44952392578125,842.0350341796875,398.48297119140625,836.5827026367188,398.92645263671875,846.3424072265625,398.96173095703125,832.7423095703125,399.98004150390625,853.9048461914062,415.859375,830.09326171875,416.6746826171875,857.4136962890625,438.5074768066406,818.1311645507812,437.37213134765625,856.1170654296875,453.69622802734375,809.57373046875,453.77496337890625,857.2347412109375,457.7135925292969,840.3634033203125,458.28717041015625,871.06640625,486.56988525390625,832.3990478515625,486.838134765625,883.5477905273438,529.0567626953125,831.7618408203125,528.671142578125
838.2888793945312,412.0108642578125,840.622314453125,408.3258361816406,835.198486328125,409.08599853515625,846.7662353515625,408.2877502441406,830.8837280273438,410.3702087402344,855.9669799804688,422.72174072265625,826.2515869140625,429.35546875,867.9217529296875,437.25701904296875,813.7872314453125,452.7628173828125,861.5255126953125,445.85882568359375,801.7994384765625,471.8145446777344,859.7356567382812,467.1356506347656,839.1538696289062,470.48260498046875,872.6534423828125,495.15936279296875,832.0438842773438,499.4873046875,884.9789428710938,531.7186889648438,830.410400390625,539.0802001953125
834.38671875,421.4725341796875,836.5057983398438,417.86590576171875,831.1951904296875,418.8635559082031,842.919189453125,417.53704833984375,826.9656372070312,420.242431640625,854.083984375,429.24298095703125,823.1175537109375,439.904296875,875.3367919921875,432.99920654296875,810.9298095703125,465.7413330078125,883.3546142578125,426.58795166015625,801.760009765625,485.9306945800781,860.662109375,474.2286376953125,839.937744140625,479.233154296875,872.8092041015625,504.970458984375,834.5029907226562,509.85784912109375,883.0050659179688,542.8740234375,831.1224975585938,548.4639892578125
834.2722778320312,428.358642578125,836.3843994140625,424.640869140625,830.7870483398438,425.5263977050781,840.4539794921875,424.2441101074219,825.3451538085938,426.65679931640625,850.3592529296875,434.5350341796875,818.6851806640625,448.1688537597656,877.236572265625,430.4490966796875,806.8885498046875,475.7545166015625,895.97021484375,416.133544921875,794.2998046875,505.7643127441406,859.9078369140625,479.7060546875,837.9234619140625,486.362548828125,879.12255859375,513.7500610351562,835.3597412109375,519.8465576171875,892.0272216796875,552.6209106445312,830.8873901367188,558.9761352539062
834.1881103515625,428.30377197265625,836.317626953125,424.579833984375,830.7042846679688,425.47796630859375,840.5081787109375,424.14764404296875,825.3262939453125,426.6004638671875,850.5760498046875,434.41015625,818.732177734375,448.088134765625,877.5328369140625,430.2609558105469,806.9940185546875,475.68780517578125,896.24462890625,415.93389892578125,794.3475341796875,505.7436218261719,859.9925537109375,479.68634033203125,837.9098510742188,486.3409423828125,879.09423828125,513.670654296875,835.3222045898438,519.7459716796875,891.990478515625,552.5916748046875,830.99755859375,558.8739013671875
827.468017578125,440.95050048828125,828.2626953125,437.5725402832031,826.300048828125,437.0851135253906,829.6192626953125,438.0411376953125,831.2609252929688,435.94256591796875,832.498046875,452.04742431640625,836.1832275390625,447.745849609375,827.977783203125,467.42236328125,842.6065673828125,462.8314208984375,824.657470703125,472.9049072265625,834.9423828125,473.5566101074219,848.1340942382812,487.76666259765625,854.799560546875,485.880859375,840.461181640625,519.6348266601562,870.321533203125,516.2307739257812,835.689453125,558.3114013671875,894.0463256835938,552.104736328125
827.693115234375,449.20635986328125,829.6456298828125,445.14501953125,825.6113891601562,446.62115478515625,835.7066650390625,444.0705871582031,825.6436157226562,448.197021484375,843.0233154296875,452.0312805175781,825.0980224609375,467.63922119140625,867.9757080078125,446.0814208984375,809.8033447265625,493.965087890625,882.6194458007812,432.775634765625,799.076416015625,514.3025512695312,851.038330078125,485.5875549316406,838.144775390625,492.2214660644531,865.2526245117188,510.8013916015625,832.2303466796875,517.9174194335938,880.0615234375,545.0225830078125,826.54931640625,553.0991821289062
825.5744018554688,455.9952392578125,827.7728271484375,452.82708740234375,824.11865234375,453.41973876953125,834.9743041992188,453.5548095703125,824.6698608398438,455.75152587890625,845.610595703125,463.7800598144531,823.9271240234375,474.38555908203125,866.1815185546875,461.20245361328125,820.5767822265625,497.38153076171875,868.12353515625,452.0788879394531,820.874755859375,508.52874755859375,853.3958129882812,497.22271728515625,838.2614135742188,501.5243225097656,864.6937255859375,528.9185180664062,832.1197509765625,533.703857421875,878.57568359375,558.8472290039062,835.7335205078125,564.3677978515625
827.0738525390625,467.3557434082031,829.2595825195312,464.0250244140625,825.0624389648438,464.9742431640625,836.47021484375,462.2516784667969,823.0540771484375,465.06439208984375,848.177001953125,466.6300964355469,820.714599609375,480.29901123046875,870.2808837890625,463.91534423828125,818.9320068359375,504.65869140625,877.5001831054688,452.1702880859375,825.2828979492188,523.1630859375,857.1309814453125,499.77105712890625,838.1881713867188,506.71063232421875,868.3031616210938,527.532958984375,834.3301391601562,534.4216918945312,881.4109497070312,559.91357421875,835.7495727539062,566.9632568359375
829.3563232421875,464.6640930175781,831.5943603515625,461.4134521484375,826.2299194335938,462.40264892578125,837.5150146484375,461.4940185546875,822.366943359375,464.16986083984375,847.843017578125,469.53875732421875,820.029052734375,481.17437744140625,869.43310546875,469.0415954589844,818.6720581054688,504.15753173828125,879.0047607421875,457.05914306640625,826.4051513671875,519.6685180664062,856.3357543945312,501.92431640625,837.1842041015625,507.96551513671875,867.5700073242188,526.7713012695312,833.0948486328125,532.2376708984375,881.6599731445312,561.1276245117188,835.8770141601562,566.1401977539062
829.322265625,464.76434326171875,831.571533203125,461.51458740234375,826.185302734375,462.49249267578125,837.5418701171875,461.62646484375,822.3455200195312,464.255126953125,847.911865234375,469.8763427734375,820.104248046875,481.15777587890625,869.1033325195312,470.05584716796875,818.6849365234375,503.9986572265625,878.0860595703125,458.5374755859375,826.5517578125,519.1884155273438,856.415283203125,502.1593322753906,837.2847290039062,508.0192565917969,867.3421630859375,526.880615234375,833.07470703125,532.1495971679688,881.1304931640625,561.228759765625,835.823486328125,566.0392456054688
833.2871704101562,467.47265625,835.5228271484375,464.0654296875,829.7195434570312,464.905029296875,840.7734375,464.4971008300781,824.9779052734375,466.5720520019531,850.94921875,476.7130126953125,821.3204345703125,481.90496826171875,865.5091552734375,493.52496337890625,820.8352661132812,503.9792175292969,865.819580078125,503.490478515625,832.39111328125,514.1608276367188,855.781005859375,503.7688293457031,835.307373046875,506.92236328125,866.3927001953125,524.5390625,830.62255859375,528.186279296875,876.3148193359375,558.8179931640625,834.4429931640625,563.8535766601562
837.5923461914062,461.6913757324219,839.6746215820312,458.32415771484375,834.12353515625,459.0379943847656,844.2281494140625,459.4736022949219,829.415771484375,461.1424560546875,853.864990234375,473.8069152832031,824.7760009765625,477.3726806640625,867.4744873046875,493.517333984375,823.7974853515625,499.9267272949219,869.642822265625,509.81158447265625,834.8765258789062,513.3766479492188,856.6609497070312,502.97393798828125,836.7628784179688,505.2739562988281,866.6640014648438,527.0958251953125,832.9290771484375,529.864013671875,873.804443359375,559.9967041015625,835.3292236328125,563.9869995117188
844.04931640625,456.08331298828125,846.771484375,452.4139404296875,840.103271484375,452.916259765625,851.864990234375,453.8658447265625,834.1591186523438,454.8662109375,859.6322021484375,470.0622253417969,828.8028564453125,472.380859375,870.4495239257812,492.31304931640625,826.714111328125,496.24725341796875,871.6722412109375,509.8385009765625,841.4534912109375,509.9122009277344,861.387939453125,501.0244445800781,839.8724365234375,502.84197998046875,870.8826904296875,523.539306640625,833.0369873046875,525.8599853515625,877.306640625,558.8426513671875,833.9508056640625,562.4998168945312
851.197021484375,446.6087646484375,853.475341796875,442.95855712890625,848.5604248046875,443.1707763671875,856.9061279296875,444.38665771484375,843.9932861328125,444.54766845703125,861.5304565429688,461.0274353027344,837.21630859375,462.17645263671875,868.4986572265625,485.4320068359375,831.271484375,486.90277099609375,867.0655517578125,504.6370849609375,842.32177734375,501.123291015625,862.4547119140625,495.95819091796875,843.781494140625,496.917236328125,879.3377685546875,520.5574340820312,837.9061889648438,522.1068115234375,890.4622192382812,557.1688232421875,832.98681640625,560.426025390625
856.0640869140625,439.3691711425781,859.3271484375,435.6546936035156,852.977783203125,435.5671691894531,864.0250244140625,437.1336364746094,847.7953491210938,436.94232177734375,871.1932983398438,454.14849853515625,838.77392578125,454.48046875,879.1891479492188,477.3216552734375,831.824462890625,478.4608154296875,873.84033203125,492.3675842285156,839.8339233398438,493.2347412109375,867.6153564453125,493.41363525390625,844.4931640625,493.919677734375,884.81787109375,519.1146240234375,835.45849609375,519.4751586914062,892.0662841796875,557.5147094726562,832.8869018554688,557.8236694335938
856.083740234375,439.3808898925781,859.3309936523438,435.657958984375,852.9776000976562,435.58477783203125,864.0130615234375,437.1493835449219,847.77490234375,436.997314453125,871.224853515625,454.2182922363281,838.8231201171875,454.5802001953125,879.2279052734375,477.4595947265625,831.822998046875,478.60540771484375,873.85595703125,492.5098876953125,839.70166015625,493.36163330078125,867.6762084960938,493.5980224609375,844.5917358398438,494.1138610839844,884.833251953125,518.8467407226562,835.7178955078125,519.2168579101562,891.6732788085938,557.4520263671875,832.9132080078125,557.7745361328125
862.848876953125,431.04803466796875,865.06982421875,427.5654296875,859.5741577148438,427.6885986328125,868.2295532226562,428.78173828125,852.8215942382812,428.73095703125,874.14501953125,446.772705078125,841.6470336914062,447.6358337402344,881.545166015625,470.25823974609375,832.1248168945312,472.2066650390625,878.593505859375,490.14898681640625,843.4212646484375,493.6622314453125,870.3004760742188,488.74322509765625,847.088623046875,490.04473876953125,884.9288330078125,519.414794921875,839.127197265625,521.2421264648438,890.2205200195312,557.0604858398438,833.6035766601562,561.1803588867188
868.5972900390625,423.9187316894531,871.377197265625,420.20782470703125,865.1757202148438,420.4439392089844,875.504638671875,420.9091796875,858.5318603515625,421.2342529296875,882.4664306640625,437.75762939453125,846.9356689453125,440.9804992675781,893.0672607421875,457.3544921875,835.4365234375,468.33233642578125,895.6884155273438,470.0419006347656,842.448486328125,492.5072021484375,876.6674194335938,483.7335205078125,851.8888549804688,485.5159606933594,889.311767578125,514.16064453125,844.3445434570312,516.0982666015625,892.4649658203125,554.79150390625,836.40576171875,558.10205078125
873.694091796875,416.8524169921875,876.5147094726562,412.655517578125,870.155517578125,413.22137451171875,881.8170776367188,411.66522216796875,863.9661254882812,413.1417236328125,891.013427734375,425.69744873046875,852.9852294921875,431.3465576171875,908.6233520507812,439.99273681640625,839.1670532226562,457.14373779296875,913.1075439453125,450.2146911621094,842.1666259765625,481.452880859375,881.4332275390625,474.84307861328125,855.59130859375,477.65228271484375,892.5466918945312,510.5131530761719,848.53271484375,513.3733520507812,893.1007080078125,553.2493896484375,840.5128784179688,556.953857421875
877.8953857421875,408.56982421875,880.709228515625,404.54852294921875,874.6697387695312,404.86083984375,886.1256103515625,404.06982421875,868.6375122070312,404.88848876953125,896.434814453125,419.8437194824219,857.907958984375,424.74102783203125,916.83837890625,435.6741027832031,845.12890625,451.8846435546875,923.4769287109375,449.24249267578125,845.2918701171875,480.46990966796875,888.530029296875,471.10101318359375,862.8378295898438,473.1259765625,895.4510498046875,509.5352783203125,853.9454345703125,511.4404296875,897.6820068359375,553.341796875,847.5873413085938,555.5355224609375
882.516845703125,399.13507080078125,885.1547241210938,394.27801513671875,878.5333251953125,394.80474853515625,889.2882080078125,394.779052734375,872.2191162109375,396.1878662109375,900.34130859375,415.4349365234375,862.1136474609375,416.9332580566406,912.6696166992188,442.5111083984375,849.4194946289062,444.30670166015625,909.991943359375,470.410888671875,848.7122802734375,471.70556640625,893.9606323242188,469.15753173828125,868.7333984375,469.67010498046875,900.913330078125,506.77020263671875,860.1282958984375,507.12005615234375,895.8917236328125,550.5360107421875,849.988037109375,550.993408203125
882.1243286132812,398.967529296875,884.754638671875,394.0933837890625,878.171142578125,394.6531677246094,889.0263671875,394.52685546875,871.9725952148438,396.04302978515625,900.20654296875,415.106201171875,862.1065063476562,416.7538146972656,912.8909912109375,442.0782470703125,849.535888671875,444.15155029296875,910.501708984375,470.1173400878906,848.6102294921875,471.5322265625,893.827880859375,468.9161376953125,868.7193603515625,469.470458984375,900.5625,506.73333740234375,860.0780029296875,507.10638427734375,895.6549072265625,550.5274047851562,850.00439453125,551.0149536132812
885.983154296875,392.38311767578125,888.6456298828125,387.3763427734375,881.992919921875,388.2357177734375,893.400634765625,387.70806884765625,875.6578369140625,390.0439453125,902.9583740234375,408.54376220703125,866.5732421875,411.056884765625,914.4234008789062,435.65460205078125,853.5573120117188,438.71197509765625,911.6478271484375,464.5489501953125,850.8206176757812,467.1707763671875,895.5977783203125,463.60394287109375,872.3123779296875,464.5362548828125,898.43115234375,502.60003662109375,868.7142333984375,503.2310791015625,893.3820190429688,546.9921875,863.100341796875,547.7647705078125
893.1627197265625,387.87603759765625,895.849609375,383.3476867675781,889.2661743164062,383.7308349609375,899.1466064453125,384.6580810546875,882.3612060546875,385.48480224609375,905.1083984375,405.9605712890625,872.3135986328125,406.6605224609375,913.5884399414062,432.8429260253906,857.8096923828125,433.1435852050781,913.59375,459.12884521484375,855.4735107421875,460.7310791015625,899.385498046875,460.169189453125,878.6420288085938,460.56298828125,900.2041015625,503.05682373046875,876.0137939453125,503.21380615234375,897.216796875,546.7355346679688,872.9197998046875,547.1732177734375
898.3060913085938,385.16778564453125,901.3125,381.05804443359375,894.8036499023438,380.9407653808594,904.40087890625,382.97735595703125,888.4158325195312,382.3447265625,908.568359375,403.559326171875,878.44921875,402.56231689453125,916.8802490234375,428.96173095703125,864.443115234375,427.0157470703125,918.4356689453125,449.10748291015625,862.0482788085938,449.085205078125,902.7747802734375,454.8252868652344,883.4908447265625,454.6226806640625,905.8646850585938,497.496826171875,881.0250244140625,497.2176818847656,906.343017578125,541.3533325195312,879.3385620117188,541.273681640625
902.3648681640625,384.2639465332031,905.442626953125,380.1482849121094,898.3742065429688,380.0963134765625,908.098388671875,382.33331298828125,891.6669921875,381.7197265625,912.4168701171875,403.27203369140625,881.9976196289062,402.470458984375,921.1241455078125,429.03515625,867.6732788085938,427.77996826171875,925.4898681640625,453.0633544921875,865.0962524414062,453.7581787109375,910.6832885742188,455.0799865722656,890.8201904296875,455.1418762207031,917.17578125,495.8421936035156,886.4794921875,495.65087890625,917.57275390625,537.06396484375,881.1890258789062,537.3955078125
906.77099609375,385.445556640625,909.9790649414062,381.3765563964844,903.8172607421875,381.3439636230469,913.1185302734375,382.8778076171875,898.4053955078125,382.4499206542969,916.6832885742188,403.2799072265625,888.1909790039062,402.432373046875,920.3490600585938,429.37872314453125,872.102294921875,426.9972839355469,921.5814208984375,448.5416259765625,870.8983154296875,449.37493896484375,910.1310424804688,451.9243469238281,890.344970703125,452.0142517089844,925.089111328125,490.99591064453125,886.0017700195312,491.4102783203125,933.2547607421875,531.9014892578125,882.89794921875,532.27685546875
906.7685546875,385.4909362792969,909.954833984375,381.4276123046875,903.8175048828125,381.3990478515625,913.0618896484375,382.9267272949219,898.382568359375,382.51263427734375,916.5572509765625,403.2814636230469,888.230224609375,402.4613342285156,920.2322998046875,429.2896728515625,872.324951171875,426.9751281738281,921.4892578125,448.3134765625,871.20849609375,449.1754150390625,910.0443115234375,451.7861022949219,890.3794555664062,451.89312744140625,924.877197265625,490.7712707519531,886.1566772460938,491.1971740722656,933.0361328125,531.6302490234375,883.1556396484375,532.0234375
910.909912109375,386.89013671875,914.5655517578125,382.9891357421875,907.7340087890625,382.46600341796875,917.588134765625,385.25604248046875,901.6561889648438,383.5324401855469,919.0006713867188,406.2523193359375,891.97119140625,404.2299499511719,921.7733154296875,433.72607421875,877.3958740234375,429.8931884765625,925.808837890625,457.76409912109375,873.650634765625,457.016845703125,913.6550903320312,454.2884216308594,894.1964721679688,453.9450988769531,934.96435546875,490.02166748046875,889.3939208984375,489.912109375,945.02099609375,530.6622924804688,884.547607421875,530.3946533203125
916.378662109375,387.07196044921875,919.2515258789062,383.08349609375,913.4835205078125,383.0254211425781,920.4010009765625,384.6427917480469,907.9598388671875,383.95660400390625,921.4088745117188,404.7691955566406,897.7730712890625,403.71771240234375,924.2429809570312,428.3326416015625,880.228515625,426.07666015625,931.423583984375,442.743408203125,873.7479858398438,444.34649658203125,916.057861328125,452.20965576171875,898.7825317382812,452.4569091796875,939.781494140625,487.12060546875,891.57958984375,487.6266174316406,952.0438842773438,529.2152099609375,883.81591796875,529.9248046875
925.635009765625,387.32684326171875,928.7671508789062,383.89794921875,922.473876953125,383.54412841796875,931.4540405273438,385.07025146484375,915.458740234375,384.12530517578125,932.2743530273438,404.88616943359375,902.3719482421875,403.8523864746094,934.2689208984375,428.98260498046875,883.2610473632812,425.911376953125,934.1636352539062,448.02423095703125,871.29052734375,447.70263671875,924.353271484375,454.8882751464844,901.506103515625,454.7851867675781,947.1878662109375,490.8835144042969,889.8407592773438,491.570556640625,964.7323608398438,530.1726684570312,879.5172729492188,534.3536376953125
928.0625610351562,384.6160583496094,931.439453125,381.208740234375,925.067626953125,380.7902526855469,936.8585815429688,382.46539306640625,919.0859375,381.2462158203125,941.190673828125,402.31536865234375,908.0379638671875,400.69769287109375,948.85986328125,423.03802490234375,886.2445068359375,420.4604187011719,951.126708984375,439.22955322265625,873.0904541015625,442.2392578125,933.9578857421875,451.7900390625,909.1116943359375,451.0326232910156,953.3037109375,489.191162109375,892.3383178710938,488.656982421875,968.15185546875,531.06591796875,877.21044921875,532.5988159179688
933.6416015625,382.5950927734375,936.473876953125,379.16534423828125,930.48974609375,378.9987487792969,941.506103515625,379.88079833984375,924.3543701171875,379.26544189453125,948.178466796875,399.2505798339844,913.9810791015625,398.30023193359375,958.864013671875,418.84051513671875,893.436767578125,417.66827392578125,964.8074340820312,434.49859619140625,878.44873046875,437.86920166015625,941.9820556640625,450.20306396484375,916.8861083984375,449.4654235839844,956.8411865234375,488.8572692871094,896.40625,488.18896484375,967.3839111328125,530.3274536132812,879.1326904296875,530.6994018554688
933.5941162109375,382.5589599609375,936.4443359375,379.1232604980469,930.4473266601562,378.95648193359375,941.5391845703125,379.8516845703125,924.3323364257812,379.2406311035156,948.2816162109375,399.249267578125,913.9564208984375,398.3440246582031,958.9542236328125,418.8819580078125,893.5294189453125,417.73028564453125,964.8887939453125,434.6607666015625,878.5087890625,437.7977600097656,942.174072265625,450.26708984375,916.9842529296875,449.5560607910156,956.963134765625,488.8737487792969,896.36328125,488.2779541015625,967.3807373046875,530.3389892578125,879.0263671875,530.8492431640625
939.1651611328125,378.7340087890625,942.3909912109375,375.5748596191406,936.2613525390625,375.0423583984375,948.5233154296875,377.10302734375,930.77099609375,375.5977478027344,955.7572021484375,397.66998291015625,921.038330078125,395.4881286621094,968.510986328125,416.5033264160156,901.376220703125,415.3822021484375,974.240966796875,425.815185546875,884.491943359375,435.09539794921875,948.05224609375,449.7336730957031,923.09033203125,447.9877624511719,959.23095703125,489.7890930175781,901.6005249023438,487.3956298828125,967.701171875,531.3645629882812,884.604248046875,529.164306640625
945.5863037109375,373.20745849609375,948.7747802734375,369.70263671875,942.365234375,369.3265686035156,954.1346435546875,371.0565490722656,936.4757080078125,370.02276611328125,961.082763671875,391.18890380859375,926.208984375,390.8697509765625,976.8505859375,408.6971435546875,906.946044921875,411.5382080078125,984.9166259765625,421.302490234375,890.5281982421875,432.8257141113281,952.9249267578125,445.8511047363281,928.3723754882812,445.20025634765625,962.8763427734375,484.6956787109375,910.1134033203125,484.0491943359375,968.6578369140625,527.2234497070312,893.20361328125,527.3590698242188
949.91943359375,369.55987548828125,952.9046630859375,365.97955322265625,946.5796508789062,365.643310546875,957.2911376953125,367.29815673828125,939.831298828125,366.29791259765625,963.454345703125,387.37689208984375,927.4765625,386.9390869140625,978.2618408203125,404.38519287109375,907.0506591796875,406.6773681640625,990.7088012695312,420.3719787597656,892.2132568359375,428.880859375,954.4088134765625,441.0672912597656,929.6781005859375,440.77520751953125,965.572021484375,479.6917724609375,916.4913330078125,479.56292724609375,968.5878295898438,523.2708740234375,901.9022827148438,524.098876953125
951.445068359375,367.374755859375,954.5023193359375,363.85394287109375,948.15771484375,363.6228332519531,959.1666870117188,364.7606506347656,942.77197265625,364.0520324707031,965.865478515625,384.0766296386719,932.0982055664062,383.5604553222656,980.0283203125,399.48504638671875,911.66552734375,402.06195068359375,993.157470703125,412.20709228515625,897.091552734375,423.6376647949219,957.966796875,436.3274230957031,934.8802490234375,435.9148864746094,967.5015869140625,475.6352233886719,919.738525390625,474.85223388671875,973.4093627929688,518.8163452148438,908.0703735351562,518.0601806640625
953.8466796875,367.5184020996094,956.7554931640625,363.7242431640625,950.0637817382812,363.7991638183594,961.681640625,364.12493896484375,944.1798095703125,364.0745849609375,969.5137939453125,383.5362548828125,934.7492065429688,382.9027099609375,983.5955810546875,399.9700927734375,914.5513916015625,400.9584045410156,996.4130859375,415.55853271484375,901.2718505859375,423.02764892578125,962.513916015625,435.19366455078125,938.6265869140625,434.74102783203125,973.7347412109375,475.0214538574219,923.862060546875,473.89404296875,979.9608764648438,518.3028564453125,912.50439453125,516.6537475585938
954.077392578125,367.5716552734375,956.9661254882812,363.80853271484375,950.3382568359375,363.85540771484375,961.8050537109375,364.21624755859375,944.4610595703125,364.0903015136719,969.5128784179688,383.588623046875,934.855224609375,382.8472900390625,983.2648315429688,400.0716247558594,914.5827026367188,400.84637451171875,995.6317138671875,415.40618896484375,901.2844848632812,422.87548828125,962.4471435546875,435.2132568359375,938.6204833984375,434.7271728515625,973.80859375,475.0549621582031,924.0416259765625,473.90203857421875,979.87255859375,518.1953735351562,912.5348510742188,516.5853881835938
957.017578125,369.22607421875,959.839599609375,365.771240234375,953.8350219726562,365.71319580078125,964.01904296875,366.4236145019531,948.27685546875,366.2410888671875,972.062255859375,385.3640441894531,937.5653076171875,385.0001220703125,985.1134643554688,403.32452392578125,920.1871337890625,404.8564453125,993.7911987304688,419.8785095214844,910.1842041015625,430.99456787109375,964.81787109375,435.7528076171875,939.8406982421875,435.1033630371094,979.9547119140625,474.3309631347656,925.4827880859375,472.83197021484375,988.9654541015625,514.4844360351562,911.67822265625,511.9538269042969
961.010009765625,370.2392578125,963.547119140625,366.9130859375,957.9246826171875,366.61181640625,967.6517333984375,368.53631591796875,951.5643310546875,367.4208984375,974.282470703125,388.7232666015625,940.1248168945312,387.27142333984375,986.5611572265625,408.43682861328125,921.676513671875,409.3413391113281,994.3379516601562,426.14007568359375,915.8994140625,436.8575439453125,967.414794921875,436.1174011230469,941.9197998046875,435.6632995605469,984.71142578125,476.32659912109375,922.3466796875,475.1617126464844,996.3736572265625,515.275146484375,905.855712890625,514.1143798828125
963.5597534179688,376.8750915527344,966.37548828125,373.41778564453125,960.5089111328125,373.30889892578125,970.82470703125,374.6708984375,954.3131103515625,374.0931701660156,977.3809204101562,393.94744873046875,942.6085205078125,393.59771728515625,987.98876953125,414.4400634765625,924.9993896484375,418.70587158203125,995.0889892578125,433.23406982421875,922.9261474609375,447.3639221191406,968.835205078125,440.47943115234375,942.1005249023438,439.781494140625,990.0157470703125,478.6203918457031,923.1544189453125,477.19720458984375,1005.908447265625,516.900390625,907.7224731445312,515.3213500976562
972.13134765625,385.9796447753906,974.4234008789062,382.5135498046875,968.5988159179688,382.54541015625,976.125244140625,383.4837341308594,960.451416015625,383.1821594238281,979.8363647460938,401.501220703125,946.95751953125,401.81268310546875,989.962158203125,422.8682861328125,928.58837890625,428.35455322265625,998.07470703125,441.3465270996094,927.0389404296875,456.8881530761719,968.925048828125,443.2749938964844,943.51171875,443.13177490234375,991.47119140625,478.3233947753906,926.029052734375,477.5799865722656,1009.2786254882812,515.799072265625,912.0770263671875,515.43115234375
974.39990234375,394.41351318359375,976.8814697265625,391.0316162109375,971.217041015625,390.92120361328125,979.6875,391.9615478515625,963.7820434570312,391.24176025390625,983.115478515625,408.93927001953125,951.0152587890625,408.101318359375,991.8191528320312,430.8979797363281,935.1917724609375,432.50738525390625,995.513671875,446.5487060546875,937.973876953125,454.1217956542969,970.7095947265625,447.535888671875,945.5143432617188,446.8810729980469,994.8699951171875,479.74029541015625,929.6043090820312,478.69390869140625,1009.3323974609375,516.6417236328125,912.4561767578125,516.3663940429688
974.2450561523438,394.4554138183594,976.74462890625,391.07403564453125,971.0716552734375,390.95989990234375,979.6224975585938,392.0025329589844,963.6820068359375,391.27752685546875,983.0931396484375,408.98052978515625,950.9588623046875,408.16607666015625,991.9202270507812,430.9036560058594,935.198974609375,432.62335205078125,995.76171875,446.56524658203125,937.9879150390625,454.3031005859375,970.7020263671875,447.60614013671875,945.4872436523438,446.95703125,994.8861694335938,479.77471923828125,929.567138671875,478.73779296875,1009.2903442382812,516.710693359375,912.344970703125,516.447998046875
983.947509765625,400.0919189453125,985.5001831054688,396.85504150390625,980.876708984375,396.9888916015625,984.6630249023438,397.8153991699219,973.26806640625,397.9690246582031,984.8331298828125,413.62689208984375,961.7034912109375,414.7786865234375,990.65380859375,434.8504943847656,949.5693359375,440.2867431640625,993.765625,448.0730895996094,950.0506591796875,458.3316650390625,973.118408203125,452.0235595703125,953.1512451171875,452.1690673828125,997.9367065429688,480.08612060546875,933.702880859375,480.3194274902344,1013.1066284179688,515.5614624023438,910.4653930664062,517.0691528320312
0.0,0.0,0.0,0.0,0.0,0.0,0.0,0.0,0.0,0.0,0.0,0.0,0.0,0.0,0.0,0.0,0.0,0.0,0.0,0.0,0.0,0.0,0.0,0.0,0.0,0.0,0.0,0.0,0.0,0.0,0.0,0.0,0.0,0.0
1007.8716430664062,406.27044677734375,1007.4346923828125,402.6221923828125,1005.4134521484375,402.7147521972656,997.48681640625,403.0578918457031,999.0704956054688,403.1847839355469,982.7769775390625,418.76556396484375,993.7862548828125,418.51593017578125,981.2796630859375,438.855224609375,997.823974609375,439.51190185546875,998.7866821289062,445.52886962890625,1010.861572265625,450.59747314453125,961.065673828125,454.2406005859375,977.0582275390625,454.4378662109375,943.781494140625,481.38720703125,1012.0245361328125,480.597412109375,910.1995849609375,514.2857666015625,1028.609619140625,515.656005859375
1021.9736328125,406.1138916015625,1022.3927001953125,402.4439392089844,1019.2080078125,402.2276916503906,1013.036865234375,402.0632629394531,1011.50341796875,401.74237060546875,997.0692138671875,416.41192626953125,1002.8275146484375,417.517333984375,1007.232421875,434.27984619140625,1010.8040771484375,443.770751953125,1033.947021484375,435.7140197753906,1030.967529296875,454.6965637207031,967.0260009765625,452.1292724609375,981.4524536132812,452.7010498046875,950.5376586914062,479.43402099609375,1029.9715576171875,479.0242919921875,911.0641479492188,516.378173828125,1052.643798828125,518.4376831054688
1035.056884765625,409.28607177734375,1034.24267578125,405.3681335449219,1033.19482421875,405.6793212890625,1022.8917846679688,404.27520751953125,1028.3504638671875,405.3192443847656,1008.0609130859375,417.37213134765625,1020.3986206054688,419.4436340332031,1014.5776977539062,433.69427490234375,1023.5279541015625,443.39117431640625,1042.8846435546875,441.9068298339844,1039.08056640625,457.3395080566406,979.2343139648438,450.6451721191406,998.56787109375,451.2234191894531,958.109130859375,482.89471435546875,1043.3358154296875,482.3323974609375,919.6202392578125,516.8445434570312,1068.7454833984375,517.64453125
1034.7191162109375,409.3616638183594,1033.9310302734375,405.43499755859375,1032.8858642578125,405.73828125,1022.7003173828125,404.3427429199219,1028.2940673828125,405.363525390625,1007.8251342773438,417.48468017578125,1020.6923828125,419.449951171875,1013.8157958984375,434.0386962890625,1023.8330078125,443.2766418457031,1041.7777099609375,442.8023986816406,1038.8330078125,457.47271728515625,979.4364013671875,450.6178894042969,999.1031494140625,451.15093994140625,958.11181640625,482.8775634765625,1043.5758056640625,482.28802490234375,919.5516357421875,516.8843994140625,1068.7716064453125,517.6272583007812
1041.8275146484375,408.5303955078125,1041.428955078125,404.13616943359375,1041.9874267578125,404.5648498535156,1034.786376953125,403.6485595703125,1047.6103515625,405.02728271484375,1021.3826293945312,417.59906005859375,1049.1632080078125,420.2688903808594,1000.046142578125,431.3548278808594,1059.9364013671875,439.02447509765625,1002.9034423828125,436.85784912109375,1062.3284912109375,448.423828125,1003.498291015625,450.8631591796875,1031.4615478515625,451.101806640625,962.863037109375,480.3794860839844,1056.764892578125,480.9549560546875,919.9368896484375,511.6132507324219,1082.429443359375,512.9755859375
1065.35693359375,412.30108642578125,1064.3310546875,407.7320251464844,1062.4765625,408.3563232421875,1052.02734375,406.2257995605469,1055.16845703125,408.1216735839844,1036.0697021484375,421.44354248046875,1050.962646484375,424.09234619140625,1050.3084716796875,441.5616760253906,1066.39599609375,451.68878173828125,1080.9884033203125,450.53192138671875,1092.399658203125,462.327880859375,996.2501220703125,455.48272705078125,1015.7110595703125,455.61370849609375,964.9432983398438,483.43768310546875,1051.12451171875,482.67315673828125,930.5076904296875,515.4059448242188,1073.929931640625,516.5458984375
1080.760009765625,419.6646423339844,1080.0736083984375,415.64385986328125,1078.46142578125,415.8397216796875,1068.7357177734375,414.4212646484375,1069.7235107421875,415.36676025390625,1051.9486083984375,426.8806457519531,1064.2445068359375,427.84808349609375,1061.3763427734375,443.4947204589844,1077.023193359375,449.3271484375,1092.021728515625,453.297119140625,1108.933349609375,461.9880065917969,1008.8753662109375,455.189208984375,1020.2193603515625,453.87109375,979.56103515625,481.3681640625,1021.5140380859375,479.4126892089844,941.9701538085938,512.14501953125,1002.6927490234375,512.2857055664062
1094.7593994140625,427.70880126953125,1092.08447265625,423.54522705078125,1092.3173828125,424.444580078125,1077.321533203125,422.5440673828125,1084.4349365234375,424.658935546875,1062.2294921875,434.5619201660156,1078.3115234375,436.0718994140625,1078.5240478515625,453.13153076171875,1091.778564453125,456.2568359375,1116.312744140625,469.6148681640625,1122.4814453125,469.63800048828125,1020.6593017578125,454.6090393066406,1039.376953125,454.9285888671875,997.112060546875,487.1417541503906,1068.920166015625,486.5479736328125,951.735107421875,517.2056884765625,1072.02294921875,519.6625366210938
1105.996337890625,432.224609375,1103.86328125,427.5693359375,1103.2431640625,428.549072265625,1090.3753662109375,425.3284912109375,1094.960205078125,427.7342529296875,1072.8203125,436.7602844238281,1090.170654296875,437.9498291015625,1082.9927978515625,460.73968505859375,1105.07470703125,462.85296630859375,1117.79541015625,480.2873840332031,1138.1151123046875,478.8189697265625,1027.556884765625,455.0682373046875,1039.833251953125,454.5267333984375,1023.468505859375,485.5150451660156,1042.1728515625,484.0881042480469,992.1707153320312,516.2575073242188,1013.67431640625,517.1712036132812
1105.9862060546875,432.4017333984375,1103.8348388671875,427.7452697753906,1103.2568359375,428.7290954589844,1090.3302001953125,425.46221923828125,1094.988037109375,427.88140869140625,1072.7525634765625,436.8029479980469,1090.2236328125,438.0235290527344,1082.698486328125,460.8095703125,1105.20556640625,462.9590148925781,1117.3831787109375,480.4254150390625,1138.316650390625,478.9523620605469,1027.646484375,455.0636901855469,1039.6923828125,454.5088806152344,1024.2767333984375,485.58441162109375,1040.6217041015625,484.1610107421875,993.5986328125,516.288818359375,1010.79736328125,517.20751953125
1110.6658935546875,432.15789794921875,1109.455322265625,427.32501220703125,1107.9373779296875,428.1471862792969,1098.50634765625,424.1689453125,1099.815673828125,426.2577209472656,1081.853515625,435.4911804199219,1094.7867431640625,437.0373229980469,1094.5316162109375,461.3339538574219,1107.265380859375,466.21246337890625,1128.9482421875,485.35491943359375,1140.4073486328125,489.25885009765625,1037.8720703125,456.7066650390625,1043.577392578125,455.8411865234375,1041.267333984375,484.37237548828125,1027.0557861328125,482.7679138183594,1022.235595703125,516.1643676757812,984.2330932617188,516.5596923828125
1118.2215576171875,431.28338623046875,1116.382568359375,426.0677490234375,1115.876953125,426.8921813964844,1102.908935546875,421.15692138671875,1109.1741943359375,423.12542724609375,1087.743408203125,430.50799560546875,1100.07470703125,432.6707763671875,1093.2330322265625,455.2322998046875,1110.973388671875,461.38665771484375,1121.497314453125,477.73681640625,1136.66162109375,484.83245849609375,1046.608642578125,449.7999267578125,1063.41748046875,450.16302490234375,1023.0162353515625,483.2106628417969,1094.14208984375,482.64007568359375,976.7972412109375,506.13604736328125,1105.019775390625,507.35626220703125
1123.03173828125,430.8901062011719,1121.290283203125,426.0528564453125,1121.23046875,426.58984375,1108.685791015625,421.26446533203125,1115.5921630859375,422.62451171875,1092.6175537109375,428.08251953125,1107.5126953125,429.20416259765625,1093.3128662109375,452.92779541015625,1107.43994140625,458.5660400390625,1113.6141357421875,476.62957763671875,1121.5511474609375,487.2550048828125,1049.1617431640625,444.1490478515625,1064.62158203125,443.5487365722656,1028.2510986328125,480.4783935546875,1080.98095703125,479.2957763671875,988.8839111328125,509.8913269042969,1073.3282470703125,510.59429931640625
1124.177490234375,429.4997863769531,1124.807373046875,425.53167724609375,1122.354248046875,425.0675048828125,1117.87158203125,423.2751159667969,1114.02001953125,422.4483642578125,1106.888916015625,433.82171630859375,1096.9769287109375,432.9681701660156,1104.641845703125,466.47625732421875,1093.9881591796875,465.44256591796875,1105.5313720703125,499.042236328125,1106.1563720703125,500.5619201660156,1064.808349609375,449.3031921386719,1051.541748046875,448.5765380859375,1088.0218505859375,481.96429443359375,1026.4876708984375,481.68402099609375,1084.1197509765625,507.2725524902344,983.8026123046875,510.1905212402344
1123.8084716796875,424.55670166015625,1124.9586181640625,420.9954833984375,1122.0662841796875,419.9263000488281,1119.25830078125,419.4009704589844,1113.608154296875,417.0235290527344,1108.6273193359375,430.6153564453125,1096.0496826171875,427.0513916015625,1104.966552734375,467.1099853515625,1091.27294921875,461.3211364746094,1098.3447265625,503.6770935058594,1096.86669921875,503.40576171875,1065.1090087890625,445.84515380859375,1051.18896484375,443.8885803222656,1088.403076171875,480.808349609375,1036.5928955078125,478.9874267578125,1078.4246826171875,503.5177917480469,995.65234375,504.2881164550781
1123.8157958984375,424.4804992675781,1124.943115234375,420.900634765625,1122.052978515625,419.8411560058594,1119.208984375,419.25872802734375,1113.57666015625,416.8970947265625,1108.555908203125,430.4607238769531,1096.081298828125,426.8742370605469,1104.9200439453125,467.04644775390625,1091.4013671875,461.18231201171875,1098.2032470703125,503.6056823730469,1096.8082275390625,503.26092529296875,1064.8505859375,445.82684326171875,1051.0003662109375,443.8532409667969,1088.3245849609375,480.7748107910156,1036.57080078125,478.9331359863281,1078.2877197265625,503.6681213378906,995.4977416992188,504.42779541015625
1128.29638671875,421.1160888671875,1127.880859375,415.8811340332031,1125.193359375,416.1622009277344,1117.33349609375,411.48199462890625,1116.314697265625,412.115966796875,1100.771728515625,420.62908935546875,1104.2716064453125,422.5513000488281,1094.260498046875,457.24615478515625,1099.068359375,461.906494140625,1094.2569580078125,496.99407958984375,1097.864990234375,504.5548095703125,1057.564697265625,440.00494384765625,1060.73974609375,440.2110900878906,1058.74267578125,477.91259765625,1064.0853271484375,479.181884765625,1024.53271484375,496.75543212890625,1034.575927734375,501.0718688964844
1126.57763671875,413.9215393066406,1125.784423828125,408.96490478515625,1124.0439453125,409.39691162109375,1114.03173828125,404.6336669921875,1115.11962890625,406.0780029296875,1099.602783203125,412.04205322265625,1101.5087890625,415.8624267578125,1098.0062255859375,442.0975341796875,1100.0330810546875,451.5841064453125,1103.189208984375,473.92315673828125,1102.9583740234375,484.2378845214844,1060.4287109375,431.5025939941406,1066.9696044921875,432.68743896484375,1052.602783203125,472.62774658203125,1093.94189453125,474.5447998046875,1016.9212646484375,499.0682373046875,1092.599853515625,504.26531982421875
1129.81494140625,402.8599548339844,1128.9417724609375,398.2242431640625,1127.6256103515625,398.3258972167969,1116.67626953125,394.5764465332031,1118.65576171875,395.10992431640625,1101.719970703125,403.4502868652344,1103.5035400390625,404.57537841796875,1097.85107421875,432.6704406738281,1098.692626953125,438.64013671875,1105.7952880859375,462.2829895019531,1104.4847412109375,473.7278137207031,1060.5902099609375,427.8135986328125,1066.9984130859375,427.6139831542969,1054.641357421875,472.1175537109375,1095.3333740234375,471.32293701171875,1019.1340942382812,500.66851806640625,1093.6392822265625,501.4606018066406
1129.414794921875,397.5902099609375,1128.787109375,393.2896728515625,1127.3099365234375,393.47442626953125,1117.2369384765625,390.1666259765625,1117.8001708984375,391.0814208984375,1103.446044921875,399.0348815917969,1100.509521484375,401.2662048339844,1100.23291015625,424.3424377441406,1094.50439453125,432.48406982421875,1111.604736328125,445.43548583984375,1105.75830078125,460.190185546875,1062.5638427734375,426.0112609863281,1061.185302734375,426.3093566894531,1061.8013916015625,470.0715637207031,1063.1470947265625,470.2362060546875,1037.38671875,498.93212890625,1043.90087890625,501.76739501953125
1130.5380859375,394.58984375,1130.112060546875,390.45684814453125,1128.3455810546875,390.83526611328125,1119.2698974609375,387.2059020996094,1118.28125,388.891845703125,1106.6334228515625,395.344482421875,1098.65234375,400.003173828125,1101.8363037109375,420.06072998046875,1092.58203125,431.3539123535156,1112.2332763671875,441.62957763671875,1106.6376953125,459.1282958984375,1070.34716796875,421.4893798828125,1060.6309814453125,423.97833251953125,1091.046142578125,465.7669677734375,1047.9183349609375,469.1227111816406,1083.5955810546875,494.38726806640625,1015.03271484375,502.5306701660156
1130.391357421875,394.6493225097656,1129.990234375,390.52239990234375,1128.2078857421875,390.89837646484375,1119.2174072265625,387.2720947265625,1118.1663818359375,388.9712219238281,1106.654541015625,395.386962890625,1098.509765625,400.13238525390625,1101.92431640625,420.1856689453125,1092.6610107421875,431.44244384765625,1112.20556640625,441.84124755859375,1106.712158203125,459.019775390625,1070.836181640625,421.31494140625,1060.7890625,423.93023681640625,1092.7960205078125,465.50640869140625,1047.7015380859375,469.0472717285156,1086.681640625,494.2779235839844,1014.793212890625,502.742919921875
1127.191162109375,393.9971008300781,1127.0078125,389.58197021484375,1125.4400634765625,390.6497497558594,1117.925048828125,386.595458984375,1117.9580078125,390.39019775390625,1106.65966796875,393.17578125,1099.213134765625,403.25628662109375,1100.6776123046875,413.5626525878906,1095.534912109375,431.8314514160156,1109.22998046875,438.6627197265625,1108.750244140625,457.70391845703125,1073.390380859375,417.1048278808594,1062.3125,422.7933654785156,1098.8975830078125,461.22210693359375,1044.3411865234375,469.4323425292969,1100.202880859375,489.54052734375,1013.7742919921875,504.8504638671875
1129.85986328125,394.0994873046875,1129.4715576171875,390.0387268066406,1127.69189453125,390.4523620605469,1119.2822265625,387.41229248046875,1117.7586669921875,389.060791015625,1107.8917236328125,396.55322265625,1098.527099609375,401.05853271484375,1104.861328125,420.6947937011719,1090.5001220703125,433.07403564453125,1115.245849609375,442.9080810546875,1103.388671875,463.0690612792969,1070.8099365234375,423.65411376953125,1061.28466796875,425.46905517578125,1080.0465087890625,467.5936279296875,1045.5721435546875,470.07086181640625,1069.1712646484375,495.1126708984375,1016.3336181640625,501.750732421875
1129.5255126953125,394.24822998046875,1129.564208984375,389.949462890625,1127.040771484375,390.12872314453125,1119.140869140625,387.78759765625,1116.889892578125,388.85528564453125,1105.4432373046875,398.6611633300781,1101.18896484375,401.56878662109375,1104.11083984375,423.8958435058594,1095.8975830078125,434.76513671875,1116.1212158203125,448.23468017578125,1107.7327880859375,465.701904296875,1066.678955078125,427.8699645996094,1068.4873046875,428.23126220703125,1052.70068359375,472.0604553222656,1088.1083984375,472.0289306640625,1019.7383422851562,497.5045166015625,1086.472900390625,499.0740966796875
1125.2657470703125,394.5475158691406,1125.771728515625,390.519287109375,1123.06005859375,390.297607421875,1117.02783203125,388.9730529785156,1114.215087890625,388.8161315917969,1103.372802734375,400.9395751953125,1099.3887939453125,400.194580078125,1100.8743896484375,426.319580078125,1093.02783203125,429.74298095703125,1114.042724609375,448.15301513671875,1105.38037109375,458.3232421875,1066.24951171875,429.5314636230469,1069.608154296875,428.3150634765625,1054.2496337890625,472.34832763671875,1100.81640625,469.77203369140625,1018.14697265625,498.91668701171875,1104.166259765625,496.6019287109375
1119.577880859375,393.12652587890625,1120.307373046875,388.87176513671875,1117.923583984375,388.9903564453125,1114.823486328125,387.4208984375,1110.1761474609375,386.93853759765625,1102.1920166015625,400.06219482421875,1094.1884765625,400.4403076171875,1103.6092529296875,425.66070556640625,1086.7479248046875,430.33770751953125,1118.3875732421875,452.82598876953125,1094.52294921875,457.9564208984375,1074.025146484375,436.02142333984375,1069.6705322265625,436.54815673828125,1088.954345703125,467.1230163574219,1074.997802734375,468.2459716796875,1077.4803466796875,502.23455810546875,1061.6153564453125,505.0059814453125
1119.6669921875,393.1271667480469,1120.3695068359375,388.8536682128906,1118.040283203125,388.99627685546875,1114.5989990234375,387.33795166015625,1110.3077392578125,386.93060302734375,1101.7626953125,399.90557861328125,1094.3935546875,400.401123046875,1103.233642578125,425.5529479980469,1087.1666259765625,430.349609375,1118.372314453125,452.94677734375,1094.938232421875,458.12225341796875,1073.5068359375,435.9106750488281,1069.6856689453125,436.48333740234375,1088.055419921875,466.98956298828125,1075.6209716796875,468.1322021484375,1076.141845703125,502.166015625,1062.4530029296875,504.9749755859375
0.0,0.0,0.0,0.0,0.0,0.0,0.0,0.0,0.0,0.0,0.0,0.0,0.0,0.0,0.0,0.0,0.0,0.0,0.0,0.0,0.0,0.0,0.0,0.0,0.0,0.0,0.0,0.0,0.0,0.0,0.0,0.0,0.0,0.0
1107.0262451171875,373.19427490234375,1107.45263671875,369.095458984375,1104.60888671875,369.61859130859375,1102.9227294921875,369.713134765625,1097.9639892578125,371.01812744140625,1097.80322265625,386.4107666015625,1083.4267578125,389.4901123046875,1100.00146484375,412.654296875,1076.1029052734375,419.78387451171875,1103.775390625,432.0379943847656,1077.3565673828125,442.8668212890625,1071.058349609375,428.15716552734375,1057.876953125,429.3727111816406,1100.10107421875,463.0921325683594,1050.1317138671875,465.4247131347656,1103.22265625,498.4886474609375,1024.9034423828125,504.8533630371094
1098.723388671875,372.86083984375,1101.28173828125,369.08319091796875,1096.24267578125,368.9255676269531,1101.174072265625,370.3726806640625,1088.86962890625,370.1446838378906,1097.3193359375,388.01727294921875,1070.509765625,389.0576171875,1097.366943359375,412.54156494140625,1053.73779296875,417.17889404296875,1100.827392578125,429.9599304199219,1052.69140625,442.18402099609375,1070.875244140625,426.9903564453125,1049.72412109375,427.4561462402344,1097.349365234375,463.49139404296875,1040.7850341796875,464.89434814453125,1105.7491455078125,498.92657470703125,1023.77783203125,504.3152160644531
1097.062255859375,367.46075439453125,1099.0887451171875,363.45745849609375,1094.95263671875,362.709716796875,1096.3487548828125,364.2329406738281,1086.8817138671875,361.55755615234375,1088.001953125,382.52783203125,1069.4580078125,379.0936279296875,1085.4781494140625,411.151123046875,1052.57568359375,407.456298828125,1091.44091796875,436.6466064453125,1048.93701171875,437.777587890625,1062.9486083984375,423.673828125,1048.1385498046875,422.61700439453125,1089.79052734375,457.86346435546875,1041.8614501953125,457.9510803222656,1096.65576171875,500.7708740234375,1027.8548583984375,501.66143798828125
1089.8819580078125,366.4254455566406,1091.4522705078125,362.3555908203125,1087.6903076171875,361.675048828125,1088.509521484375,362.5800476074219,1078.23828125,359.94659423828125,1080.907958984375,379.2608642578125,1057.8662109375,376.4554138183594,1083.2904052734375,402.18853759765625,1038.2724609375,400.54315185546875,1094.5194091796875,418.46929931640625,1040.005126953125,421.64068603515625,1058.5479736328125,423.06134033203125,1041.454833984375,422.6422119140625,1080.145263671875,460.12982177734375,1037.2928466796875,460.5958557128906,1087.1353759765625,497.8625793457031,1026.68115234375,499.7670593261719
1089.7840576171875,366.5396728515625,1091.346923828125,362.47406005859375,1087.60888671875,361.7939453125,1088.44287109375,362.6642761230469,1078.196533203125,360.03753662109375,1080.89404296875,379.2261657714844,1057.859375,376.444091796875,1083.3646240234375,402.0469970703125,1038.4105224609375,400.493896484375,1094.59228515625,418.0979919433594,1040.342041015625,421.2893371582031,1058.5040283203125,422.9303283691406,1041.4132080078125,422.5132141113281,1080.0596923828125,460.0899658203125,1037.15283203125,460.5586853027344,1086.9735107421875,497.8153076171875,1026.432373046875,499.72894287109375
1085.7103271484375,359.40625,1087.3115234375,355.29034423828125,1083.35546875,354.64898681640625,1085.4171142578125,355.22784423828125,1073.9654541015625,352.6900634765625,1079.2633056640625,371.58837890625,1053.8839111328125,368.76806640625,1081.9150390625,396.530517578125,1034.4417724609375,394.87567138671875,1091.8070068359375,417.0434875488281,1037.96240234375,419.70709228515625,1055.347900390625,416.64892578125,1037.2852783203125,415.9435729980469,1072.020263671875,457.30352783203125,1033.248291015625,457.580078125,1073.66845703125,495.78466796875,1020.9691772460938,497.5506591796875
1068.4178466796875,357.9483947753906,1071.3499755859375,354.26666259765625,1066.523681640625,353.31939697265625,1073.04931640625,355.36822509765625,1060.7330322265625,352.41522216796875,1071.634033203125,373.40625,1045.751953125,369.65509033203125,1076.755859375,400.0855407714844,1030.3128662109375,395.83648681640625,1081.322509765625,421.6044921875,1028.823974609375,420.0926513671875,1048.649658203125,417.2403564453125,1031.32421875,415.5736999511719,1059.551025390625,454.63946533203125,1027.888427734375,454.0864562988281,1056.9371337890625,497.3017272949219,1017.1598510742188,497.15765380859375
1064.2943115234375,354.1528015136719,1067.232177734375,350.4009704589844,1062.6015625,349.426513671875,1070.0692138671875,351.140625,1056.330810546875,347.9986572265625,1067.459716796875,368.8658752441406,1040.8223876953125,364.6640625,1073.717041015625,395.3323974609375,1024.1026611328125,390.4197998046875,1081.44873046875,417.82574462890625,1022.9564208984375,416.33245849609375,1041.0693359375,413.91552734375,1023.6453857421875,412.01385498046875,1048.44580078125,455.119873046875,1022.2109375,454.357177734375,1047.4620361328125,496.4052429199219,1014.544189453125,496.13555908203125
1060.442626953125,357.8455810546875,1063.451904296875,354.1469421386719,1057.980712890625,353.13531494140625,1065.305419921875,355.81976318359375,1050.3944091796875,352.50750732421875,1063.0419921875,375.24517822265625,1033.8082275390625,370.3896484375,1066.963134765625,399.6912841796875,1012.1889038085938,392.695556640625,1071.9903564453125,417.2146911621094,1008.1260986328125,414.7720947265625,1039.2730712890625,419.17376708984375,1019.6568603515625,417.0478515625,1045.877685546875,457.23699951171875,1012.7415771484375,456.22088623046875,1042.5517578125,495.523193359375,1000.7752075195312,495.10797119140625
1056.9326171875,359.41131591796875,1060.1025390625,355.7281494140625,1054.5029296875,354.72491455078125,1062.6365966796875,357.506103515625,1047.635986328125,354.3046875,1061.6826171875,377.6523742675781,1031.66748046875,372.4591064453125,1067.5037841796875,401.6695861816406,1007.2242431640625,393.2654113769531,1073.9512939453125,419.7523193359375,997.0687866210938,415.9721374511719,1036.1925048828125,422.46038818359375,1016.4838256835938,419.8780517578125,1038.4725341796875,460.3252258300781,1005.73974609375,458.8765869140625,1033.9552001953125,500.1610107421875,992.3433837890625,499.26153564453125
1056.9501953125,359.4661865234375,1060.12451171875,355.78741455078125,1054.5380859375,354.77850341796875,1062.6700439453125,357.5457763671875,1047.6983642578125,354.33013916015625,1061.751220703125,377.6246337890625,1031.7127685546875,372.4153747558594,1067.553466796875,401.6423034667969,1007.2308349609375,393.1995849609375,1073.961669921875,419.816162109375,997.0724487304688,416.0025329589844,1036.216796875,422.375244140625,1016.4859619140625,419.78082275390625,1038.5732421875,460.25494384765625,1005.7496337890625,458.7986755371094,1034.059326171875,500.02862548828125,992.334228515625,499.1151123046875
1054.5047607421875,370.157470703125,1057.5369873046875,366.6561584472656,1052.253173828125,365.3616027832031,1058.415771484375,367.30999755859375,1044.773193359375,363.45562744140625,1057.0008544921875,383.36676025390625,1026.340087890625,377.27484130859375,1056.86083984375,409.12274169921875,1001.6570434570312,397.74859619140625,1054.3541259765625,426.6932373046875,993.52197265625,421.33856201171875,1032.14599609375,425.11773681640625,1010.9117431640625,422.46795654296875,1041.4580078125,462.7476806640625,1004.1009521484375,461.10369873046875,1034.441162109375,509.7909851074219,989.39404296875,508.305908203125
1050.5751953125,377.8907775878906,1052.6192626953125,374.0655212402344,1048.6910400390625,373.3265075683594,1052.692138671875,374.05157470703125,1041.814208984375,371.37310791015625,1050.720458984375,389.7856750488281,1022.8818969726562,385.39111328125,1053.0986328125,413.9850769042969,1000.80615234375,407.9676513671875,1053.425537109375,429.7537841796875,995.5361938476562,428.3709411621094,1022.8115234375,426.0694885253906,1003.510986328125,424.33172607421875,1040.0633544921875,458.96661376953125,997.46044921875,458.4584655761719,1035.0166015625,508.033203125,980.3543701171875,508.069091796875
1037.1260986328125,381.4940185546875,1040.2569580078125,378.072509765625,1035.257080078125,377.0166015625,1041.8853759765625,379.018798828125,1029.220458984375,375.9447021484375,1040.84814453125,395.02166748046875,1012.7411499023438,391.11309814453125,1044.3052978515625,420.5995788574219,995.4830932617188,415.05303955078125,1044.1153564453125,437.5879211425781,993.3448486328125,435.57232666015625,1020.3526611328125,435.6343688964844,999.9422607421875,434.3850402832031,1043.869140625,465.71905517578125,996.5722045898438,465.1993408203125,1044.9208984375,511.80230712890625,983.6581420898438,511.7230224609375
1031.377197265625,383.6119079589844,1036.347412109375,380.3486022949219,1029.598388671875,378.3948974609375,1041.620361328125,381.6698913574219,1023.8713989257812,376.0809631347656,1042.174560546875,397.7939453125,1007.5014038085938,389.8399658203125,1042.873291015625,424.83050537109375,984.7822265625,410.7107849121094,1038.508056640625,442.9408264160156,977.1538696289062,434.9320068359375,1019.4346923828125,436.72711181640625,994.6722412109375,433.318115234375,1037.474609375,466.7646789550781,988.62255859375,464.567626953125,1041.876708984375,511.6549987792969,981.2105712890625,508.8685302734375
1030.6025390625,382.97503662109375,1033.8306884765625,380.4800720214844,1029.00048828125,379.08636474609375,1036.7293701171875,381.97509765625,1024.0390625,378.4620361328125,1037.272216796875,399.58489990234375,1008.3621826171875,390.3483581542969,1034.9244384765625,424.723388671875,985.701904296875,401.99200439453125,1030.587646484375,443.02362060546875,971.5146484375,416.42889404296875,1017.19384765625,437.151123046875,996.5462036132812,432.40997314453125,1025.202880859375,473.9292297363281,986.2620849609375,468.689697265625,1033.111328125,512.9602661132812,980.752197265625,508.3384094238281
1030.752197265625,383.053955078125,1033.966064453125,380.56219482421875,1029.130615234375,379.16326904296875,1036.798095703125,382.0599060058594,1024.0906982421875,378.52203369140625,1037.2696533203125,399.70050048828125,1008.3575439453125,390.3668212890625,1034.946044921875,424.8551025390625,985.5342407226562,401.8726501464844,1030.59423828125,443.13031005859375,971.2542724609375,416.2822265625,1017.15185546875,437.2079772949219,996.51513671875,432.4291076660156,1025.1904296875,474.01507568359375,986.3262939453125,468.71820068359375,1033.0614013671875,513.0391845703125,980.8082885742188,508.3480224609375
1023.84716796875,381.37744140625,1027.02197265625,378.876953125,1022.3995361328125,377.2502746582031,1030.138427734375,380.9315185546875,1018.3807373046875,376.75115966796875,1030.719482421875,399.56121826171875,1005.7408447265625,389.17425537109375,1027.5950927734375,425.5860900878906,984.6546630859375,400.94805908203125,1021.5584106445312,443.42779541015625,972.1624755859375,414.1335754394531,1014.3280029296875,436.270751953125,996.3074951171875,431.1722412109375,1015.90234375,474.7784423828125,979.532958984375,468.6286926269531,1026.7264404296875,517.62109375,977.9532470703125,510.3060607910156
1017.6498413085938,383.70263671875,1021.1372680664062,380.91162109375,1015.765380859375,379.398193359375,1025.662109375,383.1099853515625,1011.0087890625,378.9083251953125,1025.92626953125,403.2789306640625,1001.1560668945312,389.91595458984375,1020.13623046875,431.1786804199219,976.3404541015625,394.889892578125,1005.9364013671875,447.5213623046875,961.4093017578125,405.6614685058594,1009.3482666015625,438.28790283203125,991.1591796875,431.6826171875,1007.6514892578125,476.20318603515625,971.8009643554688,467.1508483886719,1019.2831420898438,520.5944213867188,968.6514892578125,508.39056396484375
1010.4208374023438,386.12945556640625,1013.6028442382812,383.4613037109375,1008.484375,381.870361328125,1016.9403076171875,385.729248046875,1004.4325561523438,381.29217529296875,1016.5962524414062,406.3829040527344,995.7932739257812,392.5655517578125,1009.08740234375,437.3463134765625,977.0048828125,400.83074951171875,994.68212890625,452.9230041503906,967.4644775390625,405.09698486328125,1003.3533935546875,444.89239501953125,987.4220581054688,438.05682373046875,1003.4229125976562,482.13433837890625,968.8260498046875,473.5930480957031,1017.4689331054688,522.5533447265625,965.819091796875,511.69500732421875
1002.134765625,382.4940185546875,1005.6384887695312,380.1990051269531,1000.5752563476562,378.67108154296875,1010.9637451171875,383.44976806640625,998.6116943359375,378.917236328125,1012.06005859375,402.7791748046875,990.760498046875,389.48956298828125,991.609375,421.4925537109375,969.8302001953125,392.11846923828125,968.863525390625,408.10394287109375,960.6956176757812,387.20635986328125,1002.4052734375,443.87646484375,984.9380493164062,436.9249267578125,1002.9136962890625,480.0830078125,962.6141357421875,469.38299560546875,1018.08056640625,521.2386474609375,959.1978149414062,505.134765625
992.4882202148438,374.09564208984375,996.6886596679688,371.3423767089844,990.8682861328125,370.2078857421875,1003.0364990234375,375.9595642089844,992.0659790039062,372.78399658203125,1002.1116943359375,396.54144287109375,988.381103515625,386.2262878417969,976.88427734375,400.85223388671875,971.7606201171875,380.798583984375,960.1268920898438,373.301025390625,962.0494384765625,364.20733642578125,993.6696166992188,444.11773681640625,979.9190673828125,438.2762145996094,998.6820068359375,481.7203369140625,956.353759765625,472.5745849609375,1019.8006591796875,516.1707763671875,949.9319458007812,501.4335021972656
992.4669189453125,374.0997619628906,996.68701171875,371.3832092285156,990.867431640625,370.20489501953125,1003.1038818359375,376.0848083496094,992.0568237304688,372.7760925292969,1002.2718505859375,396.817138671875,988.2515869140625,386.0628662109375,976.8564453125,401.0140686035156,971.617919921875,379.9541931152344,959.9688720703125,372.78466796875,962.0890502929688,362.6926574707031,993.626708984375,444.4130859375,979.6617431640625,438.3677978515625,998.7694702148438,482.17236328125,956.4005126953125,472.6958312988281,1019.8939819335938,516.5465087890625,950.1324462890625,501.3207092285156
992.8050537109375,366.05841064453125,995.891357421875,362.57684326171875,989.26806640625,361.93109130859375,997.4514770507812,369.62347412109375,985.1178588867188,366.8870544433594,993.9481201171875,388.7240295410156,980.72412109375,378.3481750488281,977.085693359375,357.6215515136719,971.2139892578125,339.6853942871094,976.4628295898438,314.3074645996094,975.2078857421875,314.3523254394531,989.0337524414062,439.4332580566406,974.5281372070312,434.26483154296875,997.4200439453125,481.24700927734375,957.3173828125,471.3395690917969,1017.8310546875,515.3560791015625,949.052001953125,499.3975524902344
993.456787109375,315.259521484375,995.794189453125,310.5468444824219,989.2392578125,310.1203308105469,991.9421997070312,311.93658447265625,980.469482421875,310.36737060546875,983.11376953125,334.94476318359375,973.9359741210938,332.024169921875,971.5157470703125,358.965087890625,968.67626953125,353.9564208984375,970.1175537109375,362.996337890625,971.166015625,366.88055419921875,983.7799072265625,407.1629333496094,974.6445922851562,406.031982421875,993.432373046875,461.1221008300781,962.3458251953125,458.678466796875,1011.6727294921875,505.3271484375,953.94140625,503.31341552734375
976.5155639648438,355.39501953125,978.057373046875,351.9055480957031,973.7083740234375,351.5301513671875,975.9157104492188,355.8795166015625,970.0985107421875,354.41339111328125,976.0206298828125,370.38238525390625,965.2720947265625,367.64959716796875,974.91162109375,356.852294921875,970.3887939453125,355.36773681640625,982.2409057617188,327.5667724609375,979.054931640625,335.885009765625,981.3585205078125,424.09405517578125,970.22216796875,423.2331848144531,992.0662841796875,467.2650146484375,960.5811767578125,464.5187072753906,1010.8424072265625,505.6219482421875,957.317138671875,501.1959228515625
971.8287353515625,350.59600830078125,973.7999267578125,347.25958251953125,969.71826171875,346.44329833984375,970.4195556640625,349.93994140625,965.2608032226562,347.90118408203125,966.8656005859375,365.25775146484375,956.1004028320312,364.9666442871094,962.10791015625,372.0431213378906,955.4595947265625,378.4058532714844,963.9986572265625,366.6644287109375,959.0909423828125,390.4551086425781,972.414794921875,419.8457336425781,961.843994140625,420.3380126953125,987.1783447265625,463.20819091796875,954.46533203125,462.63348388671875,1011.248779296875,501.1585693359375,956.2025756835938,500.8591003417969
959.832763671875,345.3775634765625,963.2869262695312,342.682373046875,958.9710693359375,341.6448669433594,964.1575927734375,347.56927490234375,958.9462890625,345.747314453125,963.8845825195312,361.79229736328125,949.3317260742188,362.2253723144531,961.5106201171875,354.55767822265625,952.476318359375,357.8154296875,964.673828125,331.9154052734375,959.6776123046875,336.4099426269531,968.456298828125,417.7471618652344,954.9825439453125,418.8404846191406,979.9121704101562,461.049560546875,948.9402465820312,463.0765686035156,1007.2824096679688,498.8951110839844,958.21826171875,502.83538818359375
960.104248046875,345.392578125,963.497314453125,342.6890869140625,959.19140625,341.66668701171875,964.240478515625,347.5380859375,959.018310546875,345.719970703125,964.004638671875,361.7544250488281,949.39111328125,362.096435546875,961.67578125,354.6222839355469,952.5843505859375,357.695556640625,964.7840576171875,331.8607482910156,959.8005981445312,336.3003845214844,968.4630126953125,417.686767578125,954.9637451171875,418.7289733886719,979.8768310546875,461.09429931640625,948.998779296875,463.017333984375,1007.060302734375,498.97894287109375,958.180419921875,502.7786865234375
967.42578125,345.6622009277344,969.9940185546875,341.8507995605469,964.591064453125,341.1909484863281,966.2615966796875,342.4378967285156,956.730224609375,341.076904296875,960.4984130859375,357.56793212890625,944.73291015625,356.7100830078125,954.7752685546875,373.5832214355469,938.8346557617188,371.2174987792969,957.1510620117188,381.8573913574219,942.943603515625,380.0989990234375,958.8992919921875,411.79168701171875,946.4564208984375,412.45513916015625,973.6707763671875,453.530517578125,948.4315185546875,454.2403564453125,996.2806396484375,490.7174072265625,958.5397338867188,493.6102294921875
961.56494140625,331.992919921875,964.8011474609375,328.25006103515625,960.0873413085938,327.9311828613281,964.309326171875,330.39617919921875,957.008056640625,330.0387878417969,960.1690063476562,345.4918212890625,943.2222900390625,345.44720458984375,938.8056640625,349.3539733886719,926.1993408203125,348.44537353515625,928.6748046875,338.6571350097656,931.7457275390625,337.39898681640625,957.4010009765625,400.80389404296875,943.6630859375,401.4710693359375,966.6168823242188,447.937744140625,942.9375,448.84552001953125,984.89892578125,488.8525085449219,955.6807861328125,490.4685974121094
927.84765625,324.3412170410156,930.66650390625,320.6056823730469,927.7285766601562,320.68218994140625,939.5999755859375,323.34869384765625,932.91748046875,323.720947265625,950.4779052734375,338.1163024902344,931.7114868164062,338.86676025390625,947.3895263671875,342.5362548828125,925.773681640625,344.56689453125,932.0885009765625,327.8393859863281,929.075927734375,329.2896728515625,953.302001953125,393.20477294921875,940.2456665039062,393.5703125,953.62841796875,441.6506652832031,942.733154296875,441.6990051269531,966.7611694335938,487.6434631347656,957.4425659179688,485.2863464355469
952.50732421875,318.2190856933594,955.3394775390625,314.3116455078125,951.1168212890625,314.1651611328125,956.4814453125,317.3027648925781,950.2374267578125,317.08319091796875,951.1884155273438,334.0374755859375,939.0794677734375,330.98577880859375,920.5922241210938,319.0831298828125,912.368408203125,313.037353515625,906.271728515625,294.3945007324219,902.7152709960938,296.6485290527344,944.968994140625,389.69842529296875,935.751953125,388.56072998046875,949.1793823242188,439.1428527832031,939.3839721679688,436.92547607421875,959.3507080078125,481.8056945800781,949.00439453125,477.6171569824219
943.670654296875,315.9830627441406,946.30419921875,312.11334228515625,943.2381591796875,312.14471435546875,948.5842895507812,316.5770263671875,947.5442504882812,316.63470458984375,945.8259887695312,332.21575927734375,938.0880126953125,329.0938720703125,907.48046875,312.7567443847656,904.8803100585938,306.1566162109375,885.607666015625,280.7901611328125,882.6754150390625,283.4234924316406,941.6654663085938,387.9981689453125,935.3150634765625,386.4696044921875,943.380615234375,438.2476806640625,936.2089233398438,435.38043212890625,953.7598876953125,482.7970275878906,950.2039794921875,476.697265625
943.6770629882812,316.0995788574219,946.32275390625,312.23797607421875,943.2484130859375,312.2644958496094,948.65234375,316.6575622558594,947.5274047851562,316.7035217285156,945.933349609375,332.2084045410156,938.0462036132812,329.08831787109375,907.521240234375,312.81243896484375,904.8419189453125,306.2315979003906,885.522216796875,280.81982421875,882.6231689453125,283.5217590332031,941.7825927734375,387.91900634765625,935.326904296875,386.39129638671875,943.4917602539062,438.1383361816406,936.199951171875,435.2817077636719,953.8692626953125,482.6112060546875,950.182373046875,476.5588073730469
940.5782470703125,314.2361145019531,943.882080078125,310.82843017578125,939.599609375,310.4947204589844,947.1051025390625,314.2697448730469,939.2301635742188,313.215087890625,944.5105590820312,329.0223693847656,925.4155883789062,324.4844665527344,907.0877685546875,318.4422302246094,894.0406494140625,309.44622802734375,884.0678100585938,288.4259338378906,877.2086791992188,293.817138671875,939.0199584960938,383.7958984375,924.955078125,381.86053466796875,942.04150390625,433.4153137207031,927.4903564453125,430.02618408203125,953.499267578125,476.2703857421875,941.6837768554688,472.57427978515625
930.4100341796875,317.68115234375,934.0740966796875,314.6197509765625,930.2828369140625,313.9949645996094,939.8319091796875,317.9248962402344,932.9876708984375,316.1699523925781,939.9849853515625,332.87615966796875,922.509033203125,326.21661376953125,904.2952880859375,329.75128173828125,891.607177734375,316.3160705566406,880.626708984375,301.44952392578125,879.5528564453125,299.5456237792969,933.96044921875,386.5321044921875,920.6419677734375,383.22894287109375,934.9339599609375,434.4429016113281,919.1021728515625,428.6364440917969,949.4024658203125,475.64752197265625,932.56396484375,466.0144958496094
927.111572265625,316.67291259765625,930.2335205078125,313.4837341308594,926.055908203125,312.4536437988281,934.6080322265625,314.8235168457031,924.8641357421875,312.4119873046875,937.156005859375,334.7754821777344,915.578857421875,322.62322998046875,931.234375,360.1623229980469,887.2244873046875,319.8471984863281,921.6004028320312,377.7279052734375,868.7178955078125,309.57794189453125,930.0203247070312,384.11016845703125,915.668212890625,378.7139892578125,933.2513427734375,429.5667724609375,914.398681640625,424.47320556640625,946.5556640625,470.40814208984375,919.6644287109375,465.6802978515625
916.9100341796875,321.2689514160156,919.4600830078125,318.01068115234375,916.129150390625,317.403564453125,924.5087890625,320.7372131347656,917.7049560546875,318.98101806640625,931.7664794921875,340.52325439453125,911.770263671875,335.2486267089844,931.4364013671875,366.77105712890625,903.359375,354.9110107421875,925.1962890625,379.71087646484375,903.929443359375,365.82684326171875,926.5208740234375,389.3475036621094,911.6900634765625,386.3525390625,929.3571166992188,431.6796875,901.0203857421875,427.3766784667969,942.053466796875,470.4842834472656,901.5350341796875,463.7364807128906
917.5028686523438,326.5,919.32958984375,323.1038513183594,915.5652465820312,322.3839416503906,919.0484619140625,325.2261962890625,914.8485717773438,323.0904846191406,920.0045166015625,343.7339782714844,909.6019287109375,339.4425354003906,917.360595703125,368.53094482421875,910.73828125,361.24273681640625,913.45947265625,373.8958740234375,914.6253662109375,371.3436279296875,915.61865234375,393.418701171875,905.8870849609375,391.6835632324219,920.453369140625,436.7724609375,889.3661499023438,433.369873046875,940.2928466796875,475.38543701171875,891.9494018554688,468.7982482910156
917.7879638671875,326.3974609375,919.49072265625,322.9676513671875,915.863525390625,322.2579040527344,918.81494140625,325.09600830078125,915.4432373046875,322.95465087890625,919.380615234375,343.66925048828125,910.5093383789062,339.41644287109375,916.7352294921875,368.60308837890625,911.6921997070312,361.40966796875,913.5316162109375,374.79296875,914.6104736328125,372.05938720703125,915.28271484375,393.280029296875,906.588134765625,391.5909118652344,920.4534912109375,436.57684326171875,889.7755737304688,433.2765197753906,940.2943725585938,475.1610107421875,891.9544677734375,468.7039794921875
909.9742431640625,336.3172302246094,912.6611328125,333.29876708984375,907.921630859375,332.5586242675781,916.400390625,336.4451599121094,907.45556640625,334.34521484375,922.0791015625,354.9743957519531,903.3428955078125,350.4238586425781,932.17236328125,373.15618896484375,895.4529418945312,366.3154296875,932.5614013671875,377.10614013671875,893.1509399414062,375.0649108886719,914.8994750976562,402.05731201171875,901.1650390625,399.49420166015625,914.851806640625,445.4429626464844,886.5367431640625,440.982666015625,932.9365234375,484.9512634277344,889.321533203125,476.6100769042969
901.6951904296875,345.2789306640625,904.691650390625,342.3418884277344,899.58447265625,341.8233947753906,909.6626586914062,345.6651611328125,899.0810546875,344.35443115234375,917.7664794921875,364.2347717285156,896.306884765625,359.42242431640625,926.8694458007812,384.79364013671875,886.9436645507812,374.3597717285156,923.2291259765625,390.9079284667969,883.3273315429688,379.3814697265625,913.4240112304688,411.68060302734375,899.47265625,408.7248229980469,903.2861328125,452.6807556152344,888.1898193359375,447.890380859375,927.3125,485.95159912109375,907.772705078125,477.2751159667969
900.1041870117188,348.90472412109375,903.414306640625,345.7585144042969,897.4487915039062,345.1725769042969,907.616455078125,347.9985656738281,892.9909057617188,346.9548034667969,914.1597290039062,367.8298645019531,885.56494140625,364.4921875,927.4729614257812,391.6491394042969,863.5061645507812,379.712646484375,923.2051391601562,410.1168212890625,834.34423828125,391.92877197265625,908.3922119140625,417.4556579589844,892.3665161132812,415.52099609375,896.6043701171875,452.31134033203125,887.868896484375,450.28631591796875,920.025146484375,482.66217041015625,917.2359619140625,480.22637939453125
0.0,0.0,0.0,0.0,0.0,0.0,0.0,0.0,0.0,0.0,0.0,0.0,0.0,0.0,0.0,0.0,0.0,0.0,0.0,0.0,0.0,0.0,0.0,0.0,0.0,0.0,0.0,0.0,0.0,0.0,0.0,0.0,0.0,0.0
0.0,0.0,0.0,0.0,0.0,0.0,0.0,0.0,0.0,0.0,0.0,0.0,0.0,0.0,0.0,0.0,0.0,0.0,0.0,0.0,0.0,0.0,0.0,0.0,0.0,0.0,0.0,0.0,0.0,0.0,0.0,0.0,0.0,0.0
0.0,0.0,0.0,0.0,0.0,0.0,0.0,0.0,0.0,0.0,0.0,0.0,0.0,0.0,0.0,0.0,0.0,0.0,0.0,0.0,0.0,0.0,0.0,0.0,0.0,0.0,0.0,0.0,0.0,0.0,0.0,0.0,0.0,0.0
899.1216430664062,346.2321472167969,902.3544921875,342.8432312011719,895.8059692382812,342.77294921875,907.5620727539062,345.5325622558594,891.7281494140625,345.44500732421875,916.40380859375,365.49725341796875,887.1677856445312,365.6849670410156,928.9872436523438,386.55206298828125,879.44873046875,390.9678039550781,928.6746826171875,400.229248046875,874.5330810546875,416.2709655761719,914.6731567382812,413.1292419433594,897.2259521484375,412.46795654296875,902.576171875,449.24066162109375,888.938720703125,446.8777770996094,918.2215576171875,484.178466796875,912.5934448242188,479.32135009765625
901.3921508789062,343.9424133300781,904.4331665039062,340.178955078125,897.4542236328125,340.5327453613281,909.39013671875,341.7348937988281,891.9219360351562,342.78509521484375,917.965087890625,359.765380859375,887.9515380859375,364.2735900878906,934.5913696289062,375.33984375,883.0853271484375,391.78143310546875,935.177734375,381.59185791015625,882.0946655273438,418.10467529296875,916.5263671875,408.6345520019531,897.995361328125,410.01806640625,909.6099853515625,446.24578857421875,890.4515380859375,446.0072021484375,917.2435913085938,484.23675537109375,902.3287353515625,481.46148681640625
903.9724731445312,340.73260498046875,906.9688110351562,337.1650085449219,900.4105224609375,337.27020263671875,912.23291015625,338.3315124511719,894.7374267578125,338.99078369140625,920.4185791015625,355.5220947265625,890.6318359375,359.34857177734375,934.1182250976562,369.0146484375,885.4998779296875,387.1668701171875,928.0625610351562,366.0603332519531,886.960205078125,408.51763916015625,918.2359619140625,404.567626953125,898.6327514648438,405.0936279296875,915.3148193359375,443.455810546875,889.0490112304688,442.14093017578125,919.1224365234375,482.9132080078125,891.195556640625,478.60968017578125
904.7026977539062,340.41217041015625,907.6942749023438,336.5736389160156,901.078369140625,336.87860107421875,913.1168212890625,337.4609375,895.927734375,338.45477294921875,922.4287719726562,355.1278381347656,891.4480590820312,359.338623046875,939.5460205078125,369.7607421875,885.6094970703125,385.6072082519531,937.5536499023438,373.49603271484375,887.496337890625,408.7614440917969,919.54541015625,406.1578674316406,900.0498046875,407.263916015625,914.6519165039062,446.00921630859375,893.0164794921875,445.4658203125,917.8553466796875,485.96478271484375,899.2786865234375,482.57623291015625
905.981201171875,340.9670104980469,909.1925048828125,337.1642761230469,902.6427001953125,337.3952331542969,915.6696166992188,337.852783203125,898.2418212890625,338.75634765625,925.65673828125,354.65618896484375,894.2061767578125,359.20733642578125,945.8919677734375,364.702880859375,887.089599609375,384.013916015625,947.8939819335938,361.644775390625,888.3035888671875,404.89837646484375,920.4693603515625,405.35064697265625,900.7611083984375,406.2283630371094,914.4671630859375,444.45428466796875,891.8687744140625,443.28192138671875,916.9075927734375,484.59429931640625,896.5653076171875,479.9372863769531
905.9439697265625,340.95343017578125,909.160888671875,337.1536865234375,902.61328125,337.3733215332031,915.63720703125,337.85955810546875,898.2208251953125,338.7431640625,925.6451416015625,354.75775146484375,894.2003173828125,359.2261962890625,945.9573974609375,365.00140380859375,887.017822265625,384.0601806640625,947.4234619140625,361.94097900390625,888.2257690429688,404.9866943359375,920.412353515625,405.547119140625,900.7128295898438,406.36932373046875,914.3318481445312,444.623046875,891.766357421875,443.37109375,916.9239501953125,484.7801513671875,896.6504516601562,480.01422119140625
912.740966796875,336.1583251953125,916.1060791015625,332.5565185546875,909.5088500976562,332.4906005859375,922.4844970703125,333.9967346191406,904.8901977539062,334.1554260253906,933.0108642578125,352.5372619628906,898.6611328125,354.4303894042969,950.7343139648438,365.2881774902344,889.0174560546875,377.965576171875,948.3951416015625,362.10443115234375,887.4530029296875,400.2802734375,924.3619995117188,403.73895263671875,901.9915771484375,403.0712585449219,919.3463745117188,443.21209716796875,887.9576416015625,439.9576721191406,919.8551025390625,484.2164611816406,887.919677734375,477.3392333984375
914.9515380859375,333.0152587890625,918.3799438476562,329.5570068359375,911.766845703125,329.3616027832031,924.867431640625,331.90277099609375,907.6463012695312,331.5453186035156,934.3006591796875,350.8926086425781,901.6961669921875,353.10211181640625,951.074462890625,359.8748779296875,890.5538330078125,377.71478271484375,954.05029296875,349.91522216796875,886.1817626953125,402.1788024902344,925.53125,402.35986328125,903.9237060546875,401.7710266113281,921.5176391601562,442.7802734375,887.7442626953125,439.0917663574219,921.9585571289062,484.08062744140625,882.9193725585938,475.9359130859375
916.8538818359375,331.8553161621094,920.1893920898438,328.34619140625,913.5247802734375,328.2469177246094,926.49755859375,330.3277587890625,908.4959106445312,330.28094482421875,936.868408203125,349.38055419921875,900.8944091796875,351.7515563964844,955.1749877929688,357.25921630859375,887.5123291015625,374.0555419921875,957.8838500976562,348.1555480957031,881.7313842773438,396.21527099609375,927.96484375,402.21832275390625,904.413330078125,401.73583984375,924.3861694335938,443.830078125,889.3538818359375,440.6789245605469,922.9052124023438,485.91290283203125,884.7753295898438,479.24298095703125
918.053955078125,331.09136962890625,920.341796875,326.540283203125,914.9346313476562,327.4591369628906,926.2285766601562,326.77581787109375,910.409912109375,329.4877624511719,937.00048828125,346.2227783203125,905.5904541015625,348.9482421875,952.2401733398438,366.3465270996094,892.4089965820312,369.9774169921875,953.0875244140625,380.6663818359375,883.4560546875,382.51800537109375,929.7467651367188,397.2535400390625,908.987548828125,397.8148498535156,931.677490234375,436.5269775390625,894.7439575195312,436.72637939453125,933.76416015625,475.0005798339844,886.3060302734375,475.39569091796875
919.1163940429688,332.6939392089844,921.5716552734375,328.09539794921875,915.6761474609375,329.0433349609375,927.4188232421875,328.45025634765625,910.82275390625,331.1953430175781,938.4754028320312,347.70458984375,905.4310913085938,350.8720703125,955.283203125,367.0439758300781,892.8812255859375,372.1114196777344,957.84130859375,379.7633972167969,886.7938232421875,382.63507080078125,933.09619140625,398.3916320800781,910.9630737304688,399.326904296875,938.2335205078125,434.27532958984375,896.2015380859375,434.6911926269531,941.129150390625,473.3294677734375,887.4146728515625,474.13604736328125
919.025146484375,332.72210693359375,921.4888916015625,328.12615966796875,915.600341796875,329.07086181640625,927.3751831054688,328.47705078125,910.7835693359375,331.2196350097656,938.4697265625,347.7266540527344,905.443115234375,350.8961181640625,955.1921997070312,367.206298828125,893.0252685546875,372.26678466796875,957.5504150390625,380.1552429199219,887.037109375,383.00225830078125,933.1224365234375,398.36566162109375,910.98486328125,399.2991027832031,938.2618408203125,434.2022705078125,896.18994140625,434.61651611328125,941.1937866210938,473.2590637207031,887.47802734375,474.05511474609375
920.2786865234375,335.52850341796875,923.5712890625,331.78399658203125,917.0762939453125,331.864013671875,930.2314453125,333.0198669433594,912.4801025390625,333.540283203125,941.2786865234375,350.7867431640625,905.6390380859375,354.75299072265625,962.6949462890625,361.89727783203125,891.8363037109375,377.6304016113281,965.385498046875,364.9488830566406,887.8840942382812,400.0831298828125,935.9470825195312,402.6933288574219,911.1064453125,403.87982177734375,941.55859375,440.6302490234375,894.6080322265625,440.69921875,947.8445434570312,481.19085693359375,886.31298828125,479.395751953125
924.1854858398438,339.110107421875,927.460693359375,335.4824523925781,921.30517578125,335.28790283203125,934.1656494140625,337.0189208984375,915.7874755859375,336.9386901855469,946.185791015625,356.26153564453125,905.4376831054688,358.867919921875,965.479248046875,369.3587951660156,886.822265625,384.63067626953125,965.4146118164062,370.8457946777344,882.8743286132812,411.81390380859375,941.34912109375,408.91082763671875,912.3804931640625,409.4566955566406,951.5167236328125,450.87646484375,893.626708984375,449.72576904296875,959.8643188476562,496.12890625,884.86328125,493.212158203125
922.5459594726562,347.2421875,924.8204956054688,342.77825927734375,919.8306884765625,343.32525634765625,930.2067260742188,342.6334533691406,915.885009765625,344.2353210449219,943.2716674804688,360.1423645019531,908.828857421875,362.66485595703125,965.1951904296875,378.4192199707031,896.4737548828125,383.7474365234375,973.7946166992188,392.0709228515625,890.1453857421875,394.6630554199219,939.129150390625,410.6833190917969,915.5132446289062,411.5955505371094,953.968505859375,452.0062255859375,898.8330688476562,452.4901123046875,963.4454345703125,494.1299743652344,888.5333862304688,494.9405517578125
927.5260620117188,354.8516845703125,930.8406982421875,351.1189270019531,924.6414184570312,350.96990966796875,937.168701171875,351.029052734375,919.361083984375,350.82891845703125,947.0321044921875,368.3076171875,908.8203125,371.0664367675781,964.0447998046875,385.647705078125,892.6458740234375,396.5997314453125,969.4813232421875,399.79949951171875,887.2052001953125,424.679443359375,942.4169311523438,420.59423828125,914.6050415039062,421.8835144042969,959.7826538085938,457.04534912109375,896.9073486328125,458.0408935546875,977.66552734375,502.1376953125,888.8038330078125,502.99884033203125
931.8623657226562,363.63372802734375,934.997314453125,359.686279296875,928.641845703125,359.96856689453125,941.4230346679688,359.8235778808594,923.3641357421875,360.5150146484375,950.3656005859375,378.1590576171875,914.0447387695312,381.7413024902344,965.734130859375,396.5739440917969,898.4656982421875,409.078369140625,969.218994140625,409.95977783203125,898.0449829101562,438.44439697265625,943.57568359375,430.03948974609375,916.6522216796875,431.5982666015625,964.0442504882812,463.84271240234375,899.5402221679688,464.7940979003906,980.0115966796875,504.5809020996094,887.2974853515625,505.3516845703125
932.053955078125,363.67205810546875,935.1828002929688,359.7379150390625,928.8367309570312,360.0091552734375,941.57177734375,359.8788757324219,923.543212890625,360.53179931640625,950.4768676757812,378.2161560058594,914.145751953125,381.6668701171875,965.6866455078125,396.65362548828125,898.4470825195312,408.8277282714844,969.3576049804688,410.1792297363281,898.1700439453125,438.0108947753906,943.704345703125,430.05908203125,916.7766723632812,431.5670166015625,964.0867919921875,463.90887451171875,899.5761108398438,464.8155212402344,980.0626831054688,504.6801452636719,887.381103515625,505.40936279296875
941.2464599609375,369.215087890625,944.2608642578125,365.47784423828125,937.5192260742188,365.5867919921875,949.114013671875,367.8988037109375,930.7294921875,367.82574462890625,956.869873046875,390.0504150390625,918.580078125,390.85986328125,966.2631225585938,415.3261413574219,906.63671875,420.431396484375,968.2897338867188,430.1706848144531,916.133544921875,443.50494384765625,948.495361328125,439.748291015625,919.3472900390625,440.36846923828125,973.3829956054688,467.0979309082031,902.0413818359375,467.3286437988281,984.1854248046875,505.02044677734375,884.79052734375,505.2977600097656
952.2698974609375,382.172607421875,954.33251953125,378.56451416015625,948.78857421875,378.7213439941406,956.8837890625,379.54998779296875,941.321533203125,379.3970947265625,962.9558715820312,397.942138671875,928.2786254882812,398.80865478515625,971.2176513671875,420.12469482421875,918.0848388671875,425.97930908203125,974.9159545898438,430.66748046875,929.839111328125,448.0484619140625,954.6106567382812,442.87567138671875,927.4059448242188,443.821533203125,982.890380859375,468.7323303222656,910.3663330078125,469.0776672363281,989.595458984375,503.8457336425781,886.9030151367188,504.553955078125
963.8477783203125,384.99755859375,965.8638916015625,381.6480712890625,960.5643310546875,381.59228515625,966.0770874023438,383.6705017089844,953.12646484375,383.31024169921875,963.4495849609375,401.0369567871094,943.5664672851562,403.54595947265625,972.50537109375,421.9274597167969,935.9203491210938,433.0578918457031,977.8430786132812,433.99273681640625,948.96484375,454.40716552734375,957.868408203125,441.5530700683594,939.6113891601562,443.6084289550781,988.3610229492188,472.7998352050781,925.3233642578125,475.5072326660156,1000.5671997070312,504.50250244140625,897.294677734375,509.72235107421875
978.0078125,390.2040710449219,980.071533203125,386.80657958984375,975.6927490234375,386.5529479980469,978.3876953125,387.89923095703125,969.6678466796875,387.61834716796875,971.09423828125,403.31951904296875,958.6644287109375,404.8232116699219,972.6209716796875,421.22039794921875,950.6526489257812,426.6165771484375,979.200927734375,432.0486145019531,959.7273559570312,440.07623291015625,956.9293212890625,442.4991455078125,943.22021484375,443.928955078125,985.8239135742188,476.4509582519531,925.6932373046875,478.63970947265625,1001.839111328125,508.0858154296875,901.39013671875,512.5599365234375
994.0880126953125,391.5198669433594,993.735107421875,387.490966796875,991.3150634765625,387.538818359375,984.2151489257812,387.99163818359375,984.7298583984375,387.70086669921875,972.97021484375,405.53167724609375,977.5797729492188,402.77362060546875,972.785400390625,420.6880187988281,978.821533203125,422.48748779296875,987.9078369140625,430.114990234375,992.7108154296875,443.7857666015625,946.4609985351562,447.1611328125,960.4664306640625,445.0282287597656,925.1463623046875,480.616455078125,1011.0125732421875,475.3486633300781,892.7386474609375,512.6904296875,1045.223876953125,505.6471252441406
994.0770263671875,391.56573486328125,993.7431640625,387.5343017578125,991.2899780273438,387.58123779296875,984.2752685546875,388.03973388671875,984.6778564453125,387.7418518066406,973.0812377929688,405.54742431640625,977.4920654296875,402.756103515625,972.9515991210938,420.568115234375,978.6456298828125,422.25054931640625,988.0067138671875,429.94287109375,992.41796875,443.42303466796875,946.5389404296875,447.1159973144531,960.41943359375,444.9698181152344,925.25,480.615966796875,1011.0645751953125,475.33612060546875,892.8492431640625,512.7167358398438,1045.33935546875,505.67431640625
1009.7034912109375,397.0672607421875,1008.7347412109375,392.68414306640625,1007.2787475585938,393.312744140625,997.4005737304688,392.3876037597656,1001.4098510742188,394.2034606933594,982.56103515625,408.0658264160156,997.1976928710938,410.85394287109375,974.1126708984375,422.58184814453125,1001.4349365234375,433.90576171875,986.10595703125,430.7310791015625,1014.175048828125,449.5778503417969,961.0430908203125,447.7991638183594,980.6621704101562,448.1986083984375,935.7637939453125,477.9311828613281,1025.2685546875,477.17889404296875,895.8502807617188,508.3871154785156,1049.2042236328125,507.72296142578125
1026.3507080078125,404.48492431640625,1023.9788818359375,399.8811950683594,1024.50732421875,400.96295166015625,1009.7913208007812,398.8243408203125,1018.2205810546875,401.75323486328125,998.6085205078125,412.7586669921875,1010.0816650390625,417.53619384765625,995.4368896484375,428.50164794921875,1016.04638671875,440.95745849609375,1012.700439453125,440.3053894042969,1033.142822265625,451.7077331542969,977.70556640625,448.07568359375,995.43798828125,449.3218688964844,944.6302490234375,479.3985900878906,1033.966796875,479.8927917480469,900.302001953125,507.60308837890625,1059.47412109375,507.60833740234375
1040.123779296875,414.8245849609375,1038.5723876953125,410.356689453125,1037.5640869140625,411.2547912597656,1025.226318359375,409.5230712890625,1029.69287109375,411.85595703125,1011.99853515625,422.6549377441406,1021.09619140625,427.631103515625,1018.0928955078125,436.6663513183594,1029.814453125,449.99481201171875,1045.882080078125,447.70654296875,1050.6915283203125,464.5641174316406,987.2887573242188,453.33160400390625,1004.9276123046875,455.2632751464844,956.461669921875,483.1509704589844,1044.215087890625,484.23626708984375,915.3299560546875,511.3016052246094,1076.0941162109375,514.8499145507812
1058.352294921875,423.57525634765625,1058.812255859375,419.25897216796875,1055.645751953125,420.0223388671875,1050.3272705078125,417.62652587890625,1048.0545654296875,420.08209228515625,1034.4654541015625,427.99200439453125,1036.8634033203125,436.07965087890625,1039.532470703125,441.21612548828125,1049.1064453125,467.2522888183594,1063.8212890625,443.9356689453125,1080.272216796875,489.03521728515625,991.4445190429688,455.79693603515625,992.85595703125,458.0536193847656,977.6965942382812,481.13922119140625,974.0835571289062,483.3524169921875,953.1971435546875,508.0703430175781,954.3731689453125,513.1683349609375
1069.921630859375,427.1206970214844,1068.729248046875,423.410888671875,1068.7491455078125,424.0353698730469,1056.45947265625,421.6645202636719,1063.2237548828125,424.15869140625,1038.080078125,428.32427978515625,1055.74609375,437.0759582519531,1025.0115966796875,432.08929443359375,1070.5418701171875,465.6943359375,1037.8436279296875,428.7653503417969,1100.6484375,491.3846740722656,1007.1480712890625,454.52001953125,1024.2371826171875,457.0624694824219,981.215087890625,484.100341796875,1043.69775390625,485.64898681640625,937.3116455078125,506.3311767578125,1047.940673828125,508.57440185546875
1069.91796875,426.9421691894531,1068.7752685546875,423.23419189453125,1068.7615966796875,423.85931396484375,1056.7041015625,421.51214599609375,1063.356201171875,424.0046081542969,1038.4034423828125,428.2153015136719,1055.93603515625,436.9105224609375,1025.322021484375,431.9783935546875,1070.4788818359375,465.42303466796875,1038.22607421875,428.8330993652344,1100.636962890625,491.23651123046875,1007.3009033203125,454.51019287109375,1024.2373046875,457.00250244140625,981.0455932617188,484.29241943359375,1043.00732421875,485.79949951171875,937.0689697265625,506.43841552734375,1046.694580078125,508.6218566894531
1078.594970703125,431.85888671875,1076.7998046875,427.89959716796875,1077.845703125,428.8154296875,1064.5733642578125,424.24664306640625,1074.35009765625,427.4744873046875,1048.5777587890625,429.26641845703125,1066.178466796875,437.687255859375,1037.1475830078125,438.5521545410156,1080.8345947265625,468.80682373046875,1048.0709228515625,444.48846435546875,1108.370849609375,497.1737365722656,1009.812255859375,454.8622741699219,1028.1220703125,457.3847351074219,991.6025390625,486.6065673828125,1063.5501708984375,488.0167236328125,945.97900390625,509.2255554199219,1074.272216796875,510.9859313964844
1083.7752685546875,435.86029052734375,1084.5126953125,432.183837890625,1084.2315673828125,432.01519775390625,1076.1495361328125,427.7435302734375,1078.52978515625,426.7276611328125,1058.3660888671875,429.5098571777344,1064.4267578125,429.2817077636719,1059.368408203125,445.6295166015625,1062.15478515625,448.79486083984375,1071.4970703125,462.237548828125,1065.01513671875,464.8350830078125,1011.296630859375,448.6509704589844,1016.788818359375,448.108154296875,1025.3426513671875,470.8560791015625,1037.44677734375,471.6274108886719,1011.31591796875,503.20074462890625,1030.498291015625,505.1895751953125
1086.51806640625,432.429931640625,1086.4019775390625,428.51922607421875,1084.985107421875,429.336669921875,1078.2139892578125,425.7983093261719,1081.06298828125,428.5220947265625,1062.455078125,431.50054931640625,1070.2431640625,436.3829345703125,1040.12158203125,438.25396728515625,1057.37744140625,448.7894287109375,1038.65869140625,440.51702880859375,1054.0130615234375,453.2596435546875,1029.573974609375,456.4842224121094,1042.29931640625,458.28076171875,1009.577392578125,484.08935546875,1068.6669921875,486.9172668457031,966.1334228515625,509.98974609375,1077.497802734375,514.5112915039062
1090.673828125,428.2691345214844,1089.6187744140625,424.069580078125,1088.844482421875,424.82440185546875,1078.4056396484375,421.60986328125,1082.8939208984375,423.9410400390625,1062.2550048828125,429.00079345703125,1070.8309326171875,432.90130615234375,1046.5921630859375,439.28082275390625,1060.3671875,446.57354736328125,1048.8360595703125,447.50274658203125,1057.933349609375,453.83831787109375,1028.29296875,456.70556640625,1041.11181640625,458.31646728515625,1014.58544921875,482.0931701660156,1068.8289794921875,484.7347412109375,972.8785400390625,511.5091552734375,1074.6300048828125,516.544921875
1084.2452392578125,422.939697265625,1085.584228515625,420.4007263183594,1082.96875,419.64862060546875,1083.6644287109375,420.7508544921875,1075.3583984375,418.2446594238281,1077.173828125,435.7574157714844,1058.4879150390625,423.8808288574219,1074.458740234375,466.11016845703125,1035.009033203125,418.2335205078125,1071.75341796875,494.2588806152344,1031.634521484375,404.58978271484375,1045.663818359375,460.3729248046875,1028.5426025390625,455.53118896484375,1065.73779296875,486.7923889160156,1004.7154541015625,483.4097900390625,1064.2960205078125,514.6497802734375,967.088623046875,514.9365844726562
1084.24609375,422.96380615234375,1085.576904296875,420.4314880371094,1082.9990234375,419.6700439453125,1083.669921875,420.79833984375,1075.4375,418.2620849609375,1077.211669921875,435.8009033203125,1058.5498046875,423.8262939453125,1074.4580078125,466.11749267578125,1034.87744140625,417.98382568359375,1071.706298828125,494.19891357421875,1031.222412109375,404.31005859375,1045.7591552734375,460.34619140625,1028.6708984375,455.45697021484375,1065.6995849609375,486.7709655761719,1004.828125,483.3170471191406,1064.23583984375,514.661376953125,967.2447509765625,514.8515014648438
1083.8414306640625,416.6278076171875,1085.434814453125,413.3064880371094,1081.930908203125,412.87078857421875,1082.460205078125,413.9894714355469,1074.310302734375,412.4096374511719,1073.345703125,429.8337707519531,1059.89453125,420.08563232421875,1067.2890625,457.81927490234375,1041.7408447265625,420.72930908203125,1070.393798828125,482.80670166015625,1041.6209716796875,411.962158203125,1041.580322265625,455.94549560546875,1026.989501953125,450.36309814453125,1061.12060546875,488.6513671875,998.1798095703125,484.2922668457031,1061.27978515625,518.0083618164062,957.0628051757812,517.8311767578125
1084.080078125,410.187255859375,1085.04150390625,406.2764892578125,1081.9478759765625,406.4543151855469,1079.446044921875,405.6631164550781,1073.92919921875,406.2626037597656,1067.2017822265625,417.7319641113281,1058.5799560546875,420.19403076171875,1062.650634765625,435.83990478515625,1056.02392578125,441.470703125,1066.4769287109375,451.21429443359375,1069.6031494140625,461.4223937988281,1032.7755126953125,451.40521240234375,1020.971923828125,452.0422668457031,1057.418212890625,484.3970947265625,996.03173828125,486.39398193359375,1061.35888671875,512.8350219726562,960.8939208984375,520.4104614257812
1084.83935546875,404.2698669433594,1084.983154296875,400.11767578125,1082.65234375,400.0346374511719,1074.0472412109375,398.1288757324219,1073.2808837890625,398.9237365722656,1056.843994140625,410.6685791015625,1059.9197998046875,412.91400146484375,1053.57373046875,436.395263671875,1056.30712890625,443.93353271484375,1062.676513671875,457.4618225097656,1065.298583984375,467.4222106933594,1015.0594482421875,441.32720947265625,1023.372802734375,441.6104736328125,1003.7030029296875,480.1687316894531,1057.8291015625,480.7797546386719,966.9248046875,512.7843017578125,1059.59765625,516.990478515625
1083.6485595703125,397.90435791015625,1083.2366943359375,393.96282958984375,1081.961669921875,393.8628845214844,1071.7177734375,392.34527587890625,1073.489013671875,392.9607238769531,1056.60546875,404.53656005859375,1058.8389892578125,405.90496826171875,1053.156982421875,428.477783203125,1050.7027587890625,433.96075439453125,1060.712890625,444.51885986328125,1056.0986328125,452.4495849609375,1016.27783203125,434.75299072265625,1023.4330444335938,434.5619201660156,1005.25732421875,475.6647033691406,1052.0194091796875,475.36962890625,972.4228515625,511.21099853515625,1054.24853515625,513.76708984375
1073.386474609375,391.61126708984375,1073.37841796875,387.94573974609375,1071.1644287109375,388.0577087402344,1067.818603515625,388.0386962890625,1064.019775390625,387.780517578125,1062.0931396484375,399.4228515625,1047.97314453125,399.4313049316406,1059.333740234375,416.676025390625,1032.3204345703125,423.6514892578125,1061.4473876953125,427.37939453125,1027.5679931640625,454.45233154296875,1031.396240234375,427.573486328125,1017.31005859375,426.8006591796875,1056.234130859375,468.2848205566406,998.2293701171875,466.19561767578125,1065.204833984375,508.721923828125,970.901611328125,507.334716796875
1073.412841796875,391.52032470703125,1073.39306640625,387.8597412109375,1071.1884765625,387.97900390625,1067.821044921875,387.98773193359375,1064.03076171875,387.7444152832031,1062.1251220703125,399.33837890625,1047.9761962890625,399.46722412109375,1059.473388671875,416.42559814453125,1032.095703125,423.81591796875,1061.741943359375,426.99591064453125,1027.234375,454.953857421875,1031.644287109375,427.2698974609375,1017.552001953125,426.5598449707031,1056.42626953125,468.0764465332031,998.3860473632812,466.03692626953125,1065.30126953125,508.52587890625,970.8912963867188,507.16534423828125
1065.1573486328125,387.652099609375,1065.9195556640625,384.0050354003906,1062.9119873046875,384.00811767578125,1063.093994140625,385.06024169921875,1057.139892578125,384.54254150390625,1060.35546875,397.30999755859375,1042.8880615234375,396.8284912109375,1060.52001953125,413.33880615234375,1027.843505859375,419.78009033203125,1064.18994140625,424.6011657714844,1021.8695068359375,451.43890380859375,1033.52978515625,425.8380432128906,1017.370849609375,424.7165222167969,1055.369140625,467.656494140625,998.08740234375,464.9508361816406,1064.2938232421875,509.0464782714844,971.2985229492188,506.184814453125
1059.7462158203125,385.5345153808594,1061.345703125,381.8996887207031,1056.76025390625,381.7160339355469,1059.96142578125,382.88653564453125,1049.14501953125,382.365966796875,1059.196533203125,399.1039123535156,1034.5443115234375,397.38775634765625,1056.94775390625,424.80499267578125,1016.9968872070312,422.88653564453125,1057.0843505859375,443.1819763183594,1010.8056640625,452.7886962890625,1038.075927734375,427.9495849609375,1016.84912109375,427.498779296875,1056.7283935546875,464.6470642089844,993.7893676757812,462.9665222167969,1065.2596435546875,506.4471130371094,971.933349609375,504.40740966796875
1050.8486328125,384.1185607910156,1053.3175048828125,381.0765380859375,1048.1793212890625,380.6100769042969,1056.2490234375,381.74285888671875,1042.022705078125,380.2889404296875,1057.76171875,398.3848876953125,1030.655029296875,395.4540710449219,1058.244384765625,419.9669494628906,1013.46728515625,420.08642578125,1057.2032470703125,433.9732666015625,1005.3023071289062,450.4135437011719,1039.3233642578125,434.50311279296875,1017.8074951171875,431.8990478515625,1053.2296142578125,470.86895751953125,993.541748046875,466.5953369140625,1061.922119140625,510.541015625,971.869384765625,504.7427673339844
1041.8203125,384.7594299316406,1044.84619140625,381.5689697265625,1039.11962890625,381.18328857421875,1050.13623046875,382.1578369140625,1033.6639404296875,381.0451354980469,1053.9180908203125,399.74346923828125,1024.1622314453125,397.5552062988281,1056.8170166015625,421.404296875,1007.1234130859375,421.6652526855469,1055.4810791015625,436.7544250488281,998.29248046875,450.38946533203125,1038.3519287109375,440.30511474609375,1015.5289306640625,438.15411376953125,1052.839111328125,475.2076416015625,993.5791015625,471.7295837402344,1062.671142578125,513.6185913085938,975.2042236328125,509.1495361328125
1038.4951171875,381.27435302734375,1041.08154296875,377.6335144042969,1035.3785400390625,377.78814697265625,1045.030029296875,377.9700622558594,1029.105712890625,378.28729248046875,1049.68408203125,395.6553039550781,1018.05810546875,395.88836669921875,1053.79443359375,418.154296875,1002.0942993164062,421.0663146972656,1055.4483642578125,439.68988037109375,995.2550048828125,449.30865478515625,1034.8946533203125,438.3897399902344,1010.952392578125,437.81573486328125,1050.833984375,475.0048828125,992.5872802734375,473.9647521972656,1061.703857421875,513.7916870117188,977.6998291015625,512.744873046875
1038.434814453125,381.3084716796875,1041.0198974609375,377.67633056640625,1035.3170166015625,377.8289794921875,1044.982177734375,378.02130126953125,1029.0526123046875,378.32958984375,1049.6676025390625,395.704833984375,1018.0616455078125,395.8911437988281,1053.80810546875,418.1724853515625,1002.100830078125,420.965576171875,1055.39208984375,439.6185607910156,995.3651733398438,449.07049560546875,1034.904541015625,438.3657531738281,1010.9815063476562,437.763427734375,1050.7742919921875,474.9305419921875,992.584716796875,473.8453369140625,1061.6265869140625,513.7183837890625,977.7075805664062,512.5902709960938
1029.199462890625,381.477783203125,1031.8878173828125,377.935546875,1026.0172119140625,378.00543212890625,1036.1644287109375,378.45794677734375,1019.562744140625,378.5688171386719,1042.4892578125,396.0859680175781,1008.4395751953125,397.0419921875,1049.676025390625,417.53271484375,995.98828125,423.818359375,1054.283447265625,439.21142578125,992.7911376953125,453.95111083984375,1031.306640625,437.5005798339844,1005.698486328125,437.4231262207031,1048.34814453125,475.24432373046875,987.8768310546875,474.6373291015625,1061.0189208984375,512.5596313476562,976.2555541992188,511.861572265625
1020.8570556640625,374.7491455078125,1025.4644775390625,370.6399841308594,1018.180419921875,369.83270263671875,1030.864501953125,372.98809814453125,1012.937744140625,370.6061096191406,1033.51708984375,394.8321533203125,1000.6008911132812,392.2467041015625,1039.29345703125,423.49505615234375,986.0404052734375,420.12127685546875,1042.34521484375,446.8626708984375,985.9026489257812,446.05804443359375,1019.9296875,442.27117919921875,995.77197265625,441.35015869140625,1043.55859375,471.8996887207031,982.32373046875,471.535888671875,1056.976806640625,513.813232421875,976.2099609375,513.5038452148438
1015.9791259765625,368.14141845703125,1020.2393798828125,363.8094177246094,1013.1212768554688,363.350830078125,1025.1356201171875,366.3367919921875,1007.8519287109375,364.837646484375,1028.8045654296875,389.95703125,994.9271850585938,388.47564697265625,1036.361328125,418.67486572265625,979.199462890625,417.39373779296875,1040.9659423828125,441.784912109375,978.6908569335938,443.01971435546875,1016.2232666015625,440.77532958984375,991.2874755859375,440.361083984375,1040.570068359375,471.38507080078125,974.2943115234375,471.41986083984375,1055.6827392578125,514.453369140625,967.150634765625,514.8257446289062
1010.95166015625,367.1214599609375,1014.3704833984375,363.4722900390625,1007.9664306640625,363.2938232421875,1018.4078979492188,364.9516296386719,1001.749267578125,364.7306213378906,1022.0026245117188,384.271240234375,988.5034790039062,387.70849609375,1035.7562255859375,404.2255859375,972.9398803710938,416.26519775390625,1042.8878173828125,422.28167724609375,970.3983764648438,443.056884765625,1011.23779296875,436.049560546875,985.8598022460938,437.7889404296875,1035.42724609375,472.8544006347656,975.7216796875,475.4733581542969,1053.35986328125,511.61614990234375,965.7900390625,516.107421875
1007.2862548828125,361.91619873046875,1009.9876708984375,357.7394714355469,1004.8236083984375,357.594482421875,1012.2039794921875,358.38751220703125,999.8358154296875,357.55743408203125,1017.5009765625,377.4088134765625,985.9319458007812,376.74822998046875,1029.4669189453125,400.37548828125,966.2499389648438,400.41888427734375,1041.2900390625,420.7003173828125,962.1106567382812,423.2077331542969,1008.0830078125,430.17242431640625,985.8744506835938,430.3609619140625,1029.559326171875,469.1781921386719,974.3955688476562,469.87921142578125,1038.9951171875,508.23968505859375,963.2158203125,509.631103515625
1007.475341796875,361.9812927246094,1010.1443481445312,357.81072998046875,1005.0040283203125,357.6644287109375,1012.2709350585938,358.4713439941406,999.9325561523438,357.6268615722656,1017.462646484375,377.4754638671875,985.860595703125,376.833251953125,1029.75341796875,400.22186279296875,966.1788330078125,400.4127197265625,1042.0823974609375,420.28314208984375,962.1627197265625,422.91455078125,1007.9990844726562,430.3173522949219,985.7900390625,430.5411071777344,1029.4840087890625,469.186767578125,974.4874877929688,469.92364501953125,1038.8629150390625,508.1285400390625,963.251708984375,509.5960693359375
1009.524658203125,356.9050598144531,1012.1390380859375,353.47125244140625,1006.4410400390625,353.419921875,1013.8031005859375,355.0157470703125,999.8538818359375,354.973876953125,1018.7464599609375,373.6962890625,985.7125854492188,376.57196044921875,1032.883544921875,390.607177734375,970.2610473632812,402.787841796875,1049.7955322265625,399.818115234375,962.051513671875,430.83917236328125,1009.9239501953125,428.1533203125,986.6513671875,429.51544189453125,1024.4775390625,470.0150146484375,978.02294921875,470.67803955078125,1034.321533203125,509.3118896484375,970.074951171875,509.8392333984375
1007.9041748046875,351.93878173828125,1010.9800415039062,348.6872863769531,1005.2010498046875,348.07952880859375,1013.013671875,350.2030029296875,998.5836181640625,348.7822265625,1016.6986083984375,368.5994567871094,982.810302734375,370.25531005859375,1031.57861328125,384.034423828125,965.4435424804688,395.3317565917969,1045.7974853515625,391.8875732421875,957.9979248046875,424.54852294921875,1005.3038330078125,424.0033264160156,982.0134887695312,424.90643310546875,1017.2310791015625,466.08221435546875,975.7005615234375,466.5321350097656,1023.7040405273438,506.24310302734375,968.2941284179688,506.9417724609375
1000.8255615234375,348.895263671875,1004.1692504882812,345.5311279296875,998.3636474609375,345.05853271484375,1008.7446899414062,347.13116455078125,993.4246215820312,346.1045837402344,1013.5944213867188,365.1581726074219,980.6076049804688,367.6531677246094,1028.75341796875,378.6642150878906,964.0399169921875,391.24932861328125,1043.0743408203125,389.2265625,955.952880859375,415.6289978027344,1003.5748901367188,419.9552307128906,981.8414306640625,421.1589660644531,1008.874267578125,461.0447998046875,971.7523193359375,462.7071533203125,1014.000732421875,503.7442932128906,966.8106689453125,506.9746398925781
1000.3855590820312,345.45458984375,1003.7063598632812,341.95538330078125,997.6971435546875,341.54534912109375,1007.9276123046875,343.5544738769531,992.09765625,342.6935119628906,1012.4609985351562,362.55926513671875,978.7078857421875,364.7505798339844,1027.123779296875,378.6788635253906,961.3533325195312,388.56109619140625,1040.17626953125,394.82965087890625,952.018798828125,412.992431640625,1001.26953125,418.0853576660156,979.2295532226562,419.0982971191406,1005.067626953125,460.82568359375,968.8756713867188,462.88873291015625,1008.3220825195312,503.1513977050781,963.6267700195312,507.6451721191406
999.203125,345.57989501953125,1002.1744384765625,342.0028991699219,996.4298095703125,341.7041015625,1005.7479858398438,342.9480285644531,990.7567749023438,342.2972412109375,1010.3834838867188,361.849365234375,978.224365234375,362.79345703125,1024.88720703125,380.5921630859375,960.6231689453125,385.2979431152344,1036.094482421875,400.54498291015625,952.8960571289062,406.47601318359375,998.8721923828125,416.86944580078125,977.7811279296875,417.15093994140625,1001.276123046875,460.3391418457031,965.95703125,461.7720947265625,1005.7296142578125,501.7629089355469,960.5604858398438,505.4056091308594
999.3048706054688,345.4967041015625,1002.27490234375,341.9208984375,996.52587890625,341.61639404296875,1005.7908325195312,342.8771667480469,990.81884765625,342.21331787109375,1010.3274536132812,361.79034423828125,978.2539672851562,362.72003173828125,1024.768310546875,380.59149169921875,960.635009765625,385.26654052734375,1036.0078125,400.611083984375,952.8804931640625,406.5032958984375,998.8178100585938,416.80072021484375,977.7833251953125,417.08050537109375,1001.2164916992188,460.24688720703125,965.954833984375,461.6806640625,1005.7144775390625,501.65228271484375,960.590576171875,505.2940979003906
996.462646484375,346.21612548828125,1000.6561279296875,342.2349548339844,994.1544189453125,341.21868896484375,1006.2952880859375,344.23895263671875,989.236083984375,341.23968505859375,1010.2451171875,365.9754638671875,977.666015625,361.684814453125,1020.3495483398438,391.71209716796875,956.9767456054688,384.6574401855469,1028.330322265625,411.6814270019531,947.6300048828125,407.525634765625,992.2213134765625,418.40679931640625,970.6474609375,416.1411437988281,999.5533447265625,462.99261474609375,961.3038330078125,461.61376953125,1003.818603515625,505.39459228515625,953.6778564453125,503.9281311035156
994.88720703125,351.87158203125,998.3823852539062,348.4078369140625,992.6346435546875,347.8033142089844,1003.6287231445312,349.3489990234375,988.2523193359375,347.95703125,1007.42431640625,369.34674072265625,976.149658203125,367.0403137207031,1014.34326171875,393.7225341796875,958.951416015625,389.760498046875,1021.2899780273438,417.874267578125,949.8473510742188,413.5108337402344,991.902587890625,421.5517578125,971.1787109375,419.978759765625,994.871337890625,465.86865234375,959.3759765625,465.0147399902344,997.2015380859375,507.71795654296875,952.6942138671875,509.2120361328125
991.1175537109375,357.32757568359375,995.444580078125,353.42010498046875,988.650146484375,352.4453125,1001.2708740234375,355.6436462402344,984.065673828125,352.9603271484375,1005.1957397460938,376.7351989746094,973.25732421875,372.562255859375,1011.514404296875,403.5323486328125,955.298583984375,395.7071533203125,1010.2380981445312,423.09136962890625,948.3015747070312,418.24609375,987.7696533203125,427.1922912597656,966.575927734375,424.8183288574219,990.2515869140625,469.24774169921875,956.6336669921875,467.5481872558594,989.5821533203125,510.9132385253906,949.4776611328125,508.9229736328125
990.765380859375,361.919677734375,994.9635009765625,358.0784912109375,988.2667236328125,357.1092224121094,1000.5113525390625,360.792236328125,983.5296020507812,358.19476318359375,1005.0591430664062,382.86767578125,972.9398193359375,378.47442626953125,1009.81298828125,408.3377685546875,954.2584228515625,399.510986328125,1005.3305053710938,421.35791015625,946.834228515625,415.7851867675781,988.005859375,433.8736267089844,966.2811279296875,431.340087890625,990.502685546875,472.4752197265625,953.638916015625,470.64044189453125,988.197265625,513.3245849609375,943.821044921875,511.14691162109375
994.6934814453125,376.6352233886719,997.7162475585938,373.1699523925781,991.9813232421875,372.8498840332031,1002.1543579101562,374.47149658203125,986.408935546875,373.3497619628906,1002.889404296875,393.093505859375,975.016357421875,390.0455322265625,1001.6580810546875,414.0535583496094,953.716796875,408.08734130859375,996.9797973632812,430.3422546386719,941.6478881835938,430.2054443359375,985.244140625,437.7124328613281,965.4329833984375,435.6627502441406,994.724609375,476.3731384277344,955.3824462890625,474.3646545410156,993.0245361328125,514.5924072265625,937.4676513671875,514.5137939453125
994.4017333984375,376.62432861328125,997.4337158203125,373.17236328125,991.69677734375,372.8495178222656,1001.9930419921875,374.4798889160156,986.1796875,373.3605651855469,1003.0205078125,393.0772705078125,974.9178466796875,390.0714111328125,1001.86083984375,413.97967529296875,953.8533935546875,408.193603515625,996.6865234375,429.99493408203125,941.7676391601562,430.17840576171875,985.5338745117188,437.6747131347656,965.5709228515625,435.61669921875,994.745361328125,476.373291015625,955.3247680664062,474.3423156738281,992.9826049804688,514.6865844726562,937.5504150390625,514.50732421875
993.2420654296875,377.9156799316406,996.293701171875,374.153076171875,990.2708740234375,373.852783203125,999.9120483398438,376.37884521484375,984.789794921875,375.3439636230469,1002.265380859375,397.34210205078125,974.7301025390625,394.3466491699219,1001.6221923828125,421.2486572265625,952.55419921875,414.05596923828125,997.307373046875,436.2164611816406,941.4640502929688,433.2333068847656,989.5535888671875,444.547119140625,970.9619140625,442.9058532714844,992.2413330078125,477.7056884765625,958.6777954101562,476.55902099609375,985.448974609375,516.2396850585938,943.8956909179688,515.1021728515625
990.5227661132812,379.5294189453125,994.0061645507812,375.819580078125,987.826904296875,375.301025390625,998.7427978515625,378.0561218261719,982.6346435546875,376.63250732421875,1003.9198608398438,398.6119384765625,973.01806640625,395.1273193359375,1005.5550537109375,421.72650146484375,952.076904296875,413.1136779785156,997.6005249023438,431.84039306640625,942.0550537109375,427.0963439941406,991.2708740234375,444.8731384277344,969.8758544921875,442.90960693359375,996.5592041015625,477.2754821777344,956.6917724609375,475.79412841796875,993.0570068359375,516.1590576171875,944.0255126953125,514.2984008789062
992.7361450195312,379.1590576171875,996.2067260742188,376.0397644042969,990.38134765625,375.3664855957031,1002.2083740234375,378.2262268066406,985.775390625,376.3636779785156,1004.5006713867188,397.3714599609375,975.674560546875,393.29730224609375,1006.9916381835938,416.7886047363281,955.175048828125,409.1684875488281,1003.7144775390625,429.0920104980469,942.0595703125,427.529541015625,988.301513671875,439.19744873046875,967.136474609375,436.61126708984375,1000.855224609375,476.95623779296875,953.462158203125,473.9107360839844,1005.2078247070312,517.0921630859375,936.210693359375,514.8370361328125
996.4591064453125,375.6617431640625,1000.1145629882812,372.87591552734375,994.4805908203125,371.7291259765625,1006.109130859375,374.8662414550781,989.75732421875,371.87982177734375,1009.18017578125,395.1610107421875,977.830078125,388.940673828125,1011.3594360351562,417.34014892578125,957.49609375,405.6878662109375,1007.1183471679688,429.84197998046875,942.4036865234375,425.67181396484375,991.4029541015625,440.73583984375,968.2598876953125,436.9765319824219,1002.2603759765625,476.82244873046875,948.900146484375,472.0107421875,1011.553466796875,517.3544921875,935.2578735351562,512.3450927734375
999.6939697265625,373.79888916015625,1003.36767578125,371.0124206542969,997.8160400390625,369.7387390136719,1008.7364501953125,372.9439697265625,992.746337890625,369.68975830078125,1011.750244140625,392.76220703125,979.3214721679688,386.21844482421875,1014.076171875,416.29620361328125,959.1505737304688,402.6784973144531,1010.6304931640625,431.05487060546875,944.6680908203125,421.2248840332031,994.1460571289062,436.8695068359375,970.1548461914062,433.20501708984375,1003.197998046875,472.67132568359375,949.06396484375,468.2926025390625,1013.7225952148438,515.6922607421875,936.875,511.3935546875
999.7153930664062,373.7795104980469,1003.393798828125,371.0050048828125,997.8529052734375,369.72052001953125,1008.7769775390625,372.94921875,992.8002319335938,369.6646728515625,1011.7369384765625,392.8070068359375,979.375,386.23419189453125,1014.1140747070312,416.3465576171875,959.1688232421875,402.69439697265625,1010.7939453125,430.9847717285156,944.6612548828125,421.1556396484375,994.156005859375,437.03143310546875,970.2205810546875,433.3589172363281,1003.2713012695312,472.913330078125,949.1841430664062,468.52947998046875,1013.7379150390625,515.76953125,936.8776245117188,511.48193359375
1004.203125,368.3865051269531,1007.6676025390625,365.4508056640625,1001.990234375,364.18505859375,1011.7948608398438,367.275634765625,996.543701171875,364.1380920410156,1015.8909301757812,387.8306579589844,981.6285400390625,380.193359375,1015.959716796875,412.5312194824219,959.5648193359375,396.2035217285156,1013.316162109375,428.3577880859375,940.4744873046875,413.3414306640625,999.29248046875,433.71295166015625,974.779541015625,429.34539794921875,1006.015869140625,470.77587890625,954.05859375,465.9210205078125,1009.9349365234375,511.9331359863281,940.8436279296875,507.1198425292969
1004.2479248046875,362.60858154296875,1007.7794189453125,359.75274658203125,1002.154052734375,358.520751953125,1012.4586181640625,361.8674011230469,997.423828125,358.7923278808594,1016.489990234375,382.8434143066406,983.9488525390625,375.434814453125,1017.7124633789062,408.11395263671875,966.1859130859375,392.6274719238281,1012.91259765625,422.62982177734375,958.5935668945312,406.2973937988281,998.0498657226562,430.30450439453125,974.1673583984375,425.9378662109375,1005.8966064453125,468.450927734375,954.084228515625,463.57745361328125,1009.8165893554688,509.7508544921875,938.585205078125,504.50555419921875
1003.21826171875,358.1474304199219,1006.8001708984375,355.176513671875,1001.25634765625,353.9503173828125,1012.1077880859375,357.04705810546875,996.7600708007812,354.0655517578125,1016.9122924804688,377.8916931152344,983.894287109375,371.16705322265625,1015.211669921875,404.6730651855469,966.8765258789062,390.2113037109375,1002.5033569335938,418.1640930175781,957.2025146484375,405.04388427734375,1000.978759765625,426.3855285644531,976.701904296875,422.35107421875,1008.0540161132812,465.060546875,956.4749755859375,460.6929931640625,1011.20166015625,507.6224670410156,941.9527587890625,503.1812438964844
995.0111083984375,351.52734375,998.7557373046875,348.44805908203125,993.4059448242188,347.51708984375,1006.485595703125,350.7699279785156,991.2884521484375,348.6995544433594,1013.9818725585938,372.2305908203125,982.1837768554688,367.05523681640625,1014.4727783203125,397.90728759765625,965.868408203125,385.48663330078125,1000.6338500976562,411.945556640625,950.9066162109375,400.2038269042969,1000.8431396484375,422.27215576171875,977.7198486328125,418.7808837890625,1007.3402709960938,461.165771484375,958.4100341796875,457.50836181640625,1012.2459716796875,504.85418701171875,946.29150390625,501.4115295410156
994.6683349609375,348.1236572265625,998.31787109375,344.357421875,992.7998046875,343.3186950683594,1004.372314453125,346.1012268066406,988.49169921875,343.3621826171875,1011.26220703125,366.154296875,980.221435546875,361.28045654296875,1017.1100463867188,390.20928955078125,961.449951171875,380.13201904296875,1010.3117065429688,398.88232421875,948.08984375,391.9276123046875,999.359375,413.4961853027344,977.2369384765625,410.8294372558594,1004.694580078125,454.48699951171875,958.072021484375,452.4141845703125,1011.54150390625,499.1097412109375,949.7896728515625,496.22027587890625
994.61865234375,348.1011657714844,998.27783203125,344.3353576660156,992.7579345703125,343.29376220703125,1004.352783203125,346.0915222167969,988.4735107421875,343.34686279296875,1011.2543334960938,366.17059326171875,980.20947265625,361.30059814453125,1017.120361328125,390.24359130859375,961.5047607421875,380.1905517578125,1010.3096923828125,398.91778564453125,948.2213134765625,391.9699401855469,999.3348388671875,413.5252685546875,977.2030029296875,410.86016845703125,1004.7607421875,454.51531982421875,958.0443115234375,452.44683837890625,1011.677490234375,499.13897705078125,949.7968139648438,496.25079345703125
994.1068725585938,343.2379455566406,997.505615234375,340.30023193359375,991.95703125,339.49847412109375,1003.82470703125,342.9820861816406,988.3638916015625,341.01055908203125,1010.644287109375,363.8798828125,979.7488403320312,359.15655517578125,1008.6000366210938,387.83575439453125,966.5700073242188,377.1707763671875,992.0282592773438,395.4826354980469,958.5562744140625,389.8296203613281,1001.3556518554688,413.21002197265625,978.32373046875,410.3004150390625,1008.0135498046875,454.54913330078125,960.8636474609375,450.47406005859375,1015.4462890625,498.4044189453125,951.363037109375,492.78753662109375
989.5490112304688,341.5694274902344,992.8990478515625,338.4560241699219,987.2968139648438,337.8829345703125,999.7941284179688,340.58526611328125,984.1519775390625,339.0969543457031,1007.4340209960938,361.0076904296875,976.9085693359375,356.83642578125,1007.0142822265625,385.43621826171875,964.5507202148438,374.49896240234375,996.0213623046875,397.03057861328125,955.71484375,387.17266845703125,1000.410888671875,409.653564453125,977.922119140625,407.22943115234375,1007.7645263671875,451.00048828125,961.3460693359375,447.7305908203125,1016.4669189453125,493.5462341308594,953.191650390625,489.50262451171875
984.6450805664062,342.1858825683594,988.051513671875,339.035400390625,982.8355712890625,338.4463806152344,995.8314208984375,340.7763366699219,981.8829345703125,339.40771484375,1003.6519775390625,359.9347229003906,978.6092529296875,356.9557800292969,998.515869140625,384.6905822753906,970.6825561523438,376.9674072265625,976.85498046875,390.66497802734375,962.013916015625,384.87774658203125,1000.4646606445312,408.76873779296875,980.8170776367188,406.74981689453125,1007.732666015625,448.6817626953125,961.7333984375,446.0565490722656,1019.7976684570312,489.96044921875,954.40283203125,485.84735107421875
979.9370727539062,345.1795349121094,983.22412109375,342.0071105957031,978.42724609375,341.53778076171875,991.681884765625,343.71978759765625,979.1969604492188,342.50634765625,999.856201171875,362.65936279296875,978.2096557617188,359.72747802734375,993.6373291015625,386.690673828125,969.8544921875,378.19195556640625,972.8809814453125,392.53875732421875,961.0802001953125,383.3788146972656,999.654541015625,411.399658203125,981.8861083984375,409.59600830078125,1008.9503173828125,449.56060791015625,961.3896484375,447.2817077636719,1025.18359375,488.36895751953125,954.18408203125,484.6363525390625
976.9837646484375,349.0274658203125,979.87890625,345.5946350097656,975.6524658203125,345.15283203125,986.5572509765625,347.4391784667969,978.638671875,345.86199951171875,994.6825561523438,368.38250732421875,979.8133544921875,363.9029541015625,991.42041015625,393.98590087890625,972.8325805664062,384.8861389160156,973.0108642578125,401.98016357421875,964.72802734375,392.5904541015625,998.0955810546875,418.504638671875,983.7947998046875,415.3091125488281,1010.943115234375,453.9996643066406,962.0826416015625,449.3758544921875,1032.64404296875,494.396240234375,954.4815673828125,485.9724426269531
976.9625244140625,348.9110107421875,979.8712158203125,345.48284912109375,975.6669921875,345.0321044921875,986.54443359375,347.3328552246094,978.746337890625,345.7424011230469,994.54345703125,368.287109375,979.9213256835938,363.8183898925781,991.1387939453125,393.8697509765625,972.807861328125,384.76751708984375,972.852294921875,401.9464111328125,964.584716796875,392.4603271484375,998.0052490234375,418.4964294433594,983.8486328125,415.30999755859375,1010.9423217773438,454.09942626953125,962.013916015625,449.51214599609375,1032.83984375,494.4715576171875,954.3419189453125,486.1246337890625
971.8839111328125,349.5389099121094,974.7933349609375,346.1751708984375,971.6658325195312,345.1790771484375,981.1748046875,348.2080993652344,979.130615234375,345.2032775878906,987.2171630859375,368.63116455078125,983.4937744140625,362.364990234375,982.622314453125,393.02105712890625,978.9073486328125,382.91632080078125,968.105712890625,398.0477600097656,967.8250732421875,390.7251892089844,996.1282958984375,418.24200439453125,988.9465942382812,414.2423400878906,1010.2962646484375,455.3980407714844,964.739990234375,449.42144775390625,1035.433837890625,495.7874450683594,957.0799560546875,484.6476745605469
970.0423583984375,347.54144287109375,972.940673828125,343.8612060546875,968.7167358398438,343.27520751953125,977.8399658203125,345.67645263671875,971.0758056640625,344.06072998046875,983.794921875,367.174072265625,971.9136962890625,363.8643798828125,987.4866943359375,395.713134765625,973.9795532226562,390.3976135253906,983.02197265625,417.0927734375,978.2792358398438,410.61175537109375,991.8203125,416.114013671875,979.748291015625,414.2159423828125,1009.9301147460938,454.8232421875,966.4100341796875,451.426025390625,1033.8682861328125,495.7113037109375,963.4013671875,488.8076171875
962.412841796875,342.3970947265625,965.6380615234375,338.6018371582031,960.3282470703125,338.110595703125,970.96630859375,340.4489440917969,961.9649658203125,339.1070556640625,977.275634765625,362.2001037597656,964.6444091796875,359.554443359375,979.6627807617188,387.02001953125,966.841064453125,381.9000549316406,969.6668701171875,402.62957763671875,964.1612548828125,394.74493408203125,988.5108032226562,413.1038818359375,976.0367431640625,411.7255859375,1007.613525390625,452.04638671875,966.4586181640625,449.62945556640625,1031.836181640625,493.64703369140625,965.4837646484375,488.25946044921875
955.4166259765625,341.111083984375,959.394287109375,337.79766845703125,953.885986328125,337.0322570800781,966.435302734375,340.0989074707031,955.9290161132812,338.29998779296875,969.8076171875,356.9342041015625,956.4383544921875,354.68365478515625,959.0950927734375,369.2254943847656,950.35546875,364.22149658203125,943.4052734375,354.31146240234375,940.10009765625,350.49468994140625,979.843017578125,408.94921875,967.2659912109375,408.5527038574219,998.7462158203125,448.17340087890625,959.443115234375,447.16864013671875,1027.255126953125,487.4852294921875,964.1515502929688,484.5750732421875
949.378662109375,336.94805908203125,952.3587646484375,333.8309326171875,950.226806640625,333.19970703125,959.7537841796875,336.1607360839844,957.5736083984375,335.078369140625,964.406982421875,352.54888916015625,956.1641235351562,352.7372131347656,953.3023681640625,366.69488525390625,948.3909301757812,367.08843994140625,933.0650634765625,350.40399169921875,936.32763671875,353.23773193359375,972.1212158203125,402.4908142089844,962.7207641601562,403.59326171875,993.3695068359375,442.66534423828125,951.609619140625,444.3294982910156,1022.1926879882812,480.70611572265625,957.6264038085938,482.37677001953125
949.2760009765625,336.873046875,952.2613525390625,333.75872802734375,950.1474609375,333.11346435546875,959.67138671875,336.0879211425781,957.5546264648438,334.97552490234375,964.346435546875,352.4693603515625,956.181884765625,352.646728515625,953.3944091796875,366.76031494140625,948.485595703125,367.1710510253906,933.0888671875,350.48883056640625,936.3126220703125,353.3570251464844,972.0538330078125,402.4686584472656,962.70751953125,403.55877685546875,993.1616821289062,442.62762451171875,951.4730224609375,444.2943115234375,1022.1498413085938,480.65692138671875,957.59130859375,482.34173583984375
951.4342041015625,330.91485595703125,953.4100341796875,327.4206848144531,950.0040283203125,327.3883972167969,954.607421875,329.92218017578125,950.5186157226562,330.1938171386719,955.72900390625,344.58404541015625,946.97900390625,346.75518798828125,948.714599609375,345.82476806640625,942.0509033203125,350.5946960449219,936.7080688476562,325.20709228515625,934.2685546875,332.491455078125,965.0352172851562,395.54150390625,956.3714599609375,397.6941833496094,981.2025146484375,438.7023010253906,950.815185546875,441.23858642578125,1009.0474853515625,473.94140625,963.207275390625,476.7891540527344
949.7147216796875,330.6975402832031,951.3945922851562,326.92254638671875,948.3411254882812,327.76995849609375,953.68017578125,330.631591796875,949.1856079101562,333.150146484375,957.1337890625,345.26446533203125,944.1784057617188,351.0890808105469,946.81982421875,332.58575439453125,933.1375122070312,345.477783203125,932.9200439453125,312.60174560546875,927.0947265625,328.4801330566406,963.54833984375,395.1647644042969,953.3277587890625,398.4028015136719,971.5028076171875,434.890869140625,951.189697265625,439.1954040527344,988.8414306640625,466.771728515625,965.6383056640625,472.3993835449219
938.8588256835938,320.8567810058594,940.8642578125,318.1632080078125,938.873046875,317.4320983886719,942.2401123046875,323.54132080078125,947.8282470703125,321.63629150390625,942.1131591796875,342.90057373046875,948.3680419921875,338.8667297363281,925.8316650390625,350.20074462890625,938.4429931640625,342.09051513671875,915.3982543945312,331.39813232421875,918.79638671875,324.718017578125,950.13720703125,396.0068664550781,954.111572265625,394.42498779296875,949.6815185546875,437.5769348144531,948.1795654296875,435.0315856933594,974.4049072265625,470.18084716796875,970.5258178710938,463.8976135253906
934.7833251953125,321.059814453125,936.5352783203125,318.28216552734375,934.3597412109375,317.5833435058594,937.523193359375,324.11968994140625,942.3680419921875,321.8434143066406,937.104248046875,342.5726623535156,944.3172607421875,335.9302062988281,921.6192626953125,341.48663330078125,942.14306640625,325.1852722167969,914.2190551757812,321.748046875,928.0535888671875,302.5780029296875,943.1174926757812,392.10430908203125,947.2296142578125,389.3279113769531,941.905029296875,432.58612060546875,941.85400390625,428.3017578125,959.492431640625,460.988525390625,959.3754272460938,453.0633544921875
930.4865112304688,322.7149658203125,933.0526123046875,319.42535400390625,930.6331787109375,319.3296203613281,937.23876953125,323.08349609375,939.04833984375,322.84869384765625,937.5968627929688,339.831787109375,938.947998046875,337.0313720703125,913.8924560546875,344.353515625,921.2894897460938,336.76531982421875,900.7201538085938,333.446044921875,905.7774658203125,324.8998107910156,940.178955078125,389.51043701171875,940.979736328125,387.85089111328125,932.3468627929688,427.23651123046875,930.9693603515625,424.6275329589844,950.916015625,455.02117919921875,951.0028076171875,448.9603271484375
930.5231323242188,322.68878173828125,933.1089477539062,319.3936767578125,930.65185546875,319.3011474609375,937.3203125,323.0270080566406,938.9708251953125,322.8136901855469,937.6512451171875,339.7693176269531,938.8026123046875,337.0491638183594,914.0545654296875,344.4294738769531,921.1961059570312,337.0745849609375,900.9693603515625,333.5589904785156,905.8756103515625,325.35186767578125,940.0596923828125,389.4385986328125,940.733642578125,387.81597900390625,932.3952026367188,427.1710205078125,930.9306640625,424.60479736328125,950.8978271484375,455.00238037109375,950.8834228515625,449.00506591796875
922.318603515625,318.930908203125,925.2374267578125,315.0000915527344,923.0938110351562,315.2528076171875,933.0444946289062,316.73504638671875,931.4375,317.22540283203125,937.2822265625,334.7217712402344,932.5316162109375,334.36920166015625,921.6491088867188,346.2943115234375,912.2957763671875,344.07208251953125,896.8240356445312,319.91668701171875,896.8375854492188,320.5128173828125,935.3240966796875,394.226318359375,932.1038818359375,393.2145080566406,929.316650390625,426.8072204589844,927.2901611328125,426.70501708984375,939.183837890625,460.5975036621094,935.7672119140625,458.99102783203125
918.9903564453125,317.6243591308594,921.6399536132812,313.7578125,919.4102783203125,314.0111083984375,926.3721923828125,315.9508056640625,928.0665893554688,316.0641174316406,928.0513916015625,334.50164794921875,928.5506591796875,334.0013122558594,910.4610595703125,346.0274963378906,906.7300415039062,344.18951416015625,889.70166015625,322.2919006347656,889.0963134765625,323.71478271484375,928.3021240234375,393.2674560546875,929.0687255859375,392.4582824707031,924.6917724609375,427.37115478515625,928.3541259765625,427.6455078125,934.3013916015625,459.6378173828125,937.2950439453125,458.32940673828125
919.5452880859375,323.9949035644531,921.693115234375,321.2710266113281,918.9737548828125,320.57049560546875,920.2432250976562,325.6279296875,921.2196044921875,324.4820556640625,913.8572998046875,339.8812255859375,922.780029296875,337.86956787109375,905.176513671875,334.91058349609375,932.6290283203125,326.7121276855469,905.75927734375,318.17041015625,930.252197265625,304.465087890625,916.0343017578125,390.5308837890625,919.836669921875,389.92633056640625,912.1221313476562,425.80999755859375,913.0682373046875,425.7140808105469,938.0313720703125,446.11639404296875,928.5328369140625,447.79754638671875
0.0,0.0,0.0,0.0,0.0,0.0,0.0,0.0,0.0,0.0,0.0,0.0,0.0,0.0,0.0,0.0,0.0,0.0,0.0,0.0,0.0,0.0,0.0,0.0,0.0,0.0,0.0,0.0,0.0,0.0,0.0,0.0,0.0,0.0
908.5028076171875,317.03070068359375,908.7886962890625,314.0605773925781,906.063232421875,313.9751281738281,905.2781982421875,316.8043212890625,900.6497802734375,316.1741638183594,909.1446533203125,331.310791015625,894.6204833984375,332.0169677734375,924.7985229492188,340.8404235839844,901.879638671875,342.65234375,927.7403564453125,327.8205871582031,912.13623046875,330.9456787109375,904.536376953125,381.93914794921875,900.292236328125,383.182373046875,880.0975341796875,419.9647521972656,916.1209716796875,421.69085693359375,871.43359375,450.3243713378906,942.8875732421875,454.9964599609375
908.2484130859375,316.999267578125,908.5746459960938,314.032958984375,905.8489379882812,313.931640625,905.1734619140625,316.77886962890625,900.683837890625,316.1253967285156,909.037841796875,331.3006591796875,894.8389892578125,332.00140380859375,924.681396484375,340.8310546875,901.9583129882812,342.6003723144531,927.6566162109375,327.76580810546875,911.4569091796875,330.87371826171875,904.4642944335938,381.9962158203125,900.5565185546875,383.22509765625,879.3455200195312,420.1559143066406,916.3380126953125,421.89752197265625,870.35107421875,450.6211853027344,943.2738037109375,455.32403564453125
902.250732421875,317.5687255859375,900.7267456054688,314.64129638671875,901.0094604492188,314.48779296875,890.16552734375,317.6514892578125,898.4990844726562,317.2734375,884.0835571289062,331.99798583984375,901.2239990234375,332.97698974609375,890.2186889648438,335.654052734375,920.7681884765625,333.2281188964844,903.99658203125,316.84515380859375,927.179443359375,309.493408203125,887.914794921875,382.3380432128906,905.4131469726562,384.0898132324219,857.0616455078125,416.3414306640625,920.8892211914062,419.0056457519531,842.5585327148438,444.2046203613281,945.4039306640625,451.6132507324219
886.625244140625,318.76641845703125,888.5389404296875,315.54071044921875,886.9937744140625,314.6329650878906,887.9276123046875,317.18426513671875,892.2841186523438,315.3028564453125,886.8956909179688,332.481689453125,890.240478515625,332.5857849121094,880.7122802734375,350.69384765625,886.92138671875,349.03814697265625,866.7457275390625,347.0509033203125,868.7406005859375,343.67962646484375,888.09130859375,382.2059326171875,895.792724609375,382.9704895019531,860.07373046875,415.74505615234375,907.8162841796875,418.9129943847656,851.2761840820312,445.09185791015625,934.418212890625,452.823486328125
884.0718994140625,321.26556396484375,885.53173828125,318.12237548828125,882.9966430664062,317.73193359375,883.752197265625,319.1803894042969,882.4465942382812,318.28717041015625,880.0706176757812,334.65936279296875,877.2603759765625,333.8921813964844,871.0733642578125,350.83380126953125,872.3248901367188,350.03826904296875,871.26953125,347.58148193359375,867.041015625,351.62359619140625,880.852294921875,385.1320495605469,875.18896484375,384.58184814453125,892.637939453125,419.9407653808594,855.2865600585938,419.690185546875,911.2955322265625,450.7691345214844,841.5075073242188,452.36138916015625
868.1685791015625,325.31243896484375,870.8680419921875,321.9580383300781,867.5377807617188,321.8016052246094,875.123046875,323.7518005371094,871.458740234375,323.59765625,876.7794189453125,341.1239013671875,869.2017822265625,339.749755859375,864.3333740234375,355.48577880859375,848.4613037109375,349.65838623046875,847.184326171875,348.9295349121094,829.9898681640625,341.90594482421875,873.2063598632812,388.907470703125,875.8441162109375,388.1802062988281,840.550048828125,423.17333984375,894.9666748046875,423.3203125,826.1478881835938,451.599609375,923.81005859375,452.6355285644531
859.47509765625,333.7725830078125,863.5350341796875,330.51373291015625,858.4044799804688,329.63037109375,870.15625,331.76507568359375,859.4280395507812,329.885009765625,874.5181884765625,347.93670654296875,853.0213623046875,343.24676513671875,858.7706909179688,358.8668212890625,830.2247314453125,347.20245361328125,825.0782470703125,350.38433837890625,803.99560546875,339.1392517089844,874.484619140625,398.22052001953125,856.2901611328125,395.2261047363281,883.390625,431.4910583496094,840.6494140625,429.0433349609375,910.0982666015625,457.19073486328125,842.5367431640625,455.0234069824219
859.39501953125,333.6402282714844,863.46826171875,330.39080810546875,858.3970947265625,329.491943359375,870.0384521484375,331.6357727050781,859.608642578125,329.74407958984375,874.1830444335938,347.6336364746094,853.2437744140625,343.12689208984375,857.9718017578125,358.3142395019531,830.5556640625,347.2018737792969,823.9351806640625,349.4425964355469,803.986083984375,338.943115234375,874.2459716796875,397.9062194824219,856.5020141601562,395.00823974609375,882.5701904296875,431.27545166015625,841.11767578125,429.000244140625,909.3184814453125,456.6927795410156,843.7265625,454.77655029296875
854.459228515625,338.8476867675781,857.997802734375,335.8276062011719,852.3814697265625,335.19842529296875,863.8123779296875,337.2505798339844,851.0924072265625,335.58380126953125,868.759521484375,353.3385314941406,846.8819580078125,348.80108642578125,862.4730834960938,363.5928955078125,829.8744506835938,351.6338195800781,844.6551513671875,358.735595703125,810.300048828125,346.62969970703125,869.900146484375,401.31787109375,851.13134765625,398.4830017089844,883.6920166015625,432.8709716796875,831.9046630859375,429.7751770019531,906.0891723632812,462.0433349609375,822.950439453125,458.6260986328125
849.8157958984375,337.6985778808594,853.0596923828125,334.8085021972656,848.2911987304688,333.9784240722656,859.64599609375,336.7341613769531,848.37939453125,334.59783935546875,864.83154296875,353.9294128417969,845.268798828125,348.5977478027344,853.2522583007812,369.34869384765625,824.4607543945312,355.462890625,826.081787109375,361.3143310546875,801.3777465820312,352.2633361816406,866.8507080078125,400.8995361328125,850.570556640625,398.355224609375,873.3013916015625,435.0965576171875,828.4169311523438,431.765380859375,898.32763671875,466.7491455078125,828.6959838867188,461.45281982421875
847.3449096679688,338.1015625,850.5364990234375,334.95892333984375,845.757080078125,334.4526062011719,856.8656616210938,336.5302734375,847.2160034179688,335.01007080078125,863.2467041015625,355.50628662109375,846.2083740234375,350.44195556640625,855.299560546875,376.3096618652344,829.1830444335938,362.8961181640625,826.5368041992188,380.85003662109375,808.3450927734375,367.41522216796875,862.6751708984375,401.7431640625,847.9931640625,398.327392578125,868.247802734375,434.12774658203125,826.8392333984375,429.7096252441406,891.5589599609375,468.38031005859375,827.2593383789062,461.5432434082031
848.4882202148438,330.7765197753906,851.6920166015625,327.35028076171875,845.4505615234375,327.085205078125,857.2093505859375,329.36541748046875,841.4578857421875,328.5830383300781,866.65185546875,350.34521484375,835.6236572265625,348.0498046875,872.7899780273438,374.8312683105469,826.8548583984375,371.038330078125,865.40771484375,393.5510559082031,819.28173828125,395.392822265625,865.2269897460938,396.587646484375,842.025390625,394.6517028808594,872.5537719726562,429.310302734375,823.2408447265625,426.30230712890625,892.0740966796875,464.1629333496094,824.9155883789062,459.9195556640625
851.3333740234375,325.3152770996094,854.08251953125,321.8125305175781,847.9376220703125,321.7696533203125,858.6026611328125,323.6522216796875,843.0938720703125,323.2991943359375,867.9320068359375,343.57568359375,837.642333984375,344.04248046875,876.626220703125,365.945068359375,832.4701538085938,371.32806396484375,871.3006591796875,382.03216552734375,825.7374267578125,401.54864501953125,868.2899169921875,391.113525390625,845.3626708984375,390.42852783203125,878.19189453125,427.52923583984375,826.6360473632812,425.66107177734375,892.72265625,464.25872802734375,820.3524169921875,461.3333740234375
851.3985595703125,325.26861572265625,854.1443481445312,321.752685546875,847.9906005859375,321.7162170410156,858.6484375,323.5841064453125,843.1212158203125,323.24688720703125,867.9629516601562,343.6214904785156,837.6549682617188,344.0166015625,876.6324462890625,366.34857177734375,832.5221557617188,371.3081359863281,871.5343017578125,383.1885681152344,825.7765502929688,401.571044921875,868.3134765625,391.20428466796875,845.3875732421875,390.50103759765625,878.2322387695312,427.6586608886719,826.6917724609375,425.813720703125,892.7479248046875,464.2611083984375,820.4903564453125,461.4231262207031
851.9591674804688,319.0711975097656,854.6568603515625,315.48065185546875,848.8597412109375,315.83123779296875,860.3399047851562,316.7722473144531,845.4459228515625,317.5548095703125,871.947998046875,335.3719787597656,840.2400512695312,338.15667724609375,883.1575927734375,355.9471435546875,835.0533447265625,366.28741455078125,882.9589233398438,365.4912109375,831.693359375,391.8194274902344,872.9609375,385.9697265625,848.9218139648438,386.34649658203125,883.0269775390625,424.4136657714844,828.4354248046875,423.5332946777344,894.54052734375,461.9500732421875,815.9447021484375,459.0345153808594
854.5958251953125,315.7132873535156,857.26171875,312.09808349609375,851.5513916015625,312.3354797363281,862.666259765625,314.03741455078125,847.6112060546875,314.5395812988281,874.8621826171875,334.57025146484375,840.667236328125,336.41259765625,885.0618896484375,358.7417907714844,835.63525390625,364.6877746582031,880.0010986328125,377.7808837890625,835.055908203125,392.1485595703125,875.8958129882812,385.42547607421875,850.4815673828125,385.6046142578125,886.1011962890625,422.736572265625,832.3238525390625,422.41815185546875,895.1356201171875,459.83544921875,821.9638671875,458.6507263183594
855.3788452148438,316.69781494140625,858.097412109375,313.05548095703125,852.7757568359375,313.2519226074219,864.4575805664062,314.6756896972656,850.4635009765625,315.3204040527344,878.4859619140625,334.5440368652344,844.873046875,335.72576904296875,890.7960205078125,359.7682800292969,838.546142578125,362.1514892578125,885.640380859375,380.542236328125,833.62744140625,386.1654052734375,879.689697265625,383.8558044433594,855.6634521484375,383.77313232421875,887.329833984375,419.33465576171875,841.2269287109375,418.8157958984375,897.3043212890625,457.275390625,836.630126953125,455.3165283203125
859.328369140625,319.07208251953125,862.200927734375,315.45391845703125,856.368896484375,315.7391357421875,868.2526245117188,316.3970642089844,852.96142578125,317.36651611328125,880.5195922851562,334.4604187011719,847.486083984375,338.13800048828125,896.3952026367188,353.8184509277344,841.4840698242188,364.0557861328125,895.5123291015625,366.55279541015625,837.94091796875,387.6400451660156,882.4364013671875,384.54913330078125,860.0731201171875,386.1283264160156,888.238037109375,421.3079833984375,852.549560546875,422.30316162109375,900.532958984375,458.2912902832031,856.5093383789062,458.2252197265625
860.2628173828125,322.2000732421875,863.4119873046875,318.5356750488281,857.40283203125,318.74267578125,870.7391967773438,319.768310546875,855.3284912109375,320.60797119140625,883.8258056640625,338.573486328125,852.817626953125,340.1536560058594,896.9474487304688,361.1289367675781,846.6876220703125,363.71429443359375,890.8193359375,377.189453125,840.166015625,382.99713134765625,888.3854370117188,387.0289306640625,867.4169921875,387.45928955078125,891.0913696289062,422.1705322265625,858.0558471679688,422.08416748046875,905.75830078125,459.9725341796875,865.14697265625,458.4866638183594
860.5816040039062,322.1523742675781,863.7626953125,318.446533203125,857.6987915039062,318.62786865234375,871.0325317382812,319.6624755859375,855.4630126953125,320.4561767578125,883.9375,338.8529052734375,852.8157958984375,340.0359191894531,895.7257690429688,363.052734375,846.6763916015625,364.0865478515625,887.4229736328125,381.69818115234375,840.21533203125,384.0099792480469,888.271484375,387.38726806640625,867.1481323242188,387.6038818359375,890.696044921875,422.3302001953125,857.3450317382812,422.1748046875,905.6466064453125,460.0440673828125,865.158203125,458.6512756347656
865.18359375,326.8892822265625,868.0235595703125,323.2074890136719,861.8190307617188,323.49652099609375,873.70556640625,324.58416748046875,858.0821533203125,325.38525390625,885.0748901367188,342.0711669921875,855.4075927734375,345.26849365234375,900.7022094726562,362.316162109375,853.1103515625,371.51220703125,899.566162109375,375.2723693847656,853.79443359375,394.9931640625,893.3512573242188,389.32330322265625,873.9056396484375,391.0644836425781,896.0260620117188,427.80218505859375,870.396484375,428.5588073730469,910.6048583984375,465.8704833984375,881.8011474609375,465.032958984375
0.0,0.0,0.0,0.0,0.0,0.0,0.0,0.0,0.0,0.0,0.0,0.0,0.0,0.0,0.0,0.0,0.0,0.0,0.0,0.0,0.0,0.0,0.0,0.0,0.0,0.0,0.0,0.0,0.0,0.0,0.0,0.0,0.0,0.0
873.27734375,339.5375671386719,876.234375,335.7477722167969,869.5490112304688,336.0660705566406,882.3441162109375,337.07861328125,864.5872802734375,337.9502258300781,892.509033203125,355.2171936035156,861.4404296875,358.13006591796875,906.2726440429688,375.09564208984375,858.04541015625,382.5865478515625,903.6937255859375,393.293212890625,859.9146728515625,407.3974914550781,899.3212890625,399.34417724609375,879.3923950195312,401.2772216796875,909.019287109375,435.71514892578125,884.877685546875,436.90625,920.242431640625,472.6353759765625,897.2388916015625,472.95733642578125
878.4111328125,342.9895935058594,881.5166015625,339.14727783203125,874.7364501953125,339.40069580078125,887.957275390625,340.7437744140625,869.9093627929688,341.49383544921875,898.4401245117188,360.369384765625,865.6016235351562,362.4210205078125,910.743896484375,382.8774719238281,861.89599609375,388.2567443847656,909.2613525390625,403.5570068359375,863.4920654296875,413.84698486328125,902.4443359375,405.0383605957031,881.3648071289062,406.4473876953125,912.9666748046875,439.02685546875,886.4738159179688,439.5531921386719,921.4813842773438,477.2051696777344,897.8968505859375,476.4049072265625
879.8707275390625,344.8939208984375,882.7955322265625,341.18878173828125,876.8399658203125,341.44464111328125,889.91796875,342.56109619140625,873.8648681640625,343.343505859375,901.6708374023438,361.42779541015625,871.1365966796875,363.659912109375,914.4073486328125,383.1956787109375,867.6328125,389.3221435546875,910.2559204101562,401.13751220703125,867.6212768554688,414.9114990234375,907.145263671875,406.4026794433594,887.3182983398438,407.62689208984375,915.0943603515625,442.51556396484375,887.888427734375,442.70556640625,926.236328125,479.53338623046875,899.2357177734375,478.34649658203125
879.9336547851562,344.8453369140625,882.8489990234375,341.13543701171875,876.8812255859375,341.39990234375,889.9293212890625,342.4964904785156,873.8278198242188,343.2998962402344,901.694580078125,361.38470458984375,871.0235595703125,363.6275939941406,914.3948974609375,383.2107238769531,867.5745849609375,389.3192138671875,910.1611328125,401.26007080078125,867.8377075195312,414.93792724609375,907.11572265625,406.43609619140625,887.167236328125,407.6668395996094,915.122314453125,442.6306457519531,887.6097412109375,442.824462890625,926.2861328125,479.649169921875,898.923583984375,478.46014404296875
887.1340942382812,344.30828857421875,890.0919189453125,340.6309814453125,884.33349609375,340.88519287109375,897.513671875,342.19061279296875,882.1049194335938,343.0791931152344,909.7349853515625,361.88653564453125,879.5571899414062,363.63592529296875,921.4395751953125,384.5076599121094,875.19384765625,388.7352294921875,915.276611328125,404.15399169921875,872.20703125,414.37744140625,913.0784912109375,407.6248779296875,893.499267578125,408.3093566894531,918.88720703125,443.32733154296875,890.9268798828125,442.9668273925781,931.1915283203125,479.52215576171875,904.0955810546875,477.6217346191406
895.0526123046875,343.6165466308594,897.7915649414062,339.92059326171875,891.8568115234375,340.2643737792969,904.1153564453125,341.5891418457031,888.8142700195312,342.71881103515625,915.4367065429688,360.6856384277344,886.3267822265625,363.10498046875,929.5486450195312,377.16387939453125,880.825439453125,387.38970947265625,926.5213623046875,389.710693359375,876.2605590820312,411.7720642089844,916.624755859375,406.829345703125,898.0050659179688,407.39990234375,921.7781982421875,444.2373962402344,897.75634765625,443.33953857421875,931.31689453125,480.7796630859375,907.5902709960938,477.4603271484375
899.02294921875,343.93646240234375,901.8623657226562,340.3636474609375,895.784912109375,340.67840576171875,907.4639282226562,341.85888671875,892.240478515625,342.8277282714844,918.98828125,359.81134033203125,888.1301879882812,363.6171875,932.3818359375,375.554443359375,883.8231201171875,388.6658020019531,931.0888671875,382.5370788574219,879.792236328125,413.4649658203125,920.0070190429688,409.18414306640625,899.7006225585938,410.68975830078125,922.38671875,446.2185974121094,896.2999877929688,446.2343444824219,933.806884765625,482.6597900390625,906.1909790039062,480.2038879394531
904.3201904296875,343.5356140136719,907.0311279296875,339.9748229980469,900.784423828125,340.2493591308594,911.6490478515625,341.41748046875,895.8151245117188,342.13818359375,921.64404296875,360.1595764160156,890.1846313476562,362.4795227050781,932.2664794921875,379.5050354003906,884.5965576171875,386.8217468261719,930.9111328125,392.69207763671875,881.681396484375,410.2372741699219,922.0087890625,408.31085205078125,901.1688232421875,409.2499694824219,924.3887939453125,444.47900390625,895.854736328125,444.5545654296875,933.3035888671875,480.1123352050781,902.755615234375,479.001708984375
904.86083984375,341.7083740234375,907.6638793945312,338.1033630371094,901.3273315429688,338.34002685546875,912.6663208007812,339.2579345703125,896.3436279296875,339.90289306640625,922.9464111328125,357.9300842285156,890.6541137695312,360.4265441894531,933.4163818359375,377.077392578125,885.505615234375,385.422607421875,932.4069213867188,389.9388427734375,881.2984619140625,410.458740234375,923.2922973632812,406.38232421875,901.9835205078125,407.3673095703125,925.9315185546875,442.98846435546875,896.5856323242188,443.0188293457031,933.164794921875,479.0191955566406,902.6570434570312,477.83856201171875
904.883056640625,341.74920654296875,907.6755981445312,338.15093994140625,901.3582763671875,338.3868408203125,912.666259765625,339.2999572753906,896.3651733398438,339.939453125,922.9634399414062,357.96636962890625,890.614013671875,360.4371337890625,933.461181640625,377.12249755859375,885.4222412109375,385.34918212890625,932.45849609375,390.06298828125,881.3607788085938,410.20123291015625,923.2845458984375,406.3977355957031,901.8953857421875,407.3705749511719,926.1038818359375,442.909912109375,896.3292846679688,442.9547119140625,933.322265625,478.89837646484375,902.100830078125,477.7647399902344
905.2029418945312,338.9273376464844,907.9373779296875,335.31378173828125,901.7349853515625,335.60400390625,912.9635009765625,336.2345886230469,896.783935546875,337.0364685058594,923.50830078125,354.33001708984375,890.91015625,357.6920471191406,934.3892822265625,372.0202331542969,885.5516967773438,383.0684509277344,933.1142578125,382.44268798828125,880.8275756835938,407.8680725097656,923.759765625,404.18353271484375,901.96533203125,405.4847412109375,927.4105224609375,441.42840576171875,895.3475341796875,441.8183898925781,934.6071166992188,478.2523498535156,898.9528198242188,477.45361328125
905.8108520507812,333.4237976074219,908.668701171875,329.862548828125,902.4473876953125,330.00494384765625,913.7489013671875,331.3096618652344,897.736328125,331.7335510253906,923.8921508789062,350.4289855957031,891.6405029296875,353.0184326171875,934.9974365234375,368.89794921875,886.2730712890625,378.541015625,933.7249145507812,379.177001953125,881.4195556640625,403.04840087890625,922.7850341796875,402.4481201171875,900.9569091796875,403.3373107910156,928.1453247070312,442.10723876953125,894.9639892578125,442.0394287109375,936.6157836914062,480.08160400390625,897.408935546875,478.8355407714844
906.5798950195312,330.3969421386719,909.4423828125,326.8013000488281,903.001708984375,326.8363342285156,913.901611328125,328.29217529296875,897.6362915039062,328.414306640625,923.174072265625,347.3531494140625,891.173828125,349.80517578125,934.8118896484375,365.2459716796875,885.0880737304688,375.99798583984375,933.4490966796875,373.128173828125,876.892333984375,402.59002685546875,921.7926635742188,399.8500671386719,900.1131591796875,400.6487731933594,927.7474365234375,440.91339111328125,894.4100341796875,440.4901428222656,937.0745849609375,480.24560546875,896.892333984375,478.5169372558594
906.0653686523438,329.8163757324219,909.1387939453125,326.2405090332031,902.7452392578125,326.18798828125,914.2696533203125,327.8212585449219,897.9054565429688,327.74505615234375,923.5986328125,347.4311828613281,890.6852416992188,349.690673828125,934.51904296875,366.3660888671875,883.7957763671875,376.66143798828125,934.6378173828125,376.6922607421875,874.530517578125,405.6241455078125,921.56396484375,400.2694091796875,899.0521240234375,401.03668212890625,930.0185546875,441.44744873046875,893.2994384765625,441.1370544433594,939.556396484375,481.44232177734375,894.347900390625,480.31610107421875
906.51611328125,330.2438659667969,909.532958984375,326.76165771484375,903.28564453125,326.64398193359375,914.2662353515625,328.4269714355469,898.387451171875,328.1815185546875,922.85888671875,347.4213562011719,890.9335327148438,349.92230224609375,934.259765625,364.15057373046875,882.69482421875,376.0220031738281,933.78759765625,371.96099853515625,873.7139892578125,404.30523681640625,920.7229614257812,400.53936767578125,898.36669921875,401.3335876464844,930.6690673828125,441.6473388671875,890.87060546875,441.3695983886719,940.9207763671875,481.66644287109375,888.1316528320312,480.3145751953125
906.44287109375,330.2763671875,909.4625244140625,326.79937744140625,903.2319946289062,326.6763916015625,914.224609375,328.46612548828125,898.3621826171875,328.2117919921875,922.896728515625,347.4578552246094,890.8507690429688,349.9649658203125,934.3159790039062,364.2600402832031,882.6553344726562,376.11639404296875,933.7487182617188,372.1474914550781,873.5916137695312,404.42340087890625,920.795654296875,400.55303955078125,898.3507080078125,401.3516845703125,930.77294921875,441.62066650390625,890.793212890625,441.369140625,940.997314453125,481.6901550292969,888.041015625,480.41748046875
904.575439453125,332.42431640625,907.7152099609375,328.9461669921875,901.593994140625,328.7578125,913.2681884765625,330.91253662109375,897.2607421875,330.7390441894531,921.608154296875,351.229248046875,891.6557006835938,354.1124267578125,935.7394409179688,367.02386474609375,881.0670166015625,382.1930236816406,932.8388671875,375.4039306640625,868.87109375,408.89959716796875,919.7901611328125,405.39337158203125,897.9904174804688,405.7737121582031,931.035400390625,444.78570556640625,884.7706298828125,444.9441833496094,945.7374267578125,483.2137756347656,877.83740234375,483.4637145996094
903.5406494140625,340.5296630859375,906.7241821289062,336.90008544921875,900.775390625,336.8720397949219,913.5875244140625,338.0239562988281,897.0484619140625,338.14556884765625,923.714599609375,357.87921142578125,891.0631713867188,359.11328125,935.7686767578125,379.58245849609375,878.033447265625,383.99267578125,933.324951171875,398.207763671875,864.8073120117188,409.8319091796875,921.1349487304688,409.313720703125,897.02392578125,409.1911926269531,935.7962036132812,448.212646484375,881.61669921875,447.8668212890625,951.842529296875,489.19500732421875,874.1337890625,488.80902099609375
904.080810546875,343.64910888671875,907.1995849609375,339.95660400390625,901.0108642578125,340.0389404296875,913.6666259765625,341.205810546875,896.7008056640625,341.54986572265625,923.673583984375,361.20721435546875,890.5390625,363.0252685546875,936.593505859375,381.7405700683594,877.6453857421875,387.5369567871094,936.5051879882812,399.10955810546875,864.06005859375,412.4726257324219,922.243408203125,413.6159362792969,897.23486328125,413.7972412109375,939.1250610351562,452.1197204589844,879.2559814453125,452.13299560546875,956.56640625,494.48431396484375,868.5045776367188,494.5734558105469
903.150146484375,349.09228515625,906.5291748046875,345.46429443359375,900.1102294921875,345.3411865234375,912.740478515625,347.126220703125,896.3563842773438,347.08148193359375,923.171875,367.9027099609375,889.8338012695312,367.9349670410156,934.5240478515625,392.4322814941406,880.2625122070312,392.9749755859375,937.494873046875,414.5503234863281,867.7787475585938,419.1266784667969,922.7594604492188,419.14208984375,897.24462890625,418.57305908203125,939.916015625,456.7874755859375,877.4141845703125,455.6164855957031,959.7639770507812,500.4130554199219,869.0165405273438,497.8624267578125
903.196044921875,357.9731140136719,906.7867431640625,354.14947509765625,899.94482421875,354.0379943847656,914.096923828125,355.5418701171875,895.4957885742188,355.40185546875,924.3012084960938,377.3697509765625,891.1173706054688,377.72552490234375,938.1151123046875,401.3502502441406,880.2880859375,403.7390441894531,943.262939453125,425.43170166015625,867.8373413085938,431.302490234375,924.9183349609375,429.5023498535156,899.5146484375,428.85650634765625,939.39111328125,464.4461669921875,873.658935546875,463.36395263671875,960.46044921875,504.0185852050781,863.1953125,502.1590576171875
903.138671875,357.8359680175781,906.734619140625,354.0059509277344,899.88671875,353.89373779296875,914.0549926757812,355.40374755859375,895.4453125,355.2626953125,924.28076171875,377.23260498046875,891.069091796875,377.62225341796875,938.0604858398438,401.20086669921875,880.2821044921875,403.7445068359375,943.2753295898438,425.3785400390625,867.8124389648438,431.5550537109375,925.0025634765625,429.3716125488281,899.572998046875,428.7415466308594,939.4320068359375,464.35223388671875,873.648681640625,463.28289794921875,960.5077514648438,503.97100830078125,863.1817016601562,502.11419677734375
900.94873046875,364.2693786621094,904.3269653320312,360.6534118652344,897.75732421875,360.4730529785156,910.40087890625,362.28369140625,893.1952514648438,361.96685791015625,920.09228515625,383.4217529296875,888.2054443359375,383.83538818359375,936.609619140625,405.43212890625,879.476806640625,409.323486328125,947.7672119140625,427.22314453125,870.4764404296875,435.48138427734375,921.4300537109375,435.22381591796875,896.7112426757812,434.710205078125,936.6207275390625,467.54248046875,870.5845947265625,466.2851257324219,962.0044555664062,504.7476806640625,863.2015380859375,502.0689697265625
894.0687255859375,367.98760986328125,897.0328369140625,364.267822265625,890.7845458984375,364.426025390625,902.7391357421875,365.7699279785156,886.6492309570312,366.26885986328125,913.5025634765625,385.01226806640625,883.626708984375,388.2347717285156,936.3126220703125,401.97930908203125,877.510498046875,413.4290771484375,951.6271362304688,419.3914489746094,871.2969970703125,436.9378967285156,920.2574462890625,436.1309814453125,896.9500122070312,437.0166015625,935.0467529296875,466.85296630859375,871.15576171875,467.3782958984375,961.7656860351562,502.967041015625,863.7503662109375,502.687744140625
882.4931640625,369.71905517578125,885.7822265625,366.34393310546875,880.7774658203125,366.02691650390625,892.600341796875,368.2539367675781,881.4713745117188,367.6084899902344,900.8765258789062,387.5596923828125,883.401611328125,389.53594970703125,905.6127319335938,410.2651062011719,883.7162475585938,416.2154541015625,892.1222534179688,430.2628173828125,877.727783203125,436.14825439453125,914.439453125,437.15771484375,898.1416625976562,437.49609375,927.08740234375,470.1160888671875,872.7000732421875,471.3794860839844,959.0213623046875,502.78289794921875,870.5238647460938,504.816650390625
871.2568359375,371.02978515625,875.4169921875,367.542236328125,869.6676635742188,366.94708251953125,885.1937255859375,370.50274658203125,869.9053955078125,369.38671875,892.817138671875,390.8594055175781,872.1593017578125,392.3370361328125,892.3436279296875,416.72003173828125,868.5038452148438,419.49664306640625,871.4420166015625,436.70855712890625,861.4505615234375,442.11090087890625,906.5938720703125,437.9259338378906,888.4071044921875,439.24615478515625,918.9109497070312,470.6492614746094,863.9895629882812,472.939208984375,956.1221923828125,501.5406494140625,869.2823486328125,505.2559814453125
863.5174560546875,378.0533752441406,867.2894287109375,374.4385986328125,861.6199951171875,374.0325927734375,875.7344970703125,376.50347900390625,862.1233520507812,375.8753662109375,885.0860595703125,394.9671936035156,864.2169799804688,396.4997863769531,882.5755615234375,420.07147216796875,862.5589599609375,423.52496337890625,861.25341796875,445.12908935546875,851.6383056640625,451.61322021484375,902.6976928710938,436.52899169921875,884.0391845703125,437.966552734375,916.1651000976562,472.6225891113281,861.5245361328125,474.73040771484375,954.1783447265625,500.7755126953125,869.417724609375,503.4111328125
863.5171508789062,378.1083984375,867.29736328125,374.5052490234375,861.6585693359375,374.0899658203125,875.792236328125,376.5919189453125,862.25390625,375.9438171386719,885.1373291015625,395.0560302734375,864.3736572265625,396.5782470703125,882.6571655273438,420.0936279296875,862.6849365234375,423.56268310546875,861.5106201171875,445.0639343261719,851.7610473632812,451.58740234375,902.7042846679688,436.60699462890625,884.124755859375,438.036376953125,916.1348876953125,472.60528564453125,861.5487670898438,474.71099853515625,954.1875,500.75225830078125,869.4403076171875,503.4052734375
854.63818359375,385.51409912109375,857.5189208984375,381.73541259765625,852.75244140625,382.1289367675781,866.016845703125,382.01123046875,852.982421875,383.3438415527344,877.45263671875,396.09893798828125,856.298583984375,403.26239013671875,883.568603515625,415.46868896484375,854.2532958984375,432.3164978027344,868.9007568359375,433.22906494140625,846.198486328125,457.6033630371094,898.060546875,436.15264892578125,880.4677734375,440.12664794921875,910.6298828125,469.36981201171875,861.4454956054688,474.45068359375,946.3929443359375,498.45501708984375,870.0009155273438,505.1906433105469
847.8327026367188,388.2396240234375,850.6033935546875,384.2354736328125,846.1082763671875,383.7037353515625,857.7147216796875,384.2369384765625,851.2584228515625,382.1069641113281,865.5328369140625,401.2501220703125,862.6748657226562,396.5693359375,861.0452880859375,427.27117919921875,856.6971435546875,419.96685791015625,847.6170043945312,450.9555358886719,842.96435546875,447.684814453125,889.7455444335938,441.6731872558594,893.0425415039062,439.31793212890625,862.9615478515625,473.6146545410156,896.0777587890625,468.96905517578125,872.51611328125,506.8955383300781,933.5028076171875,496.4891357421875
844.4544067382812,387.94793701171875,847.3955078125,384.1732177734375,842.1436157226562,384.1361389160156,854.6859741210938,384.63720703125,844.3966064453125,384.4447021484375,865.8272705078125,400.0177001953125,852.94677734375,401.3079528808594,870.334228515625,420.968017578125,849.3623657226562,428.0887756347656,858.5810546875,440.0565185546875,837.9586181640625,455.84649658203125,890.904541015625,439.79498291015625,884.77783203125,440.4158020019531,871.1288452148438,474.4520263671875,878.68994140625,473.94061279296875,894.7061767578125,503.89453125,913.093017578125,500.061279296875
843.4583129882812,388.5823059082031,845.9595947265625,383.49371337890625,840.3802490234375,384.94329833984375,854.2080688476562,382.2895202636719,839.670654296875,386.13623046875,867.8399047851562,398.8033447265625,846.24267578125,403.5669250488281,877.2171630859375,422.14154052734375,843.6996459960938,428.4449157714844,873.596435546875,443.1351318359375,839.0853271484375,446.378173828125,884.4450073242188,441.0010986328125,869.861572265625,442.6634521484375,879.8189697265625,470.6911926269531,861.825439453125,471.5511474609375,896.0557250976562,513.7581787109375,876.3135986328125,513.1964111328125
845.2798461914062,386.1673278808594,848.3558349609375,382.17218017578125,842.6032104492188,382.74688720703125,856.7449951171875,382.8172302246094,841.5869140625,384.46588134765625,868.6089477539062,398.04107666015625,845.195556640625,404.03106689453125,883.2384033203125,414.9599609375,841.7357177734375,430.42333984375,881.919677734375,432.46783447265625,837.932373046875,453.1273193359375,886.3653564453125,437.43829345703125,871.54248046875,440.161376953125,878.2777099609375,473.09100341796875,863.7522583007812,475.87603759765625,897.8309326171875,506.54180908203125,882.6986083984375,508.451416015625
845.3284912109375,386.23785400390625,848.41552734375,382.2447509765625,842.6605224609375,382.80499267578125,856.8045654296875,382.9237976074219,841.640380859375,384.52850341796875,868.5902709960938,398.3297424316406,845.139404296875,404.16796875,883.0313720703125,415.617919921875,841.8096923828125,430.6943664550781,881.8780517578125,433.9930114746094,838.0634765625,454.20556640625,886.0523071289062,437.88116455078125,871.225341796875,440.54241943359375,878.2487182617188,473.428466796875,863.6942138671875,476.1240234375,897.74462890625,506.58966064453125,882.7966918945312,508.4356689453125
848.9908447265625,385.2314758300781,851.491943359375,379.9783935546875,844.357666015625,381.5982971191406,857.0924072265625,379.27520751953125,839.4669799804688,383.57879638671875,867.731689453125,396.51641845703125,840.8094482421875,402.48626708984375,883.7719116210938,418.8403015136719,838.4832763671875,428.4085693359375,891.3896484375,446.28814697265625,838.3214721679688,451.7758483886719,876.821044921875,442.08099365234375,860.1282348632812,444.7515563964844,880.5122680664062,475.77337646484375,864.3951416015625,477.6025390625,886.9176025390625,517.5967407226562,871.8484497070312,518.8578491210938
847.5283203125,382.9155578613281,850.1455078125,378.8271789550781,844.190185546875,379.8697509765625,857.98486328125,379.50164794921875,840.5147094726562,382.06707763671875,870.049072265625,396.1793212890625,837.1766967773438,403.89569091796875,886.762939453125,411.0167236328125,834.788330078125,430.6621398925781,895.490966796875,427.0199890136719,836.78173828125,450.2913818359375,877.020751953125,444.69781494140625,857.0533447265625,448.4521484375,880.975341796875,482.6065979003906,865.248779296875,487.41534423828125,872.0103759765625,517.867431640625,865.0819702148438,524.9026489257812
847.8158569335938,383.94866943359375,850.5301513671875,379.9307556152344,844.7125854492188,380.8619384765625,858.5451049804688,380.2962646484375,841.4022216796875,382.80645751953125,871.6009521484375,397.36328125,838.028076171875,403.8905029296875,889.89892578125,412.40374755859375,834.8736572265625,428.4326477050781,900.038818359375,429.382080078125,835.3321533203125,445.5718688964844,874.2277221679688,447.28125,854.32763671875,450.1207580566406,875.4920654296875,486.0780029296875,861.5150146484375,489.4430236816406,869.0009765625,521.393798828125,866.5447998046875,525.4554443359375
848.43310546875,385.76324462890625,851.162841796875,381.81231689453125,845.2380981445312,382.6539001464844,859.008544921875,382.07666015625,841.4315185546875,384.4214172363281,872.412353515625,399.62255859375,837.22509765625,404.4871826171875,887.8419189453125,416.5137634277344,831.841064453125,428.691162109375,893.0736694335938,431.59326171875,832.9074096679688,447.2787780761719,871.8997802734375,448.1234130859375,850.0045166015625,449.90606689453125,874.1868896484375,485.9371337890625,850.0269775390625,487.331787109375,871.1092529296875,522.74755859375,854.4669799804688,523.661376953125
848.434326171875,388.623046875,851.45947265625,384.62591552734375,845.026611328125,385.0849609375,857.0784301757812,386.0558166503906,840.42578125,387.3972473144531,867.6258544921875,404.21527099609375,834.533935546875,406.5848693847656,884.9302978515625,424.6688232421875,827.5017700195312,429.2269287109375,890.299072265625,440.981689453125,831.5672607421875,442.88983154296875,864.4649658203125,452.26031494140625,843.5430908203125,453.3321533203125,869.4228515625,485.61279296875,844.767333984375,486.82220458984375,869.1431884765625,522.6275634765625,843.750732421875,523.7103881835938
848.4405517578125,388.64776611328125,851.45703125,384.6393127441406,845.025146484375,385.104248046875,857.0612182617188,386.0660705566406,840.417724609375,387.4245300292969,867.5831909179688,404.25836181640625,834.6005859375,406.6548156738281,884.9910278320312,424.70751953125,827.6141357421875,429.3269348144531,890.5732421875,441.1636962890625,831.516357421875,443.09466552734375,864.4351806640625,452.37396240234375,843.6004028320312,453.454833984375,869.3607788085938,485.69317626953125,844.8399658203125,486.9117736816406,869.0728759765625,522.7314453125,843.78173828125,523.8299560546875
846.5433349609375,392.91094970703125,849.3792724609375,388.49322509765625,843.0258178710938,388.9203186035156,854.576416015625,388.939208984375,837.6385498046875,390.15435791015625,862.57568359375,406.11358642578125,831.96533203125,408.86334228515625,883.0365600585938,424.27349853515625,827.55126953125,431.3678283691406,894.7911987304688,440.40289306640625,833.4541625976562,444.1884765625,859.7971801757812,453.6405944824219,840.4642333984375,454.9688415527344,861.991943359375,489.229248046875,840.7705078125,490.7921142578125,864.5902099609375,524.449462890625,841.4580078125,526.4288940429688
843.1768798828125,396.7065124511719,845.9613647460938,392.0151672363281,839.2421264648438,392.7034912109375,851.345703125,392.67822265625,832.52294921875,394.661376953125,860.894775390625,410.18524169921875,825.8909912109375,413.8751220703125,882.52734375,426.8350524902344,820.6263427734375,434.80010986328125,891.5706787109375,439.5792236328125,826.62353515625,444.1453857421875,858.421630859375,458.7598571777344,835.9417724609375,460.740478515625,863.2498779296875,491.6138916015625,838.1987915039062,493.6597595214844,865.7750244140625,529.98095703125,839.4093017578125,532.4339599609375
837.0648193359375,400.15069580078125,838.9913330078125,395.4579162597656,833.337646484375,396.72808837890625,843.3502197265625,395.3685302734375,828.0184326171875,398.941162109375,855.8197021484375,412.4896240234375,821.3043823242188,417.93768310546875,877.660888671875,429.51287841796875,815.5517578125,440.0992126464844,883.245361328125,441.322998046875,820.2860107421875,448.0157470703125,855.4139404296875,463.40557861328125,832.890380859375,465.891845703125,863.52001953125,497.68719482421875,826.9498291015625,499.53021240234375,869.1187133789062,535.8460693359375,825.9680786132812,538.2728881835938
833.8599243164062,405.75299072265625,835.5570068359375,400.87261962890625,830.225341796875,402.19219970703125,839.2662963867188,399.8255615234375,825.067626953125,403.46160888671875,850.4249267578125,415.855224609375,818.5845947265625,421.4964599609375,872.4922485351562,433.8390197753906,810.9874877929688,445.09149169921875,884.453369140625,451.1905517578125,812.4012451171875,458.632080078125,850.732177734375,467.26812744140625,829.7499389648438,469.8988037109375,862.2734375,501.4034729003906,821.384765625,503.4551696777344,868.59521484375,541.4434814453125,816.3460693359375,544.37255859375
827.8980102539062,410.9912109375,831.0263671875,407.3087158203125,824.6915283203125,407.6351318359375,837.81201171875,407.4222106933594,819.3539428710938,408.68145751953125,847.3189086914062,420.775634765625,812.6868896484375,429.1899719238281,869.7313232421875,424.1802978515625,806.1097412109375,454.8772888183594,881.17578125,420.02294921875,803.6317749023438,475.00128173828125,842.5984497070312,472.37176513671875,818.3466796875,475.7481689453125,857.1373291015625,508.1746826171875,811.3599853515625,511.3607482910156,868.3819580078125,546.1517944335938,805.6430053710938,549.4656982421875
827.86474609375,410.96759033203125,831.0078125,407.28350830078125,824.6805419921875,407.60260009765625,837.840087890625,407.408203125,819.3715209960938,408.6550598144531,847.3397216796875,420.76507568359375,812.6680297851562,429.1866455078125,869.8031616210938,424.1618957519531,805.99072265625,454.83209228515625,881.029296875,420.08428955078125,803.5474853515625,474.90582275390625,842.5039672851562,472.2962951660156,818.2120361328125,475.6766357421875,857.1126708984375,507.995361328125,811.2138061523438,511.2217712402344,868.37939453125,546.0592041015625,805.438720703125,549.4791259765625
823.8224487304688,416.92791748046875,826.8170166015625,413.18463134765625,820.0995483398438,413.78643798828125,832.5648193359375,414.0617980957031,814.1185302734375,415.741455078125,839.84375,427.3614501953125,807.9424438476562,437.38287353515625,861.1168212890625,428.30133056640625,804.7088012695312,463.2596740722656,876.6650390625,420.502197265625,805.9755249023438,482.26025390625,838.1185302734375,476.1843566894531,814.9359741210938,480.5649719238281,854.5130615234375,509.04034423828125,805.982666015625,513.5391845703125,866.6837158203125,546.5728759765625,796.646728515625,552.5587768554688
814.2049560546875,424.3553466796875,817.389404296875,420.68292236328125,810.903076171875,421.3636474609375,824.1693115234375,421.9073486328125,806.23291015625,423.8901672363281,831.91552734375,434.7247314453125,801.020263671875,447.5838623046875,854.283447265625,433.7366943359375,796.373291015625,476.05816650390625,869.6455078125,421.37164306640625,796.646728515625,495.4402770996094,835.6492919921875,483.4891357421875,813.065185546875,489.37176513671875,851.4498291015625,517.310302734375,802.294677734375,523.8649291992188,863.9552001953125,555.3298950195312,791.01806640625,564.21044921875
810.7552490234375,432.53692626953125,813.3604736328125,428.568359375,807.3502807617188,429.5572814941406,818.2164306640625,429.0128173828125,801.9201049804688,431.9799499511719,825.9422607421875,440.80133056640625,794.94140625,457.4285888671875,851.6907348632812,433.41131591796875,790.3580322265625,486.5497741699219,869.33154296875,416.5979919433594,789.2356567382812,509.55987548828125,831.4747924804688,494.99688720703125,808.4901123046875,502.9095153808594,850.8709716796875,529.7529907226562,799.1773681640625,538.31005859375,866.8916015625,569.4871826171875,789.9876708984375,579.5645141601562
803.84814453125,442.7955322265625,807.2342529296875,438.86334228515625,800.8412475585938,439.6678466796875,813.86962890625,439.071533203125,796.9228515625,441.86614990234375,820.9781494140625,449.4888610839844,793.2969360351562,466.3180847167969,846.361083984375,441.38311767578125,787.1929321289062,495.0755310058594,861.140869140625,421.7406005859375,780.0653076171875,518.0869140625,826.2008056640625,504.4500732421875,806.1107177734375,511.899169921875,834.1273193359375,533.6419677734375,791.1568603515625,541.5745239257812,854.0838623046875,574.49072265625,787.4417724609375,583.13037109375
797.7869873046875,451.2708435058594,801.03759765625,447.03955078125,795.0291748046875,447.4269104003906,806.5029296875,448.2586669921875,793.997802734375,449.3262939453125,810.1378784179688,466.40472412109375,795.30126953125,469.101806640625,808.9747314453125,488.8656921386719,786.8161010742188,494.80450439453125,804.2503662109375,505.68035888671875,789.2420654296875,515.8355712890625,814.505126953125,512.8900146484375,809.9117431640625,514.6053466796875,788.021484375,537.7694091796875,819.7996215820312,539.5025024414062,785.2962646484375,579.210693359375,848.7716674804688,580.31201171875
797.7262573242188,451.28045654296875,800.9869995117188,447.04583740234375,794.995361328125,447.3915710449219,806.4113159179688,448.30029296875,794.068115234375,449.255859375,809.9427490234375,466.7479248046875,795.4366455078125,468.9495849609375,807.8084106445312,490.22210693359375,786.72998046875,494.7067565917969,802.1217041015625,508.0408935546875,788.90234375,515.3223876953125,814.5569458007812,513.0948486328125,810.2213134765625,514.5632934570312,787.791015625,538.0123901367188,820.264404296875,539.5308227539062,784.8087158203125,579.6854858398438,849.51611328125,580.5380859375
793.3181762695312,454.2059326171875,796.5309448242188,450.32769775390625,791.5555419921875,450.6305236816406,802.7698974609375,451.2825927734375,790.8218994140625,452.009521484375,806.148193359375,468.43084716796875,792.3629150390625,469.4006652832031,802.3565673828125,494.1317138671875,784.6019287109375,494.4322814941406,796.1065063476562,510.56329345703125,780.0635375976562,511.0661315917969,810.3123779296875,512.259033203125,801.607421875,512.477294921875,809.639404296875,537.317138671875,794.8795166015625,537.3070068359375,817.3357543945312,578.4895629882812,802.2467041015625,577.9774780273438
794.0130615234375,453.9783935546875,797.1038818359375,449.74945068359375,791.188232421875,450.51788330078125,803.6607666015625,450.4088134765625,788.243896484375,452.8059997558594,811.6549072265625,468.35369873046875,788.5897216796875,470.718017578125,810.1858520507812,493.5914306640625,782.4066162109375,494.7805480957031,795.3424072265625,508.93707275390625,780.8867797851562,510.2989501953125,814.3445434570312,511.76495361328125,796.9271850585938,512.3700561523438,822.5718994140625,539.80615234375,781.9022216796875,539.908203125,834.0866088867188,578.65234375,782.3963623046875,578.3331909179688
794.0128784179688,453.4466552734375,797.169189453125,449.184326171875,791.169677734375,449.94464111328125,804.2298583984375,449.8076171875,788.2718505859375,452.1477355957031,812.4995727539062,467.9442443847656,788.6764526367188,470.11590576171875,810.451171875,494.0570068359375,781.3668823242188,494.8226623535156,794.7509765625,509.643310546875,778.9718627929688,510.73968505859375,815.3826904296875,512.148193359375,797.3084106445312,512.6301879882812,823.2706298828125,539.6564331054688,780.90283203125,539.65625,835.2606201171875,578.9640502929688,781.3125,578.454833984375
794.4080810546875,443.90716552734375,797.5651245117188,439.59844970703125,791.2838134765625,440.29986572265625,803.7744140625,440.6217956542969,787.4419555664062,442.81781005859375,812.4248046875,459.9976501464844,785.9996337890625,462.5012512207031,816.078369140625,486.4248046875,780.2615966796875,488.6781005859375,806.790283203125,506.2405700683594,780.0703125,507.92926025390625,813.8665771484375,506.3143615722656,794.521240234375,507.17352294921875,826.2599487304688,538.8372802734375,782.1390380859375,539.1962280273438,837.81640625,578.4324951171875,781.4205322265625,578.4354858398438
796.5635375976562,439.3431701660156,799.4946899414062,434.773193359375,792.6652221679688,435.7482604980469,805.1964111328125,435.90399169921875,787.4840087890625,438.7088928222656,814.6349487304688,456.3749084472656,783.8544921875,459.87493896484375,822.57373046875,482.80712890625,778.1510009765625,487.5894470214844,816.5341186523438,504.4133605957031,780.059326171875,507.60467529296875,815.14892578125,504.918212890625,793.6514282226562,506.487548828125,828.44873046875,536.2794189453125,786.01904296875,537.2738037109375,834.1558837890625,577.5167846679688,782.6309814453125,578.3269653320312
796.552734375,439.33428955078125,799.491455078125,434.75732421875,792.6707763671875,435.73712158203125,805.2123413085938,435.8809814453125,787.5247802734375,438.70147705078125,814.5734252929688,456.39886474609375,783.9993896484375,459.8777160644531,822.3133544921875,482.92474365234375,778.064208984375,487.57904052734375,816.281494140625,504.7735595703125,779.479736328125,507.91326904296875,815.0042724609375,505.0465393066406,793.6365966796875,506.587646484375,828.23193359375,536.5066528320312,785.847900390625,537.4756469726562,834.077880859375,577.7725219726562,782.4375,578.5488891601562
800.04052734375,432.6583557128906,803.2177734375,428.7565612792969,796.669677734375,429.2908630371094,809.8511962890625,429.6788330078125,791.5389404296875,431.1367492675781,818.5277709960938,445.8025817871094,784.6693115234375,453.41729736328125,835.5443115234375,460.6282653808594,778.1171875,482.2543029785156,844.078857421875,473.0821533203125,780.8759765625,506.15679931640625,817.40673828125,495.48529052734375,794.2175903320312,499.37371826171875,825.1792602539062,532.1295776367188,784.509521484375,536.90576171875,833.5023193359375,572.9009399414062,782.099853515625,579.883544921875
805.294921875,427.1221618652344,808.184814453125,423.4111328125,801.7403564453125,423.6439208984375,813.31640625,424.712890625,795.509521484375,425.2385559082031,821.3549194335938,442.6672668457031,787.1288452148438,447.42919921875,836.337646484375,460.9525451660156,779.6015625,476.0302734375,840.6516723632812,475.0550537109375,782.9713134765625,501.2716064453125,819.3718872070312,493.1351623535156,795.7238159179688,495.6116943359375,827.07373046875,531.2086181640625,784.2529907226562,534.0859985351562,832.6885986328125,571.9622802734375,779.1033325195312,576.089599609375
807.6879272460938,423.07830810546875,810.5256958007812,419.27825927734375,803.961181640625,419.60809326171875,815.767822265625,420.27020263671875,797.833984375,420.81512451171875,825.63818359375,439.2836608886719,788.908203125,442.2704772949219,837.5927124023438,461.1195068359375,781.5035400390625,470.83355712890625,841.99365234375,478.39117431640625,785.7800903320312,494.8583679199219,822.2568359375,489.58209228515625,796.17529296875,490.8277587890625,833.1795654296875,530.9832763671875,784.1317749023438,532.33203125,838.478515625,573.7106323242188,776.96875,575.49658203125
811.39208984375,423.661376953125,814.2552490234375,419.89349365234375,807.6948852539062,420.07568359375,819.268310546875,420.52734375,801.15380859375,420.5137023925781,828.208740234375,438.6968994140625,790.8729858398438,440.314453125,838.6030883789062,461.88818359375,782.0277099609375,467.8028869628906,840.1506958007812,479.6792907714844,792.0699462890625,487.0403137207031,823.2760620117188,487.29156494140625,796.4132080078125,488.04718017578125,835.62255859375,528.6891479492188,783.776611328125,530.0114135742188,841.080078125,571.3529052734375,775.345703125,573.8851318359375
814.8858032226562,421.5400390625,817.7786865234375,418.0833435058594,811.5010986328125,418.1102600097656,821.7683715820312,419.7245178222656,805.0657958984375,419.5325927734375,829.2938232421875,438.3748779296875,793.199462890625,439.44622802734375,838.5845947265625,462.1409912109375,784.288818359375,466.5281066894531,839.989990234375,479.341552734375,796.8421630859375,484.5812072753906,823.905517578125,487.3334655761719,797.2349853515625,487.8956298828125,839.070556640625,526.0531005859375,784.3159790039062,527.2158813476562,845.152099609375,567.617431640625,772.0797729492188,569.7919921875
814.9088745117188,421.5220642089844,817.7947998046875,418.07171630859375,811.5291137695312,418.09722900390625,821.7632446289062,419.71929931640625,805.0987548828125,419.5276794433594,829.28564453125,438.3643798828125,793.2362060546875,439.43475341796875,838.5433349609375,462.0352478027344,784.387939453125,466.43756103515625,839.87890625,479.17669677734375,796.81591796875,484.5292053222656,823.8674926757812,487.2999267578125,797.20703125,487.8538818359375,839.135498046875,526.0416259765625,784.2888793945312,527.1826171875,845.218505859375,567.5623168945312,771.9486083984375,569.6922607421875
818.800048828125,424.228271484375,822.309814453125,420.062255859375,815.27734375,419.7037353515625,826.80322265625,422.01422119140625,808.5316162109375,421.05511474609375,833.0076904296875,442.85211181640625,796.1549072265625,442.2668151855469,845.4017333984375,467.99761962890625,784.2163696289062,468.5810546875,847.9920654296875,485.4248046875,787.2885131835938,485.98492431640625,823.9828491210938,491.9267578125,797.47705078125,492.10498046875,847.2866821289062,523.6209106445312,785.2025756835938,523.8953857421875,851.8487548828125,566.4226684570312,772.2078857421875,567.0562133789062
821.328857421875,425.48590087890625,824.81591796875,421.36212158203125,818.303466796875,421.27593994140625,829.4207153320312,423.0238952636719,813.3495483398438,422.65899658203125,835.0493774414062,443.37811279296875,802.8477783203125,442.86968994140625,844.0101318359375,468.05804443359375,785.191162109375,467.5198059082031,849.4639892578125,486.3377685546875,782.7606201171875,487.3843688964844,826.3485107421875,491.37884521484375,803.1615600585938,491.0672607421875,843.1966552734375,521.7039794921875,782.900634765625,521.4946899414062,852.1799926757812,563.374755859375,772.0250244140625,563.713134765625
827.7886962890625,423.0516357421875,830.976806640625,418.7650451660156,824.4647216796875,418.82781982421875,834.8919677734375,420.51678466796875,818.72607421875,420.63232421875,840.2642822265625,442.121826171875,808.5833129882812,441.6852722167969,845.2235107421875,468.7342529296875,791.6177978515625,467.13055419921875,843.531005859375,486.66619873046875,788.72314453125,487.10272216796875,831.609130859375,491.42156982421875,808.5264892578125,491.18670654296875,848.2239990234375,522.1663818359375,788.8745727539062,521.950439453125,852.7998046875,564.9940795898438,774.99658203125,565.2344970703125
831.3455810546875,417.80633544921875,834.679443359375,413.5485534667969,827.930908203125,413.49737548828125,838.9700317382812,415.5374755859375,821.894287109375,415.3389587402344,844.7433471679688,437.4921875,811.4541015625,436.6524353027344,851.30712890625,463.2512512207031,794.6072387695312,461.0472106933594,849.725830078125,479.8607482910156,790.9513549804688,479.48736572265625,834.80908203125,487.147705078125,811.0638427734375,486.7384033203125,849.690673828125,519.2047119140625,794.0218505859375,518.8731079101562,853.0556030273438,560.7261962890625,781.1068725585938,560.672119140625
835.6448364257812,412.97552490234375,838.8231811523438,409.2371826171875,832.2374267578125,409.23651123046875,844.4468994140625,410.1317138671875,826.304931640625,410.2025146484375,849.64990234375,428.86517333984375,818.0916748046875,431.3251953125,865.235595703125,443.2964172363281,802.78466796875,457.67242431640625,868.60693359375,447.20263671875,794.5552368164062,479.535400390625,835.3515625,483.36541748046875,813.040771484375,483.27435302734375,848.528564453125,520.5125732421875,802.5902709960938,519.899169921875,852.03125,565.032470703125,784.6459350585938,564.2111206054688
835.74755859375,412.9771728515625,838.908935546875,409.2464904785156,832.3162841796875,409.2530517578125,844.4617309570312,410.146728515625,826.33642578125,410.21881103515625,849.597412109375,428.859619140625,818.1781005859375,431.2383728027344,865.0670166015625,443.378662109375,803.0870361328125,457.5747985839844,868.475830078125,447.090087890625,795.740234375,479.0860595703125,835.2408447265625,483.233642578125,812.9990234375,483.1063232421875,848.4083862304688,520.357666015625,802.58837890625,519.6495361328125,851.97119140625,565.1097412109375,784.6668701171875,564.0770874023438
841.0528564453125,408.1606750488281,844.223876953125,404.4979248046875,837.777587890625,404.3265380859375,850.3009033203125,405.22552490234375,832.154296875,404.7781677246094,857.1527709960938,424.54510498046875,824.01904296875,425.48077392578125,869.340576171875,440.22003173828125,806.6672973632812,452.398193359375,865.4566650390625,441.1019287109375,796.0496826171875,477.0328369140625,845.444580078125,482.1632995605469,822.7593994140625,481.07476806640625,851.626708984375,521.4948120117188,809.9307861328125,519.1553955078125,852.3989868164062,566.059814453125,794.45166015625,562.6632080078125
847.7266845703125,399.6591796875,850.4163818359375,396.12396240234375,844.913330078125,395.79510498046875,855.4371337890625,397.4678955078125,839.9417724609375,396.57269287109375,862.1036376953125,416.6737976074219,831.2708740234375,417.5037841796875,875.7216796875,429.09014892578125,813.5330810546875,445.02947998046875,870.717529296875,421.67254638671875,803.2696533203125,468.509765625,850.5510864257812,476.9660339355469,829.34619140625,475.5876159667969,854.8182373046875,519.8768310546875,815.6864013671875,516.853759765625,855.2884521484375,566.4285888671875,798.8237915039062,561.5048828125
851.59716796875,394.3964538574219,854.3351440429688,390.8949279785156,848.7945556640625,390.4146728515625,858.859130859375,392.5708923339844,843.2723388671875,391.4400329589844,865.3387451171875,411.9960021972656,833.8430786132812,413.3096923828125,880.1614379882812,424.1463623046875,817.1947021484375,442.146240234375,872.569091796875,414.39361572265625,809.5382080078125,464.02862548828125,855.678955078125,473.442626953125,834.8970947265625,472.53729248046875,856.1025390625,519.5701904296875,825.9439086914062,517.2659912109375,856.1866455078125,568.4295654296875,815.9320678710938,564.5028076171875
855.0521850585938,388.01312255859375,857.783935546875,383.533935546875,851.6800537109375,383.87457275390625,861.7528076171875,385.106689453125,845.89453125,385.94476318359375,869.7672729492188,407.321533203125,836.49072265625,407.63690185546875,881.50830078125,428.4954528808594,818.1717529296875,428.0277099609375,882.9303588867188,434.46697998046875,812.484375,435.07647705078125,860.7967529296875,466.69970703125,839.1978759765625,466.57049560546875,863.2930908203125,512.0106201171875,829.8465576171875,511.784912109375,860.8427734375,556.4671630859375,819.8189697265625,556.749755859375
858.838623046875,388.3927917480469,861.714111328125,384.7674560546875,855.905517578125,384.4562072753906,866.704833984375,386.2269287109375,850.3470458984375,385.46514892578125,873.3806762695312,406.82611083984375,840.27392578125,407.9385986328125,886.286865234375,421.93536376953125,822.8018188476562,437.1300048828125,880.432373046875,419.23284912109375,817.3348388671875,461.19921875,863.7442016601562,468.2508544921875,843.254638671875,467.642578125,864.0247802734375,515.0435791015625,842.4490966796875,513.1764526367188,860.5926513671875,562.8079223632812,838.6904296875,559.9503784179688
858.9922485351562,388.5612487792969,861.82958984375,384.93695068359375,856.0810546875,384.633056640625,866.7044677734375,386.38751220703125,850.5274658203125,385.6414489746094,873.3720703125,406.8763732910156,840.2836303710938,408.05609130859375,886.3115234375,421.8772888183594,822.7915649414062,437.15313720703125,880.9603271484375,419.3394470214844,817.2183837890625,461.0788879394531,863.78125,468.2080078125,843.2979125976562,467.6651916503906,864.271728515625,514.956787109375,842.6014404296875,513.2000732421875,860.84814453125,562.5884399414062,838.7943115234375,559.8960571289062
862.2603759765625,389.623291015625,865.1776123046875,385.9807434082031,859.54638671875,385.6749267578125,869.402099609375,387.4801940917969,853.8809814453125,386.71282958984375,876.642333984375,406.83453369140625,841.3562622070312,410.2519226074219,888.894287109375,424.0086669921875,824.3681640625,439.1208801269531,883.72509765625,423.19744873046875,816.2080078125,466.0437927246094,871.366943359375,466.3125915527344,848.904052734375,468.14569091796875,875.625244140625,511.4264831542969,851.6954956054688,512.9510498046875,873.3063354492188,555.8053588867188,849.4600830078125,558.0145263671875
867.982666015625,393.8108825683594,871.4034423828125,390.1857604980469,865.2782592773438,389.6617431640625,876.2720947265625,391.30596923828125,859.6318359375,389.91961669921875,881.1630859375,410.2929382324219,847.2261962890625,411.4710693359375,889.680908203125,429.535888671875,828.8111572265625,438.9019775390625,886.4276733398438,432.51605224609375,824.662353515625,464.9945983886719,873.84130859375,467.52392578125,851.977294921875,468.45556640625,881.1930541992188,511.1129150390625,856.15771484375,511.5703125,882.754150390625,555.0357055664062,855.119140625,556.124267578125
877.4991455078125,396.54425048828125,880.2044677734375,392.07904052734375,873.326904296875,392.3030090332031,881.7654418945312,393.6329040527344,865.3692626953125,393.5895080566406,885.7181396484375,414.99261474609375,852.9127807617188,414.5636901855469,893.6004638671875,440.9290466308594,833.4138793945312,439.18743896484375,900.0343017578125,458.0785217285156,830.462890625,459.36474609375,880.9385986328125,471.15191650390625,860.201904296875,471.8001708984375,891.574951171875,508.2693786621094,866.0202026367188,508.89703369140625,889.3980102539062,554.64599609375,861.7684326171875,555.4112548828125
881.5061645507812,399.74853515625,884.3516845703125,395.1014099121094,876.6963500976562,395.3865051269531,885.9644165039062,396.85150146484375,867.794677734375,396.90435791015625,889.6893310546875,418.572998046875,854.7423706054688,418.8455810546875,900.92236328125,444.5594787597656,836.7643432617188,445.2071533203125,911.9384765625,466.2591552734375,836.472900390625,468.96734619140625,886.94384765625,474.16571044921875,864.456787109375,475.38909912109375,902.7196655273438,507.6263427734375,872.0198364257812,508.7236328125,901.1895751953125,553.992431640625,867.0960693359375,555.3872680664062
884.898193359375,406.68023681640625,887.8148803710938,402.46002197265625,880.950439453125,402.4580383300781,890.1879272460938,404.2547607421875,873.3059692382812,403.589599609375,893.8500366210938,424.835693359375,860.7877197265625,424.2308349609375,906.1903076171875,449.7037353515625,842.1802978515625,448.90399169921875,919.2105712890625,470.94085693359375,837.6359252929688,472.1378173828125,888.8841552734375,476.4765625,867.54345703125,477.25750732421875,908.2913818359375,507.85528564453125,875.4022216796875,508.68988037109375,910.9173583984375,552.962646484375,871.5958251953125,553.7828369140625
884.8985595703125,406.71337890625,887.77734375,402.49810791015625,880.9501953125,402.5052490234375,890.0693359375,404.28753662109375,873.2850341796875,403.6427307128906,893.62255859375,424.84051513671875,860.7222290039062,424.2620544433594,905.9757080078125,449.6201477050781,842.0938720703125,448.89813232421875,919.1802978515625,470.7042236328125,837.5487060546875,471.98272705078125,888.6654052734375,476.4234619140625,867.4359741210938,477.22943115234375,908.06103515625,507.69580078125,875.2469482421875,508.551513671875,910.5983276367188,552.791748046875,871.2749633789062,553.657958984375
892.36279296875,406.1341552734375,895.30322265625,402.64666748046875,889.7191162109375,402.3082580566406,898.7364501953125,403.86285400390625,882.9735107421875,402.9664306640625,899.486572265625,422.25689697265625,868.7613525390625,423.986572265625,909.3714599609375,442.73333740234375,849.4451293945312,449.2479248046875,911.153076171875,457.70086669921875,848.2962646484375,471.07403564453125,890.2913818359375,474.42156982421875,868.6744995117188,476.2909240722656,912.562744140625,509.07470703125,869.8529663085938,512.4880981445312,924.3411865234375,549.704833984375,863.4984130859375,557.8551025390625
898.0455322265625,403.8752746582031,901.1693115234375,400.46514892578125,895.328125,400.08135986328125,905.344482421875,401.51910400390625,888.7798461914062,400.654296875,908.162841796875,420.2974853515625,875.621337890625,421.47796630859375,915.999755859375,443.30218505859375,858.5902099609375,447.35894775390625,915.4857788085938,461.9537353515625,853.0797729492188,469.2669677734375,898.2079467773438,472.1590576171875,875.0064697265625,473.3212890625,914.8880615234375,508.9798583984375,867.3656616210938,511.6452941894531,928.22607421875,549.9566650390625,861.7823486328125,556.55322265625
903.78466796875,399.26104736328125,907.10791015625,396.17999267578125,901.5240478515625,395.406982421875,911.880126953125,398.1383056640625,895.55419921875,396.3067626953125,916.1196899414062,418.0196228027344,881.9024047851562,417.2152404785156,920.8404541015625,441.9079284667969,866.2516479492188,442.3131408691406,912.7446899414062,457.193359375,861.89306640625,463.2388916015625,905.7337646484375,470.8942565917969,881.046142578125,470.7618713378906,916.9404296875,509.63848876953125,868.236572265625,510.49688720703125,929.3062744140625,550.8775634765625,862.9674682617188,554.887939453125
908.6757202148438,399.4739990234375,912.5253295898438,395.2650146484375,905.72314453125,394.68817138671875,917.0899658203125,397.06805419921875,899.1875610351562,395.4329833984375,920.7313842773438,417.79608154296875,885.7186279296875,415.47064208984375,924.9163818359375,442.91265869140625,871.401123046875,439.2010803222656,917.9039306640625,450.11114501953125,876.1979370117188,449.3079528808594,906.5396728515625,467.40435791015625,881.2256469726562,466.55548095703125,921.434814453125,501.647216796875,867.9554443359375,501.128173828125,926.5621948242188,545.43701171875,860.2293701171875,545.2882080078125
909.4326171875,395.18084716796875,913.4067993164062,390.918701171875,906.4978637695312,390.29791259765625,918.5806274414062,392.496337890625,900.418212890625,390.79364013671875,922.745849609375,412.948486328125,887.71044921875,410.70977783203125,928.7027587890625,439.52044677734375,874.184814453125,436.22979736328125,924.6806640625,453.0953369140625,878.2493896484375,451.89666748046875,908.76806640625,463.5077819824219,883.9993286132812,462.61163330078125,921.2379150390625,499.62774658203125,871.9544677734375,499.06158447265625,923.8988037109375,544.2551879882812,863.649658203125,544.0110473632812
909.432373046875,395.17510986328125,913.4178466796875,390.91094970703125,906.52001953125,390.2882080078125,918.6229248046875,392.47515869140625,900.4777221679688,390.76751708984375,922.7642822265625,412.9089660644531,887.807373046875,410.6527099609375,928.6719970703125,439.4444580078125,874.1903076171875,436.10272216796875,924.64111328125,452.91064453125,878.0277099609375,451.6990966796875,908.7115478515625,463.403076171875,883.9720458984375,462.4906005859375,921.26611328125,499.5579833984375,871.786865234375,498.97784423828125,924.2432861328125,544.28857421875,863.6028442382812,544.0227661132812
908.950439453125,389.5231018066406,913.3654174804688,385.2318420410156,906.2720947265625,384.56414794921875,920.202392578125,386.6540222167969,901.2275390625,384.97601318359375,925.1661376953125,407.0535888671875,891.1594848632812,404.4837646484375,929.2861328125,436.38751220703125,877.8836059570312,431.6031188964844,922.639404296875,455.02093505859375,878.316650390625,452.27874755859375,910.7869262695312,457.80926513671875,886.8279418945312,456.3437805175781,919.113525390625,494.97406005859375,872.8070068359375,493.90167236328125,922.8284912109375,541.3087158203125,866.7294921875,540.1641845703125
908.53076171875,382.54364013671875,912.5802612304688,378.21856689453125,905.7570190429688,377.844482421875,919.3482055664062,379.73858642578125,901.0149536132812,378.926513671875,925.8739013671875,400.62371826171875,892.80615234375,399.0347900390625,930.9378662109375,428.3625183105469,880.095458984375,424.56390380859375,923.3699951171875,445.8144836425781,879.0851440429688,443.45263671875,914.7359619140625,453.0189514160156,891.9029541015625,451.94073486328125,920.5994873046875,496.14569091796875,880.081298828125,495.2362976074219,923.5764770507812,540.032470703125,874.83740234375,538.8687744140625
907.6203002929688,375.7762451171875,911.6312255859375,372.743896484375,905.983642578125,371.7059326171875,919.5408935546875,375.515380859375,902.9105224609375,373.13995361328125,927.0380859375,398.03656005859375,893.3424682617188,394.3210144042969,931.7303466796875,424.70465087890625,882.7496337890625,419.83905029296875,921.982666015625,435.93975830078125,885.1534423828125,439.7476806640625,916.439453125,452.5093688964844,893.0487060546875,450.3087158203125,920.08203125,496.6507873535156,883.17431640625,493.2984924316406,928.5687255859375,541.7564697265625,883.587158203125,537.7177124023438
909.161865234375,366.55877685546875,913.8438720703125,362.04046630859375,906.338134765625,361.3951721191406,921.425048828125,364.3516845703125,901.032470703125,362.874755859375,926.7442016601562,388.451904296875,893.111572265625,386.27392578125,930.5626220703125,419.39739990234375,882.9739990234375,414.9356689453125,921.4227294921875,439.27484130859375,883.8916015625,436.33465576171875,915.0935668945312,444.01934814453125,891.9017944335938,442.72406005859375,919.9967651367188,488.48687744140625,882.4097900390625,487.53424072265625,926.7542724609375,533.6556396484375,882.9171142578125,532.2083740234375
909.16845703125,364.9130859375,914.1685180664062,360.6585388183594,906.6944580078125,359.60986328125,921.8133544921875,363.1996765136719,901.7836303710938,360.5745849609375,926.59716796875,386.39434814453125,894.1953125,383.0025634765625,931.008544921875,416.93389892578125,883.796875,410.40045166015625,924.7723388671875,438.6623840332031,882.8814697265625,434.0225830078125,914.98974609375,440.26763916015625,893.06201171875,438.4722900390625,919.4024658203125,483.59515380859375,887.8090209960938,482.32489013671875,928.3165283203125,528.4144287109375,892.612548828125,526.3843994140625
909.054443359375,364.7626953125,914.0625,360.5061950683594,906.5692138671875,359.4623107910156,921.7281494140625,363.07550048828125,901.6766967773438,360.4609375,926.5389404296875,386.34088134765625,894.1405029296875,382.9654541015625,931.0226440429688,416.8601989746094,883.721435546875,410.3565673828125,924.9515991210938,438.5486755371094,882.774169921875,433.91900634765625,915.0584106445312,440.2568359375,893.148681640625,438.4698486328125,919.417236328125,483.4605712890625,887.8927001953125,482.1910400390625,928.34912109375,528.2677001953125,892.7371215820312,526.234619140625
908.6058349609375,362.29180908203125,912.6516723632812,358.8970642089844,906.2894897460938,358.0517578125,919.8194580078125,361.5638427734375,903.5654296875,359.6161193847656,926.2249755859375,384.0457763671875,896.0550537109375,380.4848327636719,931.3089599609375,411.805419921875,887.41552734375,406.2699279785156,927.58984375,431.3330383300781,884.4451904296875,430.9957580566406,918.5792236328125,437.65081787109375,898.5323486328125,435.770263671875,921.9962158203125,481.9100646972656,893.034423828125,479.1324462890625,929.41455078125,527.36572265625,897.8970336914062,523.5806884765625
907.6876831054688,362.24810791015625,911.8009033203125,358.7595520019531,905.281005859375,357.9844970703125,918.8238525390625,361.1556701660156,902.18017578125,359.5267639160156,925.9346923828125,383.61767578125,895.670654296875,381.203857421875,929.9635009765625,411.9329833984375,890.7823486328125,407.7392578125,924.86572265625,433.51165771484375,886.4117431640625,430.9547119140625,918.7227783203125,437.12078857421875,898.253173828125,435.6688232421875,921.2333984375,480.2328186035156,893.9215087890625,478.3623962402344,931.9915771484375,521.46484375,902.2840576171875,519.04541015625
904.2643432617188,364.9126281738281,908.2421264648438,361.45416259765625,902.5087890625,360.68621826171875,915.92822265625,364.01715087890625,901.885009765625,362.568603515625,924.53466796875,386.0570983886719,898.0477294921875,384.3132019042969,931.33251953125,414.54705810546875,894.7109985351562,412.05133056640625,926.2022705078125,436.5969543457031,888.8296508789062,435.08172607421875,918.78125,439.381103515625,901.0050659179688,438.10870361328125,919.146484375,482.30755615234375,895.7178955078125,480.61669921875,934.599609375,521.7530517578125,908.1736450195312,518.7279663085938
901.9755249023438,365.9440612792969,905.81884765625,362.4322509765625,900.8626708984375,361.5877685546875,913.4197998046875,364.9452209472656,902.995361328125,363.41339111328125,921.9677734375,386.01922607421875,901.4141235351562,384.58905029296875,930.2693481445312,415.19219970703125,898.5909423828125,413.5595703125,925.693603515625,436.9454345703125,889.1883544921875,435.57373046875,918.12451171875,439.69232177734375,904.8993530273438,438.6907958984375,915.1217041015625,484.3563537597656,900.69287109375,483.11224365234375,936.4282836914062,522.4373779296875,920.915771484375,519.552734375
899.1298828125,366.557373046875,902.665283203125,362.8695068359375,898.453857421875,362.15960693359375,910.4058837890625,365.0299987792969,902.779052734375,363.8365173339844,919.203125,385.63848876953125,903.337646484375,384.80963134765625,927.8948364257812,414.90496826171875,901.6226806640625,413.88812255859375,923.02734375,438.3144836425781,892.6884155273438,434.13818359375,917.12548828125,438.95819091796875,907.1226806640625,438.3233642578125,915.1173095703125,484.22235107421875,903.9116821289062,483.67462158203125,936.5919189453125,523.5144653320312,924.54443359375,521.216064453125
899.0863037109375,366.505615234375,902.6233520507812,362.8177490234375,898.402099609375,362.11053466796875,910.383056640625,364.984619140625,902.7174072265625,363.7987976074219,919.2094116210938,385.6234130859375,903.254150390625,384.80810546875,927.9832763671875,414.915771484375,901.2918701171875,413.8309020996094,923.128662109375,438.26202392578125,891.8355712890625,433.9677734375,917.2084350585938,438.92327880859375,907.181884765625,438.30389404296875,915.225341796875,484.17919921875,904.0468139648438,483.6741027832031,936.5703125,523.477783203125,924.6245727539062,521.2893676757812
897.1556396484375,366.39166259765625,900.681640625,362.63232421875,896.3731689453125,361.68536376953125,906.6146850585938,364.5434875488281,901.1661376953125,362.6673889160156,912.5106201171875,384.19189453125,902.500732421875,382.4473571777344,918.4956665039062,413.7490234375,897.2609252929688,409.7031555175781,912.9523315429688,437.05462646484375,880.5525512695312,429.494384765625,919.0849609375,435.71209716796875,913.2052001953125,434.9810485839844,913.650634765625,479.47674560546875,906.5985717773438,479.2002868652344,936.764404296875,519.9730224609375,927.1016845703125,518.8258056640625
891.6721801757812,361.3378601074219,893.841064453125,356.9630126953125,891.4676513671875,357.35736083984375,900.9959716796875,357.561279296875,896.484375,358.65142822265625,909.91845703125,377.160400390625,905.1611938476562,377.59747314453125,907.0206298828125,406.2355041503906,901.339599609375,404.4842834472656,890.65234375,422.6702880859375,885.946533203125,421.259033203125,920.067138671875,431.30914306640625,916.7744140625,430.9505310058594,917.94921875,474.79669189453125,917.0736694335938,474.72479248046875,934.98828125,519.3802490234375,932.210693359375,517.2547607421875
892.31640625,361.45648193359375,894.0752563476562,357.7685546875,893.0604248046875,356.5592041015625,896.8643798828125,359.2160339355469,903.4217529296875,355.931396484375,902.4971923828125,377.86419677734375,905.7196655273438,374.0794677734375,899.03369140625,405.15435791015625,901.009521484375,400.4959716796875,880.3238525390625,419.58807373046875,879.4609375,416.28961181640625,916.3758544921875,430.4639892578125,918.89453125,428.8614807128906,916.7700805664062,475.41302490234375,915.3138427734375,473.92742919921875,934.6209716796875,519.2034301757812,932.01513671875,515.618896484375
887.9007568359375,356.33831787109375,889.9432983398438,352.7423095703125,888.9056396484375,351.3653869628906,893.4998779296875,355.01947021484375,899.994140625,351.3646545410156,899.611572265625,374.8396911621094,902.9901123046875,370.86517333984375,900.2694091796875,403.2563781738281,902.8507080078125,398.6558532714844,886.8451538085938,420.0924072265625,887.026611328125,416.68865966796875,915.074462890625,427.8502197265625,917.77587890625,426.3095397949219,915.8596801757812,472.3374938964844,915.16552734375,470.7931823730469,935.8002319335938,516.24072265625,934.6590576171875,512.7030029296875
885.8106689453125,349.2415466308594,888.306884765625,346.0171813964844,887.017578125,344.8021545410156,892.9429931640625,349.97882080078125,899.031005859375,347.07025146484375,899.7984008789062,370.23590087890625,901.7909545898438,368.064697265625,901.0153198242188,394.3153076171875,904.30859375,393.381591796875,888.0133666992188,397.9525146484375,890.1633911132812,398.7805480957031,913.3948974609375,425.4583740234375,914.4007568359375,424.5914306640625,914.0689697265625,471.06353759765625,910.9773559570312,470.9709777832031,938.332763671875,510.34130859375,930.236328125,509.6614990234375
886.323974609375,349.093994140625,888.7959594726562,345.87738037109375,887.52685546875,344.6407470703125,893.29638671875,349.82171630859375,899.518310546875,346.84393310546875,899.9677734375,370.0943603515625,902.2628173828125,367.68182373046875,900.9261474609375,394.19073486328125,904.6854858398438,392.7609558105469,887.9452514648438,397.79461669921875,890.4456787109375,398.1711730957031,913.400634765625,425.4149169921875,914.6010131835938,424.42474365234375,914.0076904296875,471.09173583984375,911.0491333007812,470.8111572265625,938.3228759765625,510.42718505859375,930.2902221679688,509.4872131347656
886.087158203125,345.4531555175781,889.07568359375,342.2445068359375,887.3372802734375,340.7212219238281,894.3385009765625,345.5504150390625,899.6126708984375,341.9683837890625,900.178955078125,365.7642822265625,903.2764892578125,362.328857421875,897.2330322265625,392.0079345703125,901.7947998046875,387.7189636230469,876.6507568359375,394.6539001464844,878.3419189453125,390.7720947265625,913.422119140625,423.4767150878906,915.0079345703125,421.80426025390625,911.5736083984375,468.69598388671875,908.4022216796875,468.175537109375,940.7481689453125,506.0968322753906,929.8795166015625,505.4834289550781
889.2332153320312,339.07879638671875,892.1474609375,335.9566955566406,891.225341796875,334.6192321777344,897.4356079101562,339.48785400390625,905.819580078125,336.54913330078125,900.5978393554688,358.4303283691406,910.02978515625,356.6595458984375,890.3746948242188,377.79254150390625,904.7979736328125,376.99981689453125,866.896728515625,374.211181640625,877.08740234375,374.948974609375,910.3681640625,416.19195556640625,915.37939453125,415.0630187988281,910.9802856445312,460.905517578125,906.4383544921875,461.5125732421875,938.2122802734375,498.87115478515625,920.99267578125,500.2557678222656
889.5797119140625,334.276611328125,892.138916015625,330.87884521484375,891.5537109375,330.1458740234375,898.898193359375,332.8096008300781,907.07470703125,331.32470703125,904.8072509765625,349.90521240234375,913.29541015625,349.6826477050781,894.7044677734375,366.7132568359375,907.8734130859375,367.76171875,871.380615234375,358.49505615234375,881.0118408203125,357.79290771484375,910.30712890625,409.28607177734375,914.6848754882812,408.58514404296875,909.8309326171875,453.58184814453125,903.5277099609375,454.5834045410156,936.8164672851562,490.7354736328125,917.8333740234375,491.9339904785156
890.1700439453125,326.730224609375,893.1509399414062,323.65673828125,892.701171875,322.12982177734375,897.9237060546875,326.7291259765625,908.877197265625,323.6468505859375,898.801025390625,344.47479248046875,915.6458740234375,343.6868896484375,890.1736450195312,363.28753662109375,915.6135864257812,363.6859130859375,869.166015625,357.2417907714844,886.0548095703125,355.661865234375,907.878662109375,403.74090576171875,917.18798828125,402.96722412109375,906.15380859375,448.22149658203125,901.6148071289062,450.05877685546875,939.5135498046875,483.4237060546875,916.418212890625,487.331298828125
892.087158203125,325.28350830078125,894.9969482421875,321.9535217285156,894.07861328125,320.7335510253906,899.1992797851562,325.12493896484375,909.6947021484375,322.6777648925781,898.388427734375,341.72503662109375,918.17578125,341.4930419921875,887.9378662109375,349.62652587890625,923.9449462890625,352.78863525390625,875.646240234375,338.5090026855469,901.7968139648438,343.39227294921875,907.9027099609375,401.4686279296875,918.6132202148438,400.8560791015625,906.65283203125,445.6622314453125,901.23876953125,446.80242919921875,938.3447265625,480.4466857910156,913.9105224609375,482.884521484375
891.96826171875,325.2102966308594,894.9351196289062,321.88140869140625,893.9324340820312,320.6617126464844,899.25048828125,325.056640625,909.474609375,322.6234436035156,898.5185546875,341.68280029296875,917.8505859375,341.4356689453125,888.42236328125,349.8656005859375,923.2260131835938,352.8445129394531,876.54931640625,338.6561584472656,901.1011962890625,343.1119079589844,907.9036865234375,401.4090576171875,918.3712158203125,400.79693603515625,906.4758911132812,445.7357482910156,900.9942626953125,446.86767578125,938.2527465820312,480.6039733886719,913.8839111328125,483.0035705566406
891.8568115234375,325.2499084472656,895.129638671875,321.6312255859375,893.7069091796875,320.3432312011719,900.1439208984375,324.9027404785156,908.5885009765625,322.2485046386719,897.0932006835938,342.61968994140625,918.260498046875,342.563720703125,880.4987182617188,347.0484619140625,927.6484375,352.994384765625,861.5645141601562,334.37353515625,907.9810791015625,344.865234375,904.6312866210938,400.8798522949219,915.4498901367188,400.067138671875,908.9031982421875,443.8501281738281,899.9215087890625,444.5892333984375,934.904296875,480.67779541015625,907.6701049804688,482.4591979980469
891.701171875,325.1952209472656,894.8233642578125,321.76531982421875,894.1265869140625,320.3995056152344,899.81884765625,325.2563781738281,910.3531494140625,322.42047119140625,896.1845703125,343.3235168457031,920.2674560546875,343.4774169921875,880.6241455078125,351.9077453613281,931.917724609375,359.7835693359375,865.4302368164062,339.2569274902344,915.5747680664062,354.23291015625,903.6158447265625,399.74432373046875,916.2696533203125,398.8905029296875,908.7409057617188,442.14312744140625,899.0776977539062,442.7415771484375,934.1649169921875,478.36236572265625,904.267578125,480.3388366699219
889.66943359375,329.18182373046875,891.8458251953125,326.33502197265625,892.8116455078125,325.0241394042969,896.1450805664062,329.8724670410156,909.587646484375,327.2855224609375,891.9193115234375,347.2263488769531,918.716796875,347.23876953125,878.3270874023438,356.1643981933594,923.8558349609375,361.4718017578125,865.8997802734375,339.57806396484375,904.1090087890625,351.64739990234375,902.0892333984375,400.8077087402344,917.033447265625,400.59075927734375,905.361083984375,439.0934143066406,894.7171630859375,440.70361328125,929.3094482421875,473.99774169921875,896.7230224609375,477.49346923828125
889.8822021484375,330.5637512207031,892.098876953125,327.1932678222656,892.5186767578125,326.528076171875,896.4193115234375,331.20404052734375,908.007080078125,330.30426025390625,892.3743896484375,348.4274597167969,915.2349243164062,350.0913391113281,871.5521850585938,348.22174072265625,909.8926391601562,354.0881652832031,852.3944091796875,332.65838623046875,884.773681640625,341.47845458984375,901.2412719726562,403.5782775878906,913.1702270507812,404.016357421875,903.029296875,439.79150390625,888.2982177734375,442.4901123046875,930.4459228515625,473.0276184082031,894.1224365234375,477.4638977050781
889.4652099609375,330.4200744628906,891.9765014648438,327.56927490234375,891.7738037109375,326.5679016113281,894.87255859375,331.7200012207031,905.9903564453125,330.3276672363281,888.9981079101562,348.52691650390625,913.607666015625,349.833740234375,869.2157592773438,352.72515869140625,909.927001953125,355.9928283691406,855.475341796875,337.3308410644531,883.1737060546875,341.890869140625,897.4637451171875,404.9737243652344,910.3515014648438,405.5559997558594,895.9542846679688,442.131591796875,884.2677001953125,444.9258728027344,933.6080932617188,470.6047668457031,893.1754760742188,474.43634033203125
888.9840087890625,331.921630859375,891.1387939453125,328.56390380859375,891.560302734375,327.7486572265625,893.8419189453125,332.3742980957031,906.3824462890625,331.26068115234375,887.00244140625,348.91693115234375,914.3773193359375,350.6282043457031,867.65283203125,347.6799011230469,914.4097900390625,353.73797607421875,854.2906494140625,329.9237060546875,892.4628295898438,339.4183349609375,898.238037109375,403.3892822265625,912.7274780273438,404.01220703125,900.558837890625,440.4905090332031,886.616943359375,443.3702087402344,930.337890625,472.77252197265625,891.6967163085938,478.01568603515625
889.1649169921875,329.2681579589844,890.8380126953125,326.421630859375,891.143310546875,325.5369873046875,891.4052124023438,330.59149169921875,904.6798095703125,329.2314453125,885.841064453125,347.2265625,912.3902587890625,347.4179992675781,867.5579223632812,352.2221374511719,912.6644897460938,353.4810791015625,856.4075927734375,337.69744873046875,890.3659057617188,340.3227233886719,894.2764892578125,402.5732421875,908.9155883789062,402.68414306640625,890.8427734375,442.37200927734375,886.4804077148438,443.88916015625,929.7398071289062,470.0831298828125,901.3604736328125,471.38525390625
888.1519775390625,328.69769287109375,889.9667358398438,325.8572082519531,889.5547485351562,325.048583984375,890.8558959960938,330.3096008300781,902.0955810546875,328.81329345703125,886.5653076171875,347.42767333984375,907.4276733398438,345.7051696777344,866.7384033203125,351.362548828125,904.2994384765625,348.915283203125,855.1937255859375,336.4677429199219,883.60498046875,335.94970703125,891.8289794921875,402.1211242675781,903.6837158203125,401.3125,889.2852783203125,444.31512451171875,888.43017578125,443.87646484375,925.4232788085938,473.6312255859375,909.6300659179688,471.6363830566406
885.1966552734375,324.395263671875,887.6526489257812,321.7073974609375,886.6768798828125,320.6446838378906,890.6054077148438,327.2060546875,899.470458984375,324.8954162597656,888.3411865234375,344.9577941894531,902.9541015625,341.31292724609375,868.89697265625,347.6756286621094,900.1148071289062,340.2452697753906,850.6217041015625,332.0478210449219,877.841064453125,323.1911315917969,888.0799560546875,400.6683654785156,896.0321044921875,398.8561706542969,885.5428466796875,444.76214599609375,884.9998779296875,443.5487060546875,921.6824340820312,473.69287109375,912.0,471.9286193847656
883.1424560546875,323.47808837890625,885.390869140625,320.70635986328125,884.67333984375,319.76312255859375,888.44091796875,324.8916015625,896.473388671875,323.0539855957031,886.5107421875,342.8966064453125,900.1163330078125,339.6534118652344,869.1075439453125,346.495361328125,904.5611572265625,340.4958801269531,851.767578125,333.68292236328125,891.2230224609375,326.6143493652344,885.8805541992188,396.9802551269531,892.5313720703125,395.22802734375,887.6356201171875,438.75531005859375,884.4619140625,437.5950622558594,918.63720703125,468.01611328125,903.2847290039062,466.6815185546875
881.906494140625,319.5012512207031,883.8455810546875,316.6234130859375,883.8407592773438,315.55230712890625,885.673828125,321.12213134765625,897.627197265625,318.85693359375,880.5056762695312,338.505126953125,905.6317138671875,335.6033020019531,863.8302612304688,346.4310302734375,919.9111328125,342.79498291015625,855.0103759765625,337.1479797363281,914.641357421875,335.3376159667969,882.181396484375,393.6074523925781,896.1051025390625,392.13104248046875,879.955078125,437.27996826171875,883.155517578125,435.9803466796875,915.7572021484375,466.4409484863281,906.276123046875,464.8590087890625
881.9793090820312,319.41290283203125,883.879638671875,316.52081298828125,883.8992919921875,315.46063232421875,885.6051025390625,320.94085693359375,897.6357421875,318.70452880859375,880.4063720703125,338.3282470703125,905.672607421875,335.4804382324219,863.89404296875,346.6128845214844,920.1876220703125,343.05029296875,855.0665283203125,337.56634521484375,915.0186767578125,335.697998046875,882.0448608398438,393.5867919921875,896.078857421875,392.1455078125,879.904541015625,437.34283447265625,883.3231201171875,436.096435546875,915.829833984375,466.4508361816406,906.6102294921875,464.94635009765625
880.585693359375,316.88037109375,881.6182250976562,314.06005859375,882.716064453125,313.2149658203125,881.6719970703125,316.77532958984375,895.1288452148438,315.22918701171875,877.31005859375,333.8169860839844,902.8401489257812,331.73626708984375,861.6844482421875,348.68182373046875,920.960693359375,345.0387268066406,852.5165405273438,342.7281494140625,921.6165161132812,338.4434509277344,882.2752685546875,389.08392333984375,896.16064453125,388.0967102050781,881.014404296875,432.29095458984375,883.67529296875,431.767822265625,915.1746826171875,462.3926696777344,901.1942138671875,462.04669189453125
880.723876953125,318.0825500488281,882.0233154296875,315.31805419921875,882.2609252929688,314.25445556640625,878.9527587890625,319.07000732421875,890.4339599609375,317.49224853515625,869.5387573242188,335.95147705078125,895.490966796875,334.6114501953125,857.8320922851562,348.9906005859375,917.6456909179688,342.4864196777344,853.4754638671875,344.8067626953125,921.3680419921875,330.5018310546875,876.2608642578125,390.9529724121094,890.2545776367188,391.0894775390625,879.984130859375,435.6470031738281,885.6846313476562,436.9791259765625,918.88134765625,464.11724853515625,908.861572265625,468.0382080078125
0.0,0.0,0.0,0.0,0.0,0.0,0.0,0.0,0.0,0.0,0.0,0.0,0.0,0.0,0.0,0.0,0.0,0.0,0.0,0.0,0.0,0.0,0.0,0.0,0.0,0.0,0.0,0.0,0.0,0.0,0.0,0.0,0.0,0.0
881.5153198242188,325.39617919921875,881.53515625,322.0250549316406,880.4447021484375,321.40399169921875,876.0709228515625,324.1685791015625,881.4666748046875,322.23309326171875,872.8958129882812,341.86395263671875,879.8267822265625,337.3739318847656,865.9500732421875,365.6318359375,879.995849609375,357.86279296875,863.298095703125,374.51715087890625,874.40087890625,369.4682922363281,877.1013793945312,392.1800537109375,880.0843505859375,390.2816162109375,887.783203125,435.1095886230469,875.2825927734375,431.79913330078125,911.2642822265625,468.71533203125,882.3885498046875,463.3100280761719
865.693115234375,333.00836181640625,868.876708984375,330.01055908203125,865.8238525390625,329.19970703125,873.6897583007812,331.6927490234375,872.6573486328125,329.9156799316406,875.532470703125,346.96612548828125,871.187255859375,342.85430908203125,858.5403442382812,357.6457214355469,853.7044677734375,351.5517883300781,842.659912109375,343.32061767578125,836.9583740234375,344.5262145996094,880.9147338867188,397.5519104003906,877.3569946289062,395.37750244140625,879.9362182617188,439.8479919433594,872.0657958984375,436.4036865234375,907.83251953125,471.71575927734375,892.2116088867188,464.7074890136719
865.9619140625,332.9385986328125,869.1541748046875,329.9507141113281,865.949951171875,329.1645812988281,873.808349609375,331.6936950683594,872.2335205078125,329.970458984375,875.633544921875,346.8836364746094,870.4266357421875,342.8638916015625,858.377197265625,356.6676025390625,852.5095825195312,350.777099609375,842.162841796875,341.7619934082031,835.772216796875,343.6395263671875,881.1641845703125,397.73516845703125,877.0332641601562,395.62078857421875,879.7198486328125,440.06817626953125,871.8427734375,436.6474914550781,907.7540283203125,471.7726135253906,892.3870849609375,464.7937316894531
862.55517578125,338.2286376953125,865.974609375,335.3913269042969,863.0098876953125,334.0765075683594,870.501220703125,338.3883056640625,871.633544921875,335.301513671875,872.0177001953125,353.4688720703125,871.3756103515625,348.58685302734375,854.3871459960938,360.09674072265625,849.9713745117188,353.1078186035156,830.3140869140625,346.3581848144531,818.55859375,348.3575134277344,880.1617431640625,404.34405517578125,879.7388916015625,401.7724609375,872.399169921875,443.0993957519531,871.5216064453125,439.64471435546875,904.8744506835938,472.8884582519531,900.476318359375,466.02374267578125
859.4501953125,338.73809814453125,861.9248657226562,335.6889343261719,860.810546875,334.2210693359375,865.572998046875,339.1728820800781,873.1636962890625,335.3300476074219,866.4244995117188,355.30364990234375,879.0792846679688,350.37054443359375,857.1758422851562,361.4819641113281,875.08984375,354.9108581542969,840.465576171875,345.4232482910156,849.5762939453125,345.633056640625,881.0843505859375,404.8544921875,888.9039916992188,402.4230651855469,873.1920166015625,441.89031982421875,872.7857666015625,439.2552490234375,901.188232421875,473.69940185546875,895.119140625,470.1017761230469
0.0,0.0,0.0,0.0,0.0,0.0,0.0,0.0,0.0,0.0,0.0,0.0,0.0,0.0,0.0,0.0,0.0,0.0,0.0,0.0,0.0,0.0,0.0,0.0,0.0,0.0,0.0,0.0,0.0,0.0,0.0,0.0,0.0,0.0
0.0,0.0,0.0,0.0,0.0,0.0,0.0,0.0,0.0,0.0,0.0,0.0,0.0,0.0,0.0,0.0,0.0,0.0,0.0,0.0,0.0,0.0,0.0,0.0,0.0,0.0,0.0,0.0,0.0,0.0,0.0,0.0,0.0,0.0
867.348388671875,327.9474182128906,869.7478637695312,323.8648681640625,864.7152099609375,324.51593017578125,875.80615234375,324.46868896484375,861.4254150390625,326.2422790527344,887.4459228515625,342.41845703125,862.48291015625,343.8835754394531,895.8665771484375,362.23724365234375,853.0775756835938,361.9536437988281,890.2080688476562,368.87054443359375,843.478271484375,367.9375,893.0849609375,390.56463623046875,876.1942749023438,390.9295349121094,897.2039794921875,428.5595397949219,871.1336059570312,428.5123291015625,906.5117797851562,465.7000732421875,872.8939819335938,464.62554931640625
867.2813720703125,328.11590576171875,869.671875,324.0335693359375,864.6710205078125,324.685302734375,875.7686767578125,324.61273193359375,861.4189453125,326.3890380859375,887.4893188476562,342.54180908203125,862.54638671875,343.9981689453125,895.9539184570312,362.4156188964844,853.0933227539062,362.0849609375,890.289306640625,369.3299560546875,843.2042236328125,368.342041015625,893.1595458984375,390.59149169921875,876.2933349609375,390.94586181640625,897.1197509765625,428.5133056640625,871.1654052734375,428.45684814453125,906.5069580078125,465.6480712890625,873.0159301757812,464.54736328125
0.0,0.0,0.0,0.0,0.0,0.0,0.0,0.0,0.0,0.0,0.0,0.0,0.0,0.0,0.0,0.0,0.0,0.0,0.0,0.0,0.0,0.0,0.0,0.0,0.0,0.0,0.0,0.0,0.0,0.0,0.0,0.0,0.0,0.0
0.0,0.0,0.0,0.0,0.0,0.0,0.0,0.0,0.0,0.0,0.0,0.0,0.0,0.0,0.0,0.0,0.0,0.0,0.0,0.0,0.0,0.0,0.0,0.0,0.0,0.0,0.0,0.0,0.0,0.0,0.0,0.0,0.0,0.0
870.943115234375,327.23016357421875,873.1807861328125,322.9144287109375,867.7255859375,323.5853271484375,878.9984130859375,322.8751220703125,863.8423461914062,324.63800048828125,893.2465209960938,339.88629150390625,862.2137451171875,342.81817626953125,908.1260375976562,365.51397705078125,860.5732421875,370.40020751953125,906.656494140625,398.53363037109375,860.8076171875,399.97320556640625,901.9324951171875,385.44500732421875,881.298828125,386.874755859375,906.7991943359375,424.64556884765625,877.739013671875,425.54058837890625,912.3480224609375,460.7062683105469,879.6469116210938,460.8350830078125
872.2044067382812,333.0736083984375,874.9031982421875,328.9600830078125,868.8015747070312,329.2269592285156,881.7460327148438,330.5458068847656,867.0477294921875,331.0888671875,894.7410888671875,349.50323486328125,869.0291748046875,349.7434387207031,904.0166015625,375.3644714355469,869.649169921875,376.734130859375,890.633056640625,393.70416259765625,868.0266723632812,403.98199462890625,906.5457763671875,389.44482421875,889.41845703125,389.3173828125,906.5055541992188,433.0540466308594,884.2626953125,430.85162353515625,919.8499755859375,473.459716796875,898.8458862304688,467.5491943359375
876.363525390625,339.5477600097656,879.3658447265625,335.7502136230469,873.000244140625,335.8827819824219,886.2735595703125,337.23956298828125,869.6416625976562,337.7867431640625,900.468017578125,355.8707275390625,868.8060302734375,355.86712646484375,913.8717041015625,382.04150390625,870.3277587890625,379.9354248046875,902.74609375,404.0431823730469,874.944580078125,401.434326171875,910.8720703125,395.77203369140625,890.2721557617188,395.62713623046875,909.5010986328125,436.2757568359375,886.398193359375,434.892333984375,920.6932983398438,474.6263122558594,903.4443359375,470.96502685546875
876.44091796875,339.1624450683594,879.4429321289062,335.3739013671875,873.0368041992188,335.51861572265625,886.2977294921875,336.98199462890625,869.607666015625,337.5548095703125,900.4359130859375,355.8234558105469,868.7374877929688,355.9289245605469,914.13818359375,381.9104919433594,870.314453125,380.01727294921875,903.4981689453125,404.2733459472656,874.8861694335938,401.6500244140625,910.8411254882812,395.98828125,890.242919921875,395.9185791015625,909.6758422851562,436.3392333984375,886.5771484375,435.09246826171875,920.864013671875,474.43310546875,903.5205078125,471.0196533203125
879.3763427734375,342.5801696777344,882.4711303710938,338.8142395019531,876.3931274414062,338.7445068359375,889.4364013671875,340.08074951171875,873.3264770507812,340.3124694824219,903.110595703125,358.8585205078125,871.5633544921875,358.58612060546875,914.1172485351562,385.09124755859375,871.79833984375,383.4482421875,897.5802001953125,406.6368713378906,875.5616455078125,408.2536926269531,911.2529296875,399.59124755859375,890.4698486328125,399.1988525390625,912.6971435546875,437.04693603515625,886.8484497070312,435.003173828125,923.5438842773438,475.369140625,903.4520874023438,469.86968994140625
880.3126220703125,344.29827880859375,883.5397338867188,340.59088134765625,877.7967529296875,340.5436096191406,891.690185546875,341.96527099609375,877.0076904296875,342.1702575683594,905.19287109375,360.89044189453125,877.8458251953125,360.4991455078125,915.2708129882812,386.1546936035156,879.3349609375,383.9023132324219,901.9039306640625,403.91400146484375,881.2034912109375,402.11846923828125,913.1782836914062,406.2159118652344,895.4296875,405.7322998046875,912.9713134765625,443.864013671875,892.8314208984375,442.08447265625,926.4549560546875,480.75,910.322509765625,476.1299743652344
892.1808471679688,343.8799743652344,895.2705078125,340.1839294433594,889.423095703125,340.3255615234375,902.4737548828125,341.9149169921875,887.4576416015625,342.60479736328125,914.7960205078125,362.0897216796875,885.6810302734375,362.39678955078125,925.7230224609375,387.28070068359375,883.48583984375,386.6572265625,915.2991943359375,408.9239501953125,885.20654296875,410.03643798828125,916.9794921875,410.382568359375,897.491943359375,410.18035888671875,919.408203125,445.9128112792969,890.7647094726562,444.50677490234375,934.8250732421875,482.32177734375,904.8931884765625,478.6703796386719
898.387939453125,344.509765625,901.110595703125,340.77386474609375,895.2857666015625,341.1506042480469,907.32958984375,341.60418701171875,892.1026611328125,342.7801818847656,919.095458984375,360.0764465332031,888.6964111328125,362.193115234375,931.9630737304688,381.6153259277344,885.9816284179688,386.5819091796875,929.7020874023438,401.25323486328125,886.529541015625,410.35711669921875,920.3349609375,406.9600524902344,900.2396240234375,407.73187255859375,924.2940673828125,442.278564453125,893.9488525390625,442.02886962890625,933.8199462890625,478.5504455566406,903.0411376953125,476.37176513671875
903.8060302734375,344.6869201660156,906.51416015625,340.9765319824219,900.5370483398438,341.2775573730469,912.1759643554688,341.86346435546875,896.39208984375,342.7738037109375,924.556396484375,360.95660400390625,891.33837890625,362.4423828125,936.3304443359375,383.26483154296875,889.3729248046875,386.9724426269531,934.075927734375,403.58197021484375,888.6475830078125,410.84222412109375,923.0826416015625,408.16864013671875,900.4691162109375,408.3474426269531,926.1458740234375,443.12994384765625,890.9415893554688,442.493896484375,934.3353271484375,479.35784912109375,896.052978515625,477.07305908203125
903.80859375,344.7131652832031,906.5209350585938,341.00494384765625,900.53759765625,341.2987976074219,912.1783447265625,341.90057373046875,896.3801879882812,342.7904968261719,924.5345458984375,361.03106689453125,891.3165893554688,362.4503173828125,936.266845703125,383.42828369140625,889.3452758789062,386.9464111328125,933.9954833984375,403.91864013671875,888.6513671875,410.8228759765625,923.072998046875,408.179443359375,900.44921875,408.3302001953125,926.1904296875,443.1257629394531,890.9005126953125,442.46563720703125,934.4173583984375,479.353271484375,896.0023193359375,477.0515441894531
904.8516845703125,343.52484130859375,908.0989990234375,339.7923583984375,901.8707275390625,339.9516296386719,915.3558349609375,340.92236328125,898.8262939453125,341.6576843261719,927.9710083007812,360.69842529296875,894.8494262695312,362.43316650390625,939.738525390625,382.5070495605469,892.4862670898438,387.77105712890625,937.38037109375,400.6888427734375,889.2122802734375,412.47552490234375,924.9276123046875,410.0094909667969,902.975341796875,410.163818359375,925.5440673828125,445.6007080078125,894.6932373046875,444.78790283203125,933.9819946289062,481.336669921875,902.82568359375,478.6209716796875
907.3287353515625,341.8017578125,910.6257934570312,338.1517333984375,904.7105712890625,338.1471252441406,917.8702392578125,339.27923583984375,902.045166015625,339.7110900878906,929.7305908203125,358.70391845703125,897.5240478515625,360.65423583984375,941.7484130859375,380.47686767578125,894.2218017578125,386.24066162109375,937.19091796875,398.5770263671875,890.59033203125,410.1629638671875,925.7510375976562,409.022705078125,904.7671508789062,409.45947265625,926.845458984375,445.0018615722656,900.168701171875,444.92828369140625,934.9776611328125,481.2327575683594,909.4323120117188,479.8426208496094
911.471923828125,339.6875,914.7235107421875,336.0916748046875,908.6119384765625,336.04144287109375,921.0897216796875,337.5733337402344,904.9052124023438,337.83355712890625,931.7099609375,357.41741943359375,898.976806640625,359.3275451660156,943.19921875,379.8841552734375,895.853759765625,385.5037536621094,937.887939453125,398.6375732421875,891.867431640625,410.3272705078125,926.7852172851562,407.72857666015625,905.43408203125,408.26544189453125,928.7408447265625,444.15667724609375,901.6704711914062,444.50067138671875,936.1524658203125,480.3686828613281,910.2603149414062,480.42388916015625
912.3099365234375,336.9356689453125,915.669921875,333.38702392578125,909.54638671875,333.27825927734375,922.5179443359375,335.1043395996094,905.932861328125,335.15667724609375,933.2142333984375,355.5094299316406,899.653564453125,356.87762451171875,944.33837890625,377.74530029296875,894.8228759765625,382.21368408203125,938.5079956054688,395.16534423828125,890.890625,406.440673828125,927.80126953125,406.98052978515625,905.9024047851562,407.2359619140625,930.0807495117188,444.8431091308594,902.2916259765625,444.86212158203125,936.7684936523438,481.3807373046875,909.4599609375,481.41998291015625
913.302001953125,336.1182861328125,916.7426147460938,332.5609436035156,910.650634765625,332.43426513671875,924.0371704101562,334.4678955078125,907.1689453125,334.45611572265625,935.1885986328125,355.33502197265625,900.5074462890625,356.3584899902344,946.2999267578125,378.2037353515625,895.3877563476562,381.14483642578125,939.6571044921875,396.983154296875,891.7824096679688,404.5882873535156,929.716796875,407.4354248046875,906.5670166015625,407.4535217285156,932.87939453125,445.2640686035156,900.060302734375,445.31689453125,940.7872314453125,482.07952880859375,905.3529052734375,482.8876647949219
913.215087890625,336.1675109863281,916.661865234375,332.60919189453125,910.5704956054688,332.48565673828125,923.9915771484375,334.5204772949219,907.119384765625,334.52117919921875,935.1820678710938,355.384033203125,900.5029907226562,356.45849609375,946.2735595703125,378.23504638671875,895.50439453125,381.27813720703125,939.5381469726562,397.0511169433594,891.8867797851562,404.7408447265625,929.7691040039062,407.4556884765625,906.59814453125,407.49188232421875,932.9412231445312,445.14056396484375,899.9280395507812,445.22955322265625,940.90966796875,481.8831481933594,905.193603515625,482.7611389160156
914.561279296875,336.2848815917969,917.4664306640625,332.33148193359375,911.9515380859375,332.47015380859375,922.760009765625,334.44976806640625,907.8328857421875,334.98095703125,932.065185546875,355.5592346191406,901.53076171875,356.5734558105469,943.9130859375,381.0665283203125,894.1660766601562,382.64215087890625,939.9737548828125,403.568115234375,892.3313598632812,404.416259765625,928.376953125,406.385498046875,907.352294921875,406.65948486328125,936.6384887695312,445.1985168457031,897.703857421875,445.34979248046875,946.0107421875,482.48394775390625,898.0087890625,482.4229431152344
914.4391479492188,338.88848876953125,917.9903564453125,335.1516418457031,911.6964111328125,335.0784606933594,925.453125,336.9427490234375,907.7341918945312,337.1214294433594,935.7685546875,357.81353759765625,900.8226928710938,359.79388427734375,946.9476928710938,381.0335998535156,894.8577880859375,387.51617431640625,942.7677001953125,403.0295104980469,889.0396728515625,415.27435302734375,928.98779296875,409.8389892578125,904.1222534179688,410.1109313964844,938.8480224609375,448.4761962890625,892.613525390625,448.8065185546875,952.6292724609375,488.07177734375,893.2017822265625,489.174072265625
917.6244506835938,343.4999084472656,920.6757202148438,339.0745849609375,915.0050048828125,339.3599853515625,925.8314208984375,340.3127746582031,911.5682373046875,341.27276611328125,933.8076171875,362.234375,906.9688720703125,363.56072998046875,943.1923828125,389.5797119140625,897.643798828125,391.5084228515625,944.9892578125,416.35107421875,890.7573852539062,417.689208984375,930.0218505859375,412.982177734375,910.642333984375,413.365966796875,946.1878051757812,453.9498596191406,893.0421142578125,454.1974182128906,960.3067016601562,495.5086669921875,886.6192626953125,495.63775634765625
915.1728515625,349.4244689941406,918.4927978515625,344.7794189453125,912.2213745117188,345.0111389160156,924.64453125,345.62664794921875,908.6819458007812,346.4215087890625,934.1563110351562,367.19268798828125,904.6512451171875,368.46160888671875,945.17919921875,394.732666015625,894.9456787109375,396.93994140625,949.0296020507812,423.61883544921875,888.5789794921875,424.56744384765625,933.067626953125,416.87725830078125,911.3892822265625,417.2135009765625,951.262939453125,456.834228515625,889.7499389648438,456.93157958984375,965.632568359375,499.3852844238281,880.324462890625,499.2807312011719
917.1517333984375,359.0560302734375,920.4571533203125,355.2276611328125,913.894287109375,355.324951171875,927.2763061523438,356.1270446777344,909.2070922851562,356.48809814453125,938.6910400390625,376.1670227050781,901.1244506835938,377.30755615234375,949.752685546875,401.5082702636719,893.0413818359375,404.70611572265625,953.1860961914062,427.48651123046875,890.050048828125,432.9346923828125,936.9959106445312,424.3304443359375,908.902587890625,424.5581359863281,954.5836181640625,461.64593505859375,888.968994140625,461.73480224609375,968.7368774414062,504.4541015625,878.92333984375,504.36676025390625
917.127685546875,359.1201171875,920.4356689453125,355.2911376953125,913.874755859375,355.3880615234375,927.2722778320312,356.1917724609375,909.1973876953125,356.5562438964844,938.7139892578125,376.21295166015625,901.11865234375,377.36260986328125,949.7596435546875,401.59765625,893.052001953125,404.81536865234375,952.9781494140625,427.50677490234375,890.081787109375,433.0256652832031,936.9761352539062,424.3238525390625,908.8582763671875,424.55157470703125,954.5897827148438,461.5996398925781,888.96875,461.68359375,968.7255249023438,504.4761657714844,878.9459228515625,504.36822509765625
915.7633056640625,365.1761474609375,918.779296875,361.1981506347656,912.2216796875,361.6197509765625,925.8126220703125,362.3809814453125,907.288818359375,363.47125244140625,937.9134521484375,383.4026184082031,902.5933227539062,385.66937255859375,951.4465942382812,408.32867431640625,894.8937377929688,412.737548828125,953.9712524414062,434.81927490234375,890.55615234375,438.5307312011719,939.6358642578125,430.8497314453125,912.7794189453125,431.4209289550781,953.3841552734375,466.93359375,886.2799072265625,467.5172424316406,972.4849853515625,508.4220886230469,877.254150390625,509.25726318359375
913.7520751953125,368.9790344238281,917.0550537109375,365.3173828125,910.9293212890625,365.4007568359375,924.9794311523438,368.11822509765625,907.3785400390625,368.3579406738281,936.9885864257812,391.2691650390625,902.32080078125,391.95794677734375,949.3240966796875,417.5391540527344,893.3192138671875,418.393798828125,948.65771484375,443.2420349121094,890.690673828125,442.995849609375,937.6869506835938,439.6812744140625,911.0794677734375,439.5023193359375,952.46630859375,471.20867919921875,885.0936279296875,470.9425964355469,972.94091796875,511.0681457519531,876.60595703125,511.029052734375
911.7078857421875,376.90789794921875,915.0048828125,373.36468505859375,909.1854858398438,373.316162109375,922.523681640625,375.6482849121094,905.5999145507812,375.6280517578125,933.3980712890625,397.28668212890625,899.48095703125,397.8417663574219,942.9100341796875,424.8839111328125,890.5499267578125,424.0096435546875,933.1430053710938,446.3416748046875,888.9691162109375,441.70318603515625,932.820068359375,445.1020202636719,906.4462280273438,445.009765625,949.5758056640625,472.7015380859375,883.1002807617188,473.1708984375,971.4697265625,511.0902099609375,876.5399780273438,512.8552856445312
907.895263671875,380.52490234375,911.0286865234375,377.09417724609375,905.33056640625,377.0131530761719,918.1067504882812,378.87554931640625,901.501708984375,378.6070861816406,928.7708740234375,399.7466125488281,894.6112060546875,399.50189208984375,941.5672607421875,426.159912109375,884.26953125,424.1963195800781,940.3884887695312,447.9486083984375,884.8623046875,441.7359924316406,927.379150390625,446.33721923828125,901.203857421875,446.1309814453125,947.1595458984375,474.2027587890625,881.6603393554688,474.2046203613281,969.9486083984375,512.0830688476562,876.15576171875,512.9738159179688
903.3667602539062,379.66278076171875,906.3682250976562,376.18377685546875,900.5855712890625,376.1004638671875,912.245361328125,378.041259765625,896.591796875,378.02032470703125,922.101806640625,398.38336181640625,889.716064453125,399.0757141113281,935.870361328125,421.92828369140625,880.1077880859375,424.16363525390625,938.5517578125,440.2628173828125,877.09619140625,445.2854919433594,923.16748046875,446.4670715332031,897.439697265625,447.49664306640625,944.693115234375,476.91497802734375,874.914306640625,477.56549072265625,974.87548828125,514.29296875,871.11279296875,514.742919921875
903.36328125,379.625,906.360595703125,376.15496826171875,900.5912475585938,376.0655517578125,912.205078125,378.0262756347656,896.595947265625,377.99176025390625,922.045654296875,398.3489990234375,889.6708374023438,399.0242614746094,935.8511352539062,421.8337097167969,880.042724609375,424.0348205566406,938.568359375,440.1034240722656,877.035400390625,445.0641174316406,923.086669921875,446.41131591796875,897.3515625,447.4378967285156,944.6273193359375,476.88140869140625,874.7530517578125,477.531005859375,975.0360107421875,514.2489624023438,871.079345703125,514.7005615234375
896.74853515625,379.86981201171875,899.7676391601562,376.5002746582031,894.2431640625,376.21734619140625,904.7360229492188,378.4490661621094,890.4673461914062,378.1612243652344,913.0751953125,397.3968505859375,883.7493896484375,398.712646484375,923.9814453125,419.05755615234375,876.176513671875,423.52691650390625,919.7869873046875,435.98394775390625,869.5922241210938,445.73126220703125,914.8040771484375,444.89422607421875,890.919677734375,446.2105712890625,935.3717651367188,475.8812255859375,869.2353515625,477.27001953125,972.107666015625,509.7816162109375,871.6019897460938,511.718505859375
884.8507080078125,371.4333801269531,887.9825439453125,368.20758056640625,882.553955078125,367.9010925292969,893.2651977539062,370.49993896484375,880.1436767578125,370.0389404296875,902.211669921875,390.03271484375,876.0548095703125,392.327392578125,916.794921875,409.4250183105469,867.54345703125,417.2635803222656,908.37939453125,420.83404541015625,855.7864379882812,434.90838623046875,907.9150390625,442.01165771484375,886.1768798828125,442.7015380859375,926.53369140625,476.653076171875,865.9671630859375,478.0132141113281,964.0314331054688,508.4434814453125,868.1350708007812,510.84326171875
877.9027099609375,367.62640380859375,881.5471801757812,364.06475830078125,875.0733642578125,363.7845458984375,887.9625244140625,366.1300964355469,872.0963134765625,365.83062744140625,897.4908447265625,386.7470397949219,869.338134765625,389.59783935546875,915.3438720703125,406.2213134765625,860.6295166015625,417.535400390625,907.0852661132812,416.24591064453125,848.6622314453125,438.3798828125,902.2674560546875,442.5832214355469,879.5557250976562,443.27130126953125,920.43359375,478.07843017578125,862.056640625,478.9017333984375,957.81298828125,511.5802001953125,865.9487915039062,512.2449951171875
872.897216796875,364.926513671875,876.2330932617188,361.23028564453125,869.331787109375,361.4755554199219,882.136474609375,362.3851318359375,864.9764404296875,363.399658203125,892.0740966796875,380.1905822753906,861.4927978515625,385.60382080078125,912.8783569335938,397.995361328125,853.8021240234375,412.8739013671875,911.1468505859375,405.01739501953125,847.4536743164062,435.2237548828125,896.5548095703125,435.38995361328125,874.3292236328125,438.30426025390625,909.9885864257812,471.6587219238281,862.086181640625,474.2425537109375,943.76171875,504.4349670410156,871.0588989257812,506.7237854003906
865.9163818359375,364.263916015625,868.849609375,360.3009338378906,862.5726928710938,360.86651611328125,875.7030029296875,360.501953125,858.74462890625,362.219970703125,888.2799072265625,378.3382568359375,855.2017822265625,384.17877197265625,908.2509765625,395.3976745605469,849.7139892578125,410.8446350097656,906.3291015625,406.09857177734375,846.5370483398438,436.400146484375,892.2523193359375,432.4393310546875,869.1963500976562,435.1639709472656,903.793212890625,469.1228942871094,860.464599609375,471.23248291015625,922.52978515625,506.705322265625,864.0496826171875,508.14947509765625
865.929443359375,364.391357421875,868.845947265625,360.4248046875,862.5855712890625,360.99468994140625,875.6691284179688,360.58612060546875,858.75048828125,362.30548095703125,888.2161865234375,378.3695068359375,855.1751708984375,384.16839599609375,908.112548828125,395.4328308105469,849.6907958984375,410.74615478515625,906.4925537109375,406.39556884765625,846.5062255859375,436.3411865234375,892.1640014648438,432.34259033203125,869.1546020507812,435.05328369140625,903.6778564453125,469.055908203125,860.519287109375,471.1606750488281,922.1471557617188,506.6679382324219,863.9940185546875,508.1329345703125
856.8294677734375,364.6639709472656,858.9977416992188,359.37451171875,852.7080688476562,361.2001953125,865.7340087890625,358.329833984375,848.891357421875,363.4215087890625,881.267578125,376.6505126953125,848.4808349609375,383.5130310058594,902.475830078125,396.650634765625,843.0279541015625,408.1993103027344,907.478759765625,418.3574523925781,841.42724609375,424.66204833984375,887.3902587890625,428.7930908203125,866.0362548828125,431.4394226074219,893.6766357421875,468.9701843261719,860.89794921875,470.7181396484375,897.7721557617188,508.1669921875,858.12548828125,509.66943359375
854.7394409179688,367.75018310546875,856.96435546875,362.8690185546875,850.8084716796875,364.169677734375,861.887939453125,362.54241943359375,846.593505859375,366.1494140625,874.2031860351562,380.85125732421875,843.2882080078125,386.0682678222656,892.5106201171875,402.5459289550781,836.97900390625,411.6353759765625,899.137939453125,427.87115478515625,839.0982666015625,433.1202392578125,878.28662109375,431.3240661621094,858.4957275390625,433.51055908203125,884.8612060546875,471.3734436035156,855.8666381835938,473.0172119140625,887.0797119140625,509.8076477050781,853.7261352539062,511.38916015625
848.107421875,372.791015625,850.7080078125,368.846923828125,845.19873046875,369.6041259765625,857.9983520507812,368.77301025390625,843.0592041015625,370.5758972167969,869.9539794921875,384.643798828125,839.415283203125,390.13153076171875,889.740966796875,399.13568115234375,833.1044921875,414.8009033203125,899.7518310546875,414.7773742675781,835.6085205078125,438.7652893066406,871.4345703125,435.7544860839844,852.9321899414062,438.2194519042969,870.892822265625,477.71026611328125,852.4583740234375,480.1483154296875,867.10107421875,517.7759399414062,852.7591552734375,520.0653076171875
844.2314453125,379.4585266113281,846.927978515625,375.4454040527344,840.8135375976562,376.15289306640625,853.5360107421875,375.4725036621094,837.1199951171875,377.0574645996094,863.83984375,391.0331726074219,833.9207763671875,397.0611572265625,882.1600341796875,405.1636962890625,828.764892578125,422.97711181640625,885.4696044921875,414.4719543457031,832.2169189453125,447.81982421875,866.558349609375,442.1146240234375,848.6033935546875,444.83209228515625,863.33837890625,483.89715576171875,848.3966064453125,486.32684326171875,856.0310668945312,522.2808837890625,846.6705322265625,524.6320190429688
840.44091796875,384.1944580078125,842.837158203125,379.05474853515625,836.5452880859375,380.5329895019531,848.9886474609375,377.8080139160156,832.2357788085938,382.0579833984375,860.67529296875,394.2967529296875,830.491455078125,399.9383239746094,879.1488647460938,414.65704345703125,825.9248046875,423.8511657714844,884.3853759765625,440.66571044921875,825.2264404296875,445.7200012207031,859.6668090820312,444.53594970703125,841.4005126953125,446.5787658691406,855.8294677734375,485.1398620605469,842.5848999023438,487.0323486328125,853.311767578125,523.590087890625,842.6566772460938,525.4904174804688
840.2977294921875,384.3456115722656,842.6980590820312,379.22314453125,836.4356689453125,380.6883544921875,848.8881225585938,377.95367431640625,832.174560546875,382.168212890625,860.6314086914062,394.31512451171875,830.47119140625,399.92529296875,879.18994140625,414.5911560058594,825.9853515625,423.7543029785156,884.450927734375,440.498779296875,825.2852783203125,445.4967041015625,859.64208984375,444.283203125,841.3877563476562,446.31268310546875,855.8028564453125,484.9345703125,842.544921875,486.81634521484375,853.4390258789062,523.4273681640625,842.7359619140625,525.308349609375
831.7177734375,385.54119873046875,834.08447265625,381.0262756347656,828.6150512695312,382.08837890625,840.8395385742188,380.57818603515625,825.7637939453125,383.6593017578125,855.4071044921875,398.4403381347656,823.2061767578125,402.6729736328125,872.7744140625,423.2203369140625,821.0128173828125,430.244384765625,869.4713745117188,448.0299072265625,824.79638671875,450.9764099121094,855.2540283203125,450.4695739746094,835.0325317382812,451.83526611328125,854.03271484375,490.86297607421875,834.046875,491.9359130859375,852.744873046875,526.3163452148438,835.7454833984375,527.0114135742188
831.384033203125,385.40362548828125,834.0001220703125,381.25482177734375,827.9664916992188,382.04815673828125,839.3262939453125,382.01904296875,823.78515625,384.39764404296875,850.15283203125,400.55816650390625,819.0811157226562,403.7366943359375,862.2632446289062,425.2317810058594,813.83056640625,430.1113586425781,860.2831420898438,449.67510986328125,817.580810546875,452.03778076171875,847.855224609375,449.0699157714844,827.6940307617188,450.2723693847656,850.3837890625,486.9979248046875,822.11328125,487.963134765625,848.703125,523.5638427734375,818.1888427734375,524.4603271484375
823.7762451171875,386.25726318359375,826.7854614257812,381.9398193359375,820.7880249023438,382.50054931640625,832.8923950195312,381.75811767578125,817.1687622070312,383.51715087890625,843.7020263671875,399.0381774902344,812.1295166015625,401.5374755859375,855.251953125,424.4202575683594,806.232666015625,428.20330810546875,852.65673828125,448.1571350097656,810.7042236328125,450.00213623046875,841.11865234375,446.4573669433594,820.1165771484375,447.4171142578125,847.0791015625,484.67486572265625,814.0853271484375,485.6683044433594,849.2001342773438,522.9678344726562,811.7117919921875,523.7979125976562
815.8397216796875,385.47027587890625,818.875244140625,381.1610107421875,812.5882568359375,381.5197448730469,824.5772705078125,382.1291198730469,808.0054321289062,383.28045654296875,833.7965698242188,401.201171875,802.98876953125,403.08978271484375,842.5682373046875,428.9627685546875,800.2130126953125,432.30853271484375,834.6600952148438,454.1326904296875,805.1647338867188,456.07366943359375,833.9033203125,450.4395446777344,812.1103515625,451.2586669921875,842.260986328125,486.9081115722656,801.5830078125,487.31549072265625,848.3794555664062,525.969482421875,799.829345703125,526.415771484375
808.7861328125,385.2144470214844,811.846923828125,380.8147888183594,805.2105712890625,381.23968505859375,817.31103515625,381.73370361328125,800.201171875,383.099609375,826.78857421875,401.00372314453125,793.94580078125,403.5757141113281,836.8411865234375,428.82073974609375,792.389404296875,434.0576477050781,831.1280517578125,453.90875244140625,802.15673828125,456.95721435546875,827.416015625,450.77191162109375,804.04248046875,452.14215087890625,841.1442260742188,488.91033935546875,793.9830322265625,489.809326171875,846.3299560546875,528.8991088867188,789.4814453125,529.9151000976562
808.8306884765625,385.23858642578125,811.8784790039062,380.83538818359375,805.23583984375,381.2637634277344,817.29833984375,381.7457275390625,800.1912841796875,383.1173400878906,826.77099609375,401.0199279785156,793.9011840820312,403.6099853515625,836.8868408203125,428.9041442871094,792.3744506835938,434.19488525390625,831.3019409179688,454.3050842285156,802.176025390625,457.38690185546875,827.4456787109375,450.81463623046875,804.0673828125,452.2010498046875,841.1900634765625,488.94793701171875,794.0870361328125,489.8621826171875,846.2027587890625,528.9178466796875,789.465576171875,529.9597778320312
801.0719604492188,384.21356201171875,804.056884765625,379.81036376953125,797.8489990234375,380.3182067871094,809.6427001953125,380.48431396484375,793.4309692382812,382.12725830078125,819.4290161132812,399.3887939453125,788.2431640625,401.98968505859375,828.5799560546875,425.52545166015625,784.665771484375,430.0573425292969,822.6143188476562,445.05908203125,791.1842041015625,447.671875,818.594970703125,450.4947509765625,796.4908447265625,451.66259765625,831.6990966796875,490.7354736328125,785.8115234375,491.46917724609375,837.0858764648438,532.0903930664062,780.2224731445312,532.9281005859375
797.1029663085938,387.7764587402344,799.8572387695312,382.97552490234375,793.4808349609375,383.8326416015625,804.013916015625,383.55535888671875,788.40771484375,386.00189208984375,812.3419189453125,403.8062744140625,781.526611328125,407.1551513671875,820.2456665039062,430.4486389160156,773.8346557617188,435.587158203125,816.799072265625,454.9386291503906,777.1521606445312,459.5065612792969,811.3006591796875,456.102294921875,789.5047607421875,457.7286376953125,827.1893310546875,494.83984375,778.7947998046875,495.98919677734375,835.5882568359375,536.4208984375,774.5040893554688,537.789306640625
785.4559936523438,390.2674560546875,789.0438232421875,385.6958312988281,782.425048828125,386.2659912109375,795.4290771484375,386.6982421875,778.2608642578125,388.470947265625,806.490234375,407.7444763183594,771.2591552734375,409.96636962890625,811.2976684570312,438.4647216796875,762.9892578125,440.32672119140625,797.5745849609375,460.95697021484375,769.7508544921875,463.375732421875,804.8974609375,461.2293701171875,779.5596313476562,462.1995849609375,820.9432983398438,497.76220703125,769.4254150390625,498.5423583984375,833.8878173828125,540.0439453125,772.5150146484375,540.404541015625
