x0,y0,x1,y1,x2,y2,x3,y3,x4,y4,x5,y5,x6,y6,x7,y7,x8,y8,x9,y9,x10,y10,x11,y11,x12,y12,x13,y13,x14,y14,x15,y15,x16,y16
0.0,0.0,0.0,0.0,0.0,0.0,0.0,0.0,0.0,0.0,0.0,0.0,0.0,0.0,0.0,0.0,0.0,0.0,0.0,0.0,0.0,0.0,0.0,0.0,0.0,0.0,0.0,0.0,0.0,0.0,0.0,0.0,0.0,0.0
0.0,0.0,0.0,0.0,0.0,0.0,0.0,0.0,0.0,0.0,0.0,0.0,0.0,0.0,0.0,0.0,0.0,0.0,0.0,0.0,0.0,0.0,0.0,0.0,0.0,0.0,0.0,0.0,0.0,0.0,0.0,0.0,0.0,0.0
0.0,0.0,0.0,0.0,0.0,0.0,0.0,0.0,0.0,0.0,0.0,0.0,0.0,0.0,0.0,0.0,0.0,0.0,0.0,0.0,0.0,0.0,0.0,0.0,0.0,0.0,0.0,0.0,0.0,0.0,0.0,0.0,0.0,0.0
0.0,0.0,0.0,0.0,0.0,0.0,0.0,0.0,0.0,0.0,0.0,0.0,0.0,0.0,0.0,0.0,0.0,0.0,0.0,0.0,0.0,0.0,0.0,0.0,0.0,0.0,0.0,0.0,0.0,0.0,0.0,0.0,0.0,0.0
0.0,0.0,0.0,0.0,0.0,0.0,0.0,0.0,0.0,0.0,0.0,0.0,0.0,0.0,0.0,0.0,0.0,0.0,0.0,0.0,0.0,0.0,0.0,0.0,0.0,0.0,0.0,0.0,0.0,0.0,0.0,0.0,0.0,0.0
0.0,0.0,0.0,0.0,0.0,0.0,0.0,0.0,0.0,0.0,0.0,0.0,0.0,0.0,0.0,0.0,0.0,0.0,0.0,0.0,0.0,0.0,0.0,0.0,0.0,0.0,0.0,0.0,0.0,0.0,0.0,0.0,0.0,0.0
0.0,0.0,0.0,0.0,0.0,0.0,0.0,0.0,0.0,0.0,0.0,0.0,0.0,0.0,0.0,0.0,0.0,0.0,0.0,0.0,0.0,0.0,0.0,0.0,0.0,0.0,0.0,0.0,0.0,0.0,0.0,0.0,0.0,0.0
0.0,0.0,0.0,0.0,0.0,0.0,0.0,0.0,0.0,0.0,0.0,0.0,0.0,0.0,0.0,0.0,0.0,0.0,0.0,0.0,0.0,0.0,0.0,0.0,0.0,0.0,0.0,0.0,0.0,0.0,0.0,0.0,0.0,0.0
0.0,0.0,0.0,0.0,0.0,0.0,0.0,0.0,0.0,0.0,0.0,0.0,0.0,0.0,0.0,0.0,0.0,0.0,0.0,0.0,0.0,0.0,0.0,0.0,0.0,0.0,0.0,0.0,0.0,0.0,0.0,0.0,0.0,0.0
0.0,0.0,0.0,0.0,0.0,0.0,0.0,0.0,0.0,0.0,0.0,0.0,0.0,0.0,0.0,0.0,0.0,0.0,0.0,0.0,0.0,0.0,0.0,0.0,0.0,0.0,0.0,0.0,0.0,0.0,0.0,0.0,0.0,0.0
0.0,0.0,0.0,0.0,0.0,0.0,0.0,0.0,0.0,0.0,0.0,0.0,0.0,0.0,0.0,0.0,0.0,0.0,0.0,0.0,0.0,0.0,0.0,0.0,0.0,0.0,0.0,0.0,0.0,0.0,0.0,0.0,0.0,0.0
0.0,0.0,0.0,0.0,0.0,0.0,0.0,0.0,0.0,0.0,0.0,0.0,0.0,0.0,0.0,0.0,0.0,0.0,0.0,0.0,0.0,0.0,0.0,0.0,0.0,0.0,0.0,0.0,0.0,0.0,0.0,0.0,0.0,0.0
0.0,0.0,0.0,0.0,0.0,0.0,0.0,0.0,0.0,0.0,0.0,0.0,0.0,0.0,0.0,0.0,0.0,0.0,0.0,0.0,0.0,0.0,0.0,0.0,0.0,0.0,0.0,0.0,0.0,0.0,0.0,0.0,0.0,0.0
0.0,0.0,0.0,0.0,0.0,0.0,0.0,0.0,0.0,0.0,0.0,0.0,0.0,0.0,0.0,0.0,0.0,0.0,0.0,0.0,0.0,0.0,0.0,0.0,0.0,0.0,0.0,0.0,0.0,0.0,0.0,0.0,0.0,0.0
0.0,0.0,0.0,0.0,0.0,0.0,0.0,0.0,0.0,0.0,0.0,0.0,0.0,0.0,0.0,0.0,0.0,0.0,0.0,0.0,0.0,0.0,0.0,0.0,0.0,0.0,0.0,0.0,0.0,0.0,0.0,0.0,0.0,0.0
0.0,0.0,0.0,0.0,0.0,0.0,0.0,0.0,0.0,0.0,0.0,0.0,0.0,0.0,0.0,0.0,0.0,0.0,0.0,0.0,0.0,0.0,0.0,0.0,0.0,0.0,0.0,0.0,0.0,0.0,0.0,0.0,0.0,0.0
0.0,0.0,0.0,0.0,0.0,0.0,0.0,0.0,0.0,0.0,0.0,0.0,0.0,0.0,0.0,0.0,0.0,0.0,0.0,0.0,0.0,0.0,0.0,0.0,0.0,0.0,0.0,0.0,0.0,0.0,0.0,0.0,0.0,0.0
0.0,0.0,0.0,0.0,0.0,0.0,0.0,0.0,0.0,0.0,0.0,0.0,0.0,0.0,0.0,0.0,0.0,0.0,0.0,0.0,0.0,0.0,0.0,0.0,0.0,0.0,0.0,0.0,0.0,0.0,0.0,0.0,0.0,0.0
0.0,0.0,0.0,0.0,0.0,0.0,0.0,0.0,0.0,0.0,0.0,0.0,0.0,0.0,0.0,0.0,0.0,0.0,0.0,0.0,0.0,0.0,0.0,0.0,0.0,0.0,0.0,0.0,0.0,0.0,0.0,0.0,0.0,0.0
0.0,0.0,0.0,0.0,0.0,0.0,0.0,0.0,0.0,0.0,0.0,0.0,0.0,0.0,0.0,0.0,0.0,0.0,0.0,0.0,0.0,0.0,0.0,0.0,0.0,0.0,0.0,0.0,0.0,0.0,0.0,0.0,0.0,0.0
636.0221557617188,253.61135864257812,638.1990966796875,251.3201904296875,634.0293579101562,250.76541137695312,641.8524169921875,251.784423828125,630.9829711914062,250.3023681640625,648.6329345703125,264.92022705078125,626.2536010742188,259.603271484375,657.2310180664062,283.0594482421875,616.4818725585938,270.59033203125,658.661865234375,299.0972595214844,610.5804443359375,284.07464599609375,647.4586181640625,293.5415344238281,631.8055419921875,290.591796875,651.98583984375,318.1651306152344,621.1054077148438,313.8855895996094,661.414794921875,346.4969177246094,621.8726196289062,340.0829772949219
637.7909545898438,253.54550170898438,639.9566650390625,251.25433349609375,635.8274536132812,250.67132568359375,643.7527465820312,251.72158813476562,632.9603271484375,250.11981201171875,649.888671875,264.9096984863281,628.2039794921875,259.5543212890625,658.6421508789062,282.3033142089844,617.6438598632812,270.70849609375,661.6571655273438,299.56878662109375,612.5288696289062,286.1702880859375,647.6849365234375,292.838134765625,632.6156616210938,290.0910949707031,653.9136962890625,318.70184326171875,621.9163208007812,314.4735107421875,662.655517578125,347.8701171875,622.5568237304688,341.4810791015625
638.236572265625,256.64404296875,640.10546875,254.13113403320312,636.1595458984375,253.96771240234375,643.6132202148438,254.346923828125,632.7628784179688,253.83673095703125,649.888427734375,266.95379638671875,628.3125,263.5894470214844,658.2918090820312,284.30926513671875,617.1657104492188,273.1927490234375,661.3388671875,302.85845947265625,612.1375122070312,285.39251708984375,648.5439453125,293.7730407714844,633.2603759765625,292.5400695800781,654.5775146484375,321.1676025390625,624.3252563476562,318.93731689453125,666.3126220703125,350.85186767578125,625.5640258789062,346.7373962402344
638.98095703125,259.04278564453125,641.8273315429688,256.6353759765625,637.0784301757812,255.9207763671875,645.84716796875,257.85675048828125,633.1729125976562,255.81008911132812,651.0955200195312,269.5744323730469,625.983154296875,267.4190368652344,660.4913330078125,285.5598449707031,616.641357421875,282.4035339355469,664.6122436523438,300.5009765625,614.5752563476562,297.95233154296875,645.8499755859375,299.1804504394531,628.8018188476562,298.320556640625,655.27001953125,320.1292724609375,623.8929443359375,319.5408020019531,662.6649780273438,346.58489990234375,624.0872802734375,345.6408996582031
639.0294799804688,258.7496643066406,641.8740844726562,256.3221435546875,637.0692138671875,255.6282958984375,645.862548828125,257.56640625,633.0685424804688,255.57257080078125,651.08447265625,269.412841796875,625.7481079101562,267.3313293457031,660.5806274414062,285.56951904296875,616.3888549804688,282.569091796875,664.75634765625,300.5771179199219,614.5574951171875,298.1624450683594,645.785888671875,299.16143798828125,628.5928344726562,298.3497009277344,655.359375,319.62664794921875,623.7434692382812,319.07476806640625,662.5663452148438,346.4246826171875,623.8583374023438,345.5440673828125
638.1163330078125,261.4574279785156,640.715576171875,259.04864501953125,636.3912353515625,258.4676818847656,644.6394653320312,260.1224365234375,633.0029907226562,258.474609375,650.9260864257812,271.6273193359375,626.1971435546875,270.05548095703125,661.7626953125,286.8865661621094,617.3108520507812,284.87127685546875,666.6569213867188,302.1375427246094,614.83203125,300.24798583984375,646.3071899414062,301.87774658203125,629.6175537109375,301.1863098144531,654.8281860351562,323.0010986328125,622.8919067382812,322.51983642578125,662.3707885742188,348.288330078125,622.524658203125,347.58197021484375
636.9951782226562,262.21630859375,638.4908447265625,259.62054443359375,634.9950561523438,259.7817077636719,641.741455078125,259.85467529296875,631.3662109375,260.1530456542969,649.4813232421875,271.7930908203125,625.8193969726562,271.0841064453125,659.8270263671875,287.8361511230469,615.8096923828125,285.7193603515625,661.4158325195312,303.7154541015625,620.3162841796875,301.5132141113281,649.4356079101562,300.42218017578125,632.62451171875,300.2618408203125,654.8453369140625,325.26251220703125,622.50244140625,324.09503173828125,665.8001708984375,352.0812072753906,624.6158447265625,349.2565002441406
635.9205932617188,260.3231201171875,637.2138671875,257.636962890625,633.6172485351562,258.051025390625,640.145263671875,257.5897216796875,629.7299194335938,258.4754638671875,648.2825317382812,269.6642761230469,624.455322265625,269.9737243652344,658.2459716796875,285.5451965332031,616.7555541992188,284.9663391113281,662.0357666015625,302.44891357421875,621.0628051757812,300.14306640625,649.1185913085938,300.43389892578125,632.2701416015625,300.8443298339844,655.2452392578125,325.2260437011719,622.6229858398438,324.9339294433594,664.9760131835938,351.3988342285156,624.1968383789062,349.983154296875
634.0657348632812,258.2865295410156,635.4306030273438,255.64218139648438,631.6836547851562,256.05511474609375,638.4818725585938,255.82290649414062,627.6534423828125,256.6639404296875,645.6757202148438,267.890625,622.3496704101562,269.2597961425781,655.3018188476562,283.4324035644531,617.5115356445312,286.4422302246094,659.867919921875,298.7003479003906,625.6201171875,301.46728515625,647.259033203125,298.34503173828125,630.7333374023438,299.5807800292969,656.9558715820312,323.150146484375,625.4742431640625,324.029052734375,665.273193359375,350.24267578125,626.33984375,350.83489990234375
633.4263916015625,256.20068359375,634.63427734375,253.60595703125,630.8812255859375,254.03463745117188,637.0457153320312,254.00192260742188,626.401611328125,254.73147583007812,642.690185546875,266.2039794921875,621.2152099609375,267.8147277832031,652.2391967773438,281.70306396484375,616.9802856445312,285.24566650390625,657.5523071289062,296.0738525390625,626.1676025390625,298.7972717285156,645.5943603515625,297.9245300292969,630.4766235351562,299.5498352050781,657.449951171875,322.08837890625,629.1573486328125,323.762939453125,663.1664428710938,348.37127685546875,627.0239868164062,350.60516357421875
633.1641235351562,256.256591796875,634.3939819335938,253.6641845703125,630.6278076171875,254.09222412109375,636.8997192382812,254.04791259765625,626.2091064453125,254.7841796875,642.6476440429688,266.225830078125,621.1077270507812,267.8666076660156,652.2161254882812,281.6836853027344,616.9878540039062,285.28497314453125,657.5587768554688,295.99920654296875,626.1929931640625,298.7257385253906,645.6494750976562,297.92913818359375,630.4732055664062,299.5647277832031,657.4722290039062,322.1396789550781,629.011474609375,323.8260803222656,663.2781982421875,348.4320983886719,626.9364624023438,350.6607971191406
633.3436889648438,255.98236083984375,633.67041015625,253.0191650390625,630.6270751953125,253.43484497070312,632.6935424804688,253.37847900390625,625.245361328125,254.044677734375,632.7411499023438,264.2257995605469,621.7801513671875,266.3472595214844,643.1716918945312,276.85394287109375,624.3987426757812,283.0436096191406,656.737548828125,287.0269470214844,634.7026977539062,291.44268798828125,637.311279296875,295.5017395019531,630.1305541992188,297.4569091796875,649.5633544921875,319.35791015625,637.1530151367188,320.9876403808594,652.01953125,346.9307556152344,635.3496704101562,349.3506164550781
628.2380981445312,255.63339233398438,628.440673828125,252.85760498046875,625.7752685546875,253.21697998046875,626.40087890625,253.32537841796875,621.2215576171875,254.04238891601562,626.6437377929688,264.4834289550781,619.3255615234375,266.45257568359375,637.5543823242188,278.7751159667969,627.4971313476562,283.4737854003906,650.1327514648438,285.72918701171875,640.90625,288.3222961425781,630.2190551757812,296.0906066894531,626.0216674804688,298.0449523925781,644.9212646484375,315.4720458984375,641.771484375,316.8726501464844,641.33154296875,347.8376159667969,639.3751220703125,349.7432861328125
625.3815307617188,256.05548095703125,625.2459716796875,253.12161254882812,622.9318237304688,253.6199951171875,618.9478149414062,253.73806762695312,618.8699951171875,255.0174560546875,618.93359375,265.0636291503906,619.7887573242188,267.6089782714844,635.0031127929688,273.3501892089844,633.268310546875,277.9422607421875,651.3919677734375,262.1614990234375,646.374267578125,263.87298583984375,621.42822265625,297.3395080566406,622.2952880859375,299.351806640625,640.323486328125,313.77490234375,641.9554443359375,314.89605712890625,635.1971435546875,348.0362548828125,636.2888793945312,349.938720703125
618.3013305664062,249.20602416992188,618.9878540039062,247.27371215820312,617.029296875,246.90301513671875,619.4945068359375,251.02755737304688,618.85400390625,249.39794921875,618.131591796875,263.6099853515625,620.4694213867188,260.7873229980469,621.7821044921875,270.2339172363281,621.507568359375,269.4065856933594,627.6724853515625,261.7365417480469,616.1362915039062,274.4693298339844,618.790283203125,295.7584228515625,621.3096923828125,294.8493957519531,634.19921875,320.59954833984375,640.4298706054688,317.9637451171875,624.4425048828125,346.894775390625,630.8952026367188,342.5077819824219
622.3643798828125,251.46304321289062,621.97412109375,248.814208984375,621.65673828125,249.04647827148438,617.5537109375,250.72119140625,623.23046875,251.23873901367188,610.2943725585938,262.0879821777344,623.6022338867188,261.9947814941406,595.59716796875,264.38177490234375,625.627197265625,261.7855224609375,589.3522338867188,260.2832946777344,620.0721435546875,254.627685546875,611.3096313476562,296.8033752441406,619.9847412109375,297.39398193359375,627.8662109375,319.2917175292969,638.731689453125,320.16375732421875,622.322509765625,346.0292053222656,634.9124145507812,347.83038330078125
623.0866088867188,252.576416015625,624.5508422851562,249.5843505859375,621.4082641601562,249.84970092773438,617.246826171875,250.02365112304688,619.985107421875,250.24346923828125,612.7740478515625,260.5244445800781,616.3729248046875,261.421630859375,604.7662963867188,267.79974365234375,605.1637573242188,267.7698669433594,605.0454711914062,249.258056640625,598.2576904296875,251.18194580078125,614.7503662109375,296.62109375,617.0762329101562,297.6897277832031,630.5008544921875,314.78173828125,633.4721069335938,315.9928894042969,628.8820190429688,346.9894104003906,630.5880126953125,348.21697998046875
607.7320556640625,237.64532470703125,609.9129638671875,235.1943359375,607.2595825195312,234.86212158203125,614.0877685546875,237.3094482421875,611.7136840820312,236.35626220703125,614.8756103515625,251.19088745117188,611.5950927734375,248.899658203125,598.5278930664062,261.810302734375,595.146240234375,258.037841796875,577.4910888671875,260.0242919921875,574.9979248046875,261.8008728027344,619.72900390625,288.0143127441406,618.4036254882812,286.8504333496094,621.9088134765625,317.87994384765625,626.581787109375,316.4340515136719,622.9515991210938,345.4010009765625,631.5718383789062,342.5334777832031
0.0,0.0,0.0,0.0,0.0,0.0,0.0,0.0,0.0,0.0,0.0,0.0,0.0,0.0,0.0,0.0,0.0,0.0,0.0,0.0,0.0,0.0,0.0,0.0,0.0,0.0,0.0,0.0,0.0,0.0,0.0,0.0,0.0,0.0
610.4503173828125,237.854736328125,611.4478149414062,235.40948486328125,608.5992431640625,235.39382934570312,610.805908203125,236.75689697265625,604.2794189453125,236.30551147460938,610.1525268554688,246.2161865234375,597.68798828125,245.5103759765625,607.9496459960938,248.54067993164062,585.8323974609375,247.35629272460938,603.736083984375,235.59375,584.582275390625,241.67825317382812,608.8434448242188,282.240966796875,602.9459838867188,282.7034606933594,606.4147338867188,313.41619873046875,619.9293212890625,313.63848876953125,595.09033203125,340.9509582519531,622.8922119140625,342.6734313964844
601.802734375,238.36318969726562,601.9613647460938,236.04510498046875,599.7925415039062,236.43191528320312,600.8311157226562,240.10260009765625,597.7608642578125,240.41189575195312,602.418212890625,251.4609375,594.9873657226562,250.92807006835938,604.314697265625,247.30426025390625,593.5574340820312,245.97760009765625,603.5382080078125,234.08660888671875,595.2971801757812,234.5625,603.8513793945312,283.82958984375,600.1036376953125,283.91693115234375,606.2073974609375,312.9118347167969,614.638427734375,312.673828125,594.784423828125,337.98785400390625,611.6135864257812,338.05706787109375
595.6969604492188,235.31423950195312,595.3825073242188,232.5977783203125,594.4547119140625,232.51309204101562,589.2689819335938,233.685546875,593.71337890625,232.92861938476562,583.8529663085938,244.22015380859375,594.1704711914062,243.87118530273438,573.7606201171875,252.473388671875,588.4458618164062,252.56533813476562,572.656982421875,231.97653198242188,587.61279296875,233.28805541992188,593.6971435546875,280.8346252441406,600.0282592773438,281.473876953125,603.9002075195312,306.4387512207031,607.7053833007812,307.2742919921875,605.1073608398438,336.7391357421875,604.2608032226562,337.6692810058594
595.0957641601562,235.33599853515625,594.85986328125,232.644775390625,593.8855590820312,232.5511474609375,589.084716796875,233.77545166015625,593.4474487304688,232.99533081054688,583.7562866210938,244.3680419921875,594.1702270507812,243.9617919921875,573.7368774414062,252.56759643554688,588.6787109375,252.58673095703125,572.5543212890625,231.9909210205078,587.7726440429688,233.24514770507812,593.7039794921875,280.8163757324219,600.08154296875,281.423583984375,603.7212524414062,306.3222351074219,607.604736328125,307.132568359375,605.080810546875,336.515380859375,604.3032836914062,337.384765625
585.3388671875,231.2434844970703,585.2215576171875,228.52059936523438,584.1779174804688,228.6485595703125,583.9075927734375,230.62045288085938,587.4388427734375,229.94036865234375,583.4011840820312,242.043701171875,590.109130859375,239.03421020507812,566.0484008789062,247.45294189453125,582.316162109375,240.04449462890625,553.2783813476562,241.36868286132812,568.8364868164062,235.08746337890625,596.4513549804688,277.96087646484375,600.2382202148438,276.9732666015625,603.4381103515625,306.8974914550781,604.0661010742188,305.0776062011719,593.59619140625,331.9991455078125,591.9375610351562,327.3946533203125
572.5689697265625,227.67446899414062,572.7052612304688,224.88967895507812,572.40283203125,224.78250122070312,574.2120971679688,225.6177520751953,579.6506958007812,224.41757202148438,575.7559814453125,236.65240478515625,585.869140625,233.3895263671875,562.0726318359375,247.76287841796875,581.7890014648438,241.85470581054688,552.4417114257812,248.79412841796875,569.7670288085938,245.84152221679688,592.8863525390625,268.7203369140625,599.6012573242188,267.5535583496094,593.0343017578125,300.6790771484375,599.872314453125,298.75701904296875,588.4673461914062,330.2072448730469,596.9620971679688,324.5130615234375
560.8350219726562,223.85943603515625,560.8814086914062,220.93185424804688,561.055908203125,220.44381713867188,563.4675903320312,219.8785400390625,568.35205078125,217.6252899169922,568.7965087890625,229.05413818359375,576.723876953125,225.7120819091797,561.7047729492188,246.67343139648438,573.632080078125,241.22268676757812,554.4290771484375,252.7069091796875,566.1563720703125,248.11508178710938,591.3938598632812,260.75970458984375,596.1558227539062,259.6411437988281,584.3175048828125,293.19158935546875,593.9569702148438,292.45269775390625,585.567626953125,323.291259765625,595.0634765625,320.59405517578125
570.3935546875,216.3519744873047,569.9688110351562,213.1527862548828,568.5736083984375,213.34585571289062,568.7470092773438,214.22857666015625,568.5618286132812,214.15200805664062,572.4417724609375,228.4479522705078,572.0145263671875,228.05520629882812,576.6007080078125,246.50802612304688,574.1771850585938,245.75140380859375,580.92578125,265.0047302246094,573.7103881835938,264.15576171875,585.4986572265625,257.7999267578125,585.1859741210938,257.9986572265625,588.82373046875,287.1094055175781,583.1083984375,286.9496154785156,589.4293212890625,316.217529296875,580.3111572265625,315.5066833496094
548.7718505859375,221.38937377929688,550.09423828125,219.24366760253906,548.3908081054688,218.6298370361328,556.21826171875,221.47438049316406,554.8391723632812,218.7506103515625,564.8441772460938,230.531494140625,563.1033935546875,225.21751403808594,561.5386962890625,229.467041015625,567.560302734375,218.37332153320312,553.5549926757812,215.35458374023438,561.8831787109375,207.57652282714844,589.924560546875,255.03683471679688,585.4508056640625,253.5057373046875,594.505126953125,285.5950927734375,569.421630859375,282.7499694824219,605.9338989257812,314.5550231933594,565.9076538085938,308.8970947265625
549.1211547851562,219.75018310546875,550.8330688476562,217.80587768554688,548.6958618164062,217.00973510742188,556.1009521484375,220.172607421875,556.3344116210938,217.19668579101562,562.4701538085938,229.177490234375,565.5886840820312,221.8817138671875,557.1569213867188,228.30162048339844,571.74462890625,214.4613494873047,552.8876342773438,216.27767944335938,567.033203125,203.4154052734375,587.4915161132812,252.01657104492188,587.0225830078125,248.64096069335938,589.1350708007812,284.0592956542969,575.033935546875,278.9723205566406,598.6080932617188,313.77880859375,571.705810546875,305.37969970703125
549.8862915039062,228.18849182128906,551.3028564453125,226.5076446533203,550.3968505859375,225.4641876220703,557.2333374023438,228.89134216308594,557.1036376953125,225.06678771972656,564.9631958007812,234.90853881835938,562.46337890625,227.09957885742188,559.2913208007812,224.98895263671875,562.6697387695312,208.72744750976562,553.975830078125,201.19149780273438,556.3314819335938,190.42076110839844,588.8847045898438,254.76251220703125,583.13916015625,251.95211791992188,592.761962890625,283.0063171386719,562.6768188476562,278.1628723144531,604.2705078125,307.07952880859375,555.9823608398438,298.7053527832031
0.0,0.0,0.0,0.0,0.0,0.0,0.0,0.0,0.0,0.0,0.0,0.0,0.0,0.0,0.0,0.0,0.0,0.0,0.0,0.0,0.0,0.0,0.0,0.0,0.0,0.0,0.0,0.0,0.0,0.0,0.0,0.0,0.0,0.0
0.0,0.0,0.0,0.0,0.0,0.0,0.0,0.0,0.0,0.0,0.0,0.0,0.0,0.0,0.0,0.0,0.0,0.0,0.0,0.0,0.0,0.0,0.0,0.0,0.0,0.0,0.0,0.0,0.0,0.0,0.0,0.0,0.0,0.0
0.0,0.0,0.0,0.0,0.0,0.0,0.0,0.0,0.0,0.0,0.0,0.0,0.0,0.0,0.0,0.0,0.0,0.0,0.0,0.0,0.0,0.0,0.0,0.0,0.0,0.0,0.0,0.0,0.0,0.0,0.0,0.0,0.0,0.0
0.0,0.0,0.0,0.0,0.0,0.0,0.0,0.0,0.0,0.0,0.0,0.0,0.0,0.0,0.0,0.0,0.0,0.0,0.0,0.0,0.0,0.0,0.0,0.0,0.0,0.0,0.0,0.0,0.0,0.0,0.0,0.0,0.0,0.0
0.0,0.0,0.0,0.0,0.0,0.0,0.0,0.0,0.0,0.0,0.0,0.0,0.0,0.0,0.0,0.0,0.0,0.0,0.0,0.0,0.0,0.0,0.0,0.0,0.0,0.0,0.0,0.0,0.0,0.0,0.0,0.0,0.0,0.0
0.0,0.0,0.0,0.0,0.0,0.0,0.0,0.0,0.0,0.0,0.0,0.0,0.0,0.0,0.0,0.0,0.0,0.0,0.0,0.0,0.0,0.0,0.0,0.0,0.0,0.0,0.0,0.0,0.0,0.0,0.0,0.0,0.0,0.0
0.0,0.0,0.0,0.0,0.0,0.0,0.0,0.0,0.0,0.0,0.0,0.0,0.0,0.0,0.0,0.0,0.0,0.0,0.0,0.0,0.0,0.0,0.0,0.0,0.0,0.0,0.0,0.0,0.0,0.0,0.0,0.0,0.0,0.0
0.0,0.0,0.0,0.0,0.0,0.0,0.0,0.0,0.0,0.0,0.0,0.0,0.0,0.0,0.0,0.0,0.0,0.0,0.0,0.0,0.0,0.0,0.0,0.0,0.0,0.0,0.0,0.0,0.0,0.0,0.0,0.0,0.0,0.0
0.0,0.0,0.0,0.0,0.0,0.0,0.0,0.0,0.0,0.0,0.0,0.0,0.0,0.0,0.0,0.0,0.0,0.0,0.0,0.0,0.0,0.0,0.0,0.0,0.0,0.0,0.0,0.0,0.0,0.0,0.0,0.0,0.0,0.0
0.0,0.0,0.0,0.0,0.0,0.0,0.0,0.0,0.0,0.0,0.0,0.0,0.0,0.0,0.0,0.0,0.0,0.0,0.0,0.0,0.0,0.0,0.0,0.0,0.0,0.0,0.0,0.0,0.0,0.0,0.0,0.0,0.0,0.0
0.0,0.0,0.0,0.0,0.0,0.0,0.0,0.0,0.0,0.0,0.0,0.0,0.0,0.0,0.0,0.0,0.0,0.0,0.0,0.0,0.0,0.0,0.0,0.0,0.0,0.0,0.0,0.0,0.0,0.0,0.0,0.0,0.0,0.0
0.0,0.0,0.0,0.0,0.0,0.0,0.0,0.0,0.0,0.0,0.0,0.0,0.0,0.0,0.0,0.0,0.0,0.0,0.0,0.0,0.0,0.0,0.0,0.0,0.0,0.0,0.0,0.0,0.0,0.0,0.0,0.0,0.0,0.0
0.0,0.0,0.0,0.0,0.0,0.0,0.0,0.0,0.0,0.0,0.0,0.0,0.0,0.0,0.0,0.0,0.0,0.0,0.0,0.0,0.0,0.0,0.0,0.0,0.0,0.0,0.0,0.0,0.0,0.0,0.0,0.0,0.0,0.0
0.0,0.0,0.0,0.0,0.0,0.0,0.0,0.0,0.0,0.0,0.0,0.0,0.0,0.0,0.0,0.0,0.0,0.0,0.0,0.0,0.0,0.0,0.0,0.0,0.0,0.0,0.0,0.0,0.0,0.0,0.0,0.0,0.0,0.0
0.0,0.0,0.0,0.0,0.0,0.0,0.0,0.0,0.0,0.0,0.0,0.0,0.0,0.0,0.0,0.0,0.0,0.0,0.0,0.0,0.0,0.0,0.0,0.0,0.0,0.0,0.0,0.0,0.0,0.0,0.0,0.0,0.0,0.0
0.0,0.0,0.0,0.0,0.0,0.0,0.0,0.0,0.0,0.0,0.0,0.0,0.0,0.0,0.0,0.0,0.0,0.0,0.0,0.0,0.0,0.0,0.0,0.0,0.0,0.0,0.0,0.0,0.0,0.0,0.0,0.0,0.0,0.0
0.0,0.0,0.0,0.0,0.0,0.0,0.0,0.0,0.0,0.0,0.0,0.0,0.0,0.0,0.0,0.0,0.0,0.0,0.0,0.0,0.0,0.0,0.0,0.0,0.0,0.0,0.0,0.0,0.0,0.0,0.0,0.0,0.0,0.0
0.0,0.0,0.0,0.0,0.0,0.0,0.0,0.0,0.0,0.0,0.0,0.0,0.0,0.0,0.0,0.0,0.0,0.0,0.0,0.0,0.0,0.0,0.0,0.0,0.0,0.0,0.0,0.0,0.0,0.0,0.0,0.0,0.0,0.0
555.6141967773438,242.99017333984375,557.6951904296875,240.72802734375,553.2978515625,240.41802978515625,560.59326171875,241.227783203125,549.0780639648438,240.41488647460938,564.960693359375,253.23452758789062,542.778076171875,249.70745849609375,571.330078125,268.01287841796875,531.3634643554688,260.0775451660156,574.2070922851562,281.98748779296875,525.9044799804688,272.1605529785156,557.5633544921875,275.5545654296875,542.3628540039062,273.60821533203125,560.845703125,293.781982421875,532.0577392578125,290.94366455078125,564.4614868164062,318.1838684082031,530.798828125,314.10540771484375
0.0,0.0,0.0,0.0,0.0,0.0,0.0,0.0,0.0,0.0,0.0,0.0,0.0,0.0,0.0,0.0,0.0,0.0,0.0,0.0,0.0,0.0,0.0,0.0,0.0,0.0,0.0,0.0,0.0,0.0,0.0,0.0,0.0,0.0
0.0,0.0,0.0,0.0,0.0,0.0,0.0,0.0,0.0,0.0,0.0,0.0,0.0,0.0,0.0,0.0,0.0,0.0,0.0,0.0,0.0,0.0,0.0,0.0,0.0,0.0,0.0,0.0,0.0,0.0,0.0,0.0,0.0,0.0
0.0,0.0,0.0,0.0,0.0,0.0,0.0,0.0,0.0,0.0,0.0,0.0,0.0,0.0,0.0,0.0,0.0,0.0,0.0,0.0,0.0,0.0,0.0,0.0,0.0,0.0,0.0,0.0,0.0,0.0,0.0,0.0,0.0,0.0
0.0,0.0,0.0,0.0,0.0,0.0,0.0,0.0,0.0,0.0,0.0,0.0,0.0,0.0,0.0,0.0,0.0,0.0,0.0,0.0,0.0,0.0,0.0,0.0,0.0,0.0,0.0,0.0,0.0,0.0,0.0,0.0,0.0,0.0
0.0,0.0,0.0,0.0,0.0,0.0,0.0,0.0,0.0,0.0,0.0,0.0,0.0,0.0,0.0,0.0,0.0,0.0,0.0,0.0,0.0,0.0,0.0,0.0,0.0,0.0,0.0,0.0,0.0,0.0,0.0,0.0,0.0,0.0
548.3663940429688,247.34933471679688,551.046875,244.82318115234375,546.983154296875,244.40673828125,555.662841796875,245.77548217773438,544.8078002929688,244.6632080078125,560.5159301757812,258.2684631347656,542.461669921875,256.95477294921875,567.0963134765625,274.8922119140625,536.0911254882812,272.1766662597656,569.0681762695312,291.97039794921875,531.6188354492188,289.0562744140625,556.4274291992188,287.59417724609375,545.4427490234375,286.778076171875,556.392822265625,312.2735595703125,546.842529296875,311.7218017578125,560.36083984375,337.48675537109375,551.3196411132812,336.2027893066406
548.3177490234375,250.71615600585938,550.6568603515625,248.10400390625,546.446044921875,248.07369995117188,554.2446899414062,248.9979248046875,543.8912353515625,248.93994140625,559.6984252929688,260.9346618652344,541.1614990234375,261.41436767578125,567.8796997070312,277.6719665527344,537.5315551757812,278.3664855957031,571.2376098632812,295.990234375,539.2185668945312,295.9590148925781,559.3156127929688,293.28009033203125,547.9027709960938,293.5352478027344,561.80859375,317.9765625,552.4454956054688,318.4902648925781,565.9847412109375,341.45343017578125,558.0165405273438,341.56024169921875
548.2769165039062,254.10479736328125,550.2860107421875,251.43319702148438,545.9783935546875,251.73260498046875,553.3395385742188,252.06268310546875,543.261962890625,252.89462280273438,559.215576171875,263.3237609863281,540.9820556640625,264.9167175292969,568.0009155273438,278.58880615234375,537.55322265625,281.1734619140625,572.0950317382812,294.96759033203125,539.1734008789062,296.2348937988281,560.6930541992188,294.9411926269531,549.2213134765625,295.7261962890625,564.5335083007812,318.6177062988281,551.1151123046875,319.39691162109375,567.3569946289062,341.67596435546875,553.24169921875,342.21722412109375
545.6617431640625,254.62567138671875,547.817138671875,251.9610595703125,543.8240356445312,252.20803833007812,552.2348022460938,252.91275024414062,541.7698364257812,253.55377197265625,559.553466796875,265.88983154296875,540.240966796875,267.3095397949219,569.5430908203125,282.6703186035156,536.7251586914062,284.7860107421875,572.0304565429688,301.1061706542969,536.1568603515625,301.916015625,561.6279907226562,298.19000244140625,549.7139282226562,298.78765869140625,563.1177978515625,320.09014892578125,551.4937744140625,320.4722595214844,570.578369140625,342.43701171875,559.703125,342.3941955566406
545.6445922851562,254.56463623046875,547.7935791015625,251.90423583984375,543.8148193359375,252.15017700195312,552.1979370117188,252.86590576171875,541.7742309570312,253.50283813476562,559.4981079101562,265.85205078125,540.2855834960938,267.27166748046875,569.4694213867188,282.66339111328125,536.8372802734375,284.77557373046875,571.9730834960938,301.1811828613281,536.27392578125,301.9805603027344,561.6259155273438,298.1726379394531,549.7892456054688,298.774658203125,563.1514282226562,320.1441345214844,551.7650756835938,320.5338134765625,570.6044921875,342.4665222167969,560.0399169921875,342.4227600097656
545.2046508789062,256.1433410644531,547.4987182617188,253.507568359375,543.266357421875,253.7635498046875,552.3236694335938,254.7574462890625,541.0401000976562,255.43475341796875,559.8545532226562,267.80157470703125,539.3912353515625,269.4288330078125,571.3115234375,284.4107360839844,537.2254028320312,287.29083251953125,574.0888061523438,302.5501708984375,537.9076538085938,303.6208190917969,561.3272705078125,300.42279052734375,548.8558349609375,301.17657470703125,563.4047241210938,323.3492126464844,553.4068603515625,323.9109191894531,571.168701171875,346.69775390625,563.2431640625,346.7510986328125
547.338623046875,257.5491943359375,549.3082885742188,254.39556884765625,545.0384521484375,255.01882934570312,553.5005493164062,254.39486694335938,542.656982421875,256.1647033691406,560.7411499023438,266.2081604003906,541.4381103515625,268.5931396484375,570.7957763671875,281.1236877441406,536.1988525390625,284.30792236328125,573.5922241210938,297.67669677734375,535.110107421875,299.3695068359375,562.376220703125,298.5815124511719,550.6468505859375,299.51983642578125,563.6817016601562,324.78302001953125,554.7728271484375,325.64898681640625,568.4261474609375,350.7231140136719,561.1013793945312,351.0229797363281
547.9475708007812,256.476318359375,549.7301635742188,253.37332153320312,545.4784545898438,254.01593017578125,553.58740234375,253.5242919921875,542.1422729492188,255.26129150390625,560.4752197265625,265.4732360839844,540.1455078125,267.9941101074219,571.953125,279.9774169921875,535.235595703125,283.9790344238281,575.2418212890625,295.5329284667969,535.0704345703125,297.7331237792969,561.9871215820312,299.3377685546875,549.6010131835938,300.44573974609375,564.40283203125,325.3805847167969,555.6068725585938,326.11688232421875,568.300537109375,350.6602478027344,561.88671875,351.0948486328125
548.2691650390625,256.1941833496094,550.4010009765625,253.022705078125,545.8579711914062,253.5443115234375,554.4963989257812,253.0877685546875,543.06396484375,254.52548217773438,562.1121215820312,265.4883728027344,541.0840454101562,267.5586242675781,572.6654663085938,281.6094665527344,535.7392578125,284.3541259765625,575.5262451171875,295.8534851074219,535.5908813476562,297.19976806640625,563.3637084960938,302.1981506347656,550.7711181640625,303.08209228515625,563.6805419921875,331.5792236328125,556.4031982421875,332.3662109375,566.4996337890625,359.93341064453125,562.3619995117188,360.23028564453125
547.8892822265625,256.9584655761719,549.9026489257812,253.72006225585938,545.5924072265625,254.2413330078125,554.7574462890625,253.80307006835938,542.4893188476562,255.22140502929688,562.947021484375,266.6474609375,540.9778442382812,268.3861389160156,574.8233642578125,282.2915954589844,534.1451416015625,284.458740234375,576.79736328125,296.48760986328125,530.6450805664062,296.9444885253906,563.1318969726562,302.9715881347656,549.8048095703125,303.5649719238281,563.0508422851562,333.51910400390625,554.7091674804688,333.7797546386719,566.6414794921875,363.409423828125,560.7078857421875,363.04644775390625
547.9338989257812,257.34906005859375,550.0328979492188,254.15335083007812,545.672607421875,254.7186279296875,554.4320068359375,254.11712646484375,543.2069091796875,255.69345092773438,562.8572998046875,266.57122802734375,541.3787841796875,268.65887451171875,573.8829345703125,282.6055603027344,534.6973266601562,285.0380859375,576.5639038085938,297.0559387207031,532.5714721679688,298.12457275390625,563.4814453125,303.6554870605469,550.7076416015625,304.42657470703125,563.2029418945312,333.2049560546875,555.78955078125,333.8927307128906,566.0133056640625,362.2073059082031,561.5377197265625,362.3394775390625
547.6282958984375,257.0395202636719,549.6576538085938,253.80087280273438,545.3421630859375,254.291748046875,554.4437866210938,253.83755493164062,542.2637329101562,255.15890502929688,562.5506591796875,266.725830078125,540.7973022460938,268.368896484375,574.6128540039062,282.24273681640625,533.826416015625,284.3533630371094,577.4754028320312,296.14276123046875,529.7454223632812,296.5513610839844,562.777099609375,303.4924011230469,549.5193481445312,304.0504455566406,563.2783203125,334.27093505859375,553.611083984375,334.50836181640625,567.1515502929688,363.8435363769531,558.7806396484375,363.4996337890625
546.7725830078125,256.3525695800781,548.8356323242188,253.09921264648438,544.4242553710938,253.583740234375,553.4860229492188,253.21139526367188,541.3211059570312,254.51956176757812,561.2232666015625,266.3201599121094,540.1631469726562,268.0503845214844,573.12646484375,282.3439636230469,533.4998779296875,284.720947265625,577.3413696289062,298.4680480957031,529.17236328125,299.0877685546875,562.0092163085938,303.62982177734375,549.0902709960938,304.22509765625,563.7144775390625,334.15234375,552.5474243164062,334.4525146484375,568.1658325195312,362.6648254394531,556.974853515625,362.44537353515625
545.6326293945312,257.257568359375,547.7308959960938,254.05117797851562,543.4894409179688,254.44879150390625,552.19580078125,254.00698852539062,540.7593994140625,255.13296508789062,559.5048217773438,266.7662353515625,539.69189453125,268.49090576171875,570.6798095703125,283.5163879394531,534.349365234375,286.1813049316406,575.24267578125,300.8237609863281,531.5170288085938,301.5585021972656,560.5311279296875,304.2298278808594,548.2540283203125,304.8629150390625,563.4449462890625,335.6198425292969,550.74169921875,335.9789123535156,567.6812744140625,364.9776611328125,553.8538818359375,364.95269775390625
544.9209594726562,258.9583740234375,547.2014770507812,255.9344482421875,543.1863403320312,255.98834228515625,551.4752197265625,255.88983154296875,540.8297119140625,256.1402282714844,557.5398559570312,267.78546142578125,539.7020874023438,268.7398986816406,567.632080078125,284.8113098144531,536.0554809570312,286.68817138671875,572.9989013671875,302.7112731933594,534.7951049804688,302.7256164550781,557.7777099609375,303.58709716796875,546.625244140625,303.921630859375,562.1435546875,334.70782470703125,548.8521118164062,334.9452819824219,567.4085083007812,364.31781005859375,551.89404296875,364.2425537109375
542.8433227539062,260.5737609863281,544.7899780273438,257.394775390625,541.296875,257.6981201171875,549.0077514648438,257.1766052246094,539.4935913085938,258.185302734375,556.7163696289062,269.71917724609375,538.5247192382812,271.6651306152344,568.7702026367188,287.5116271972656,535.5979614257812,290.9499206542969,573.7217407226562,306.911865234375,533.2021484375,307.9592590332031,556.3866577148438,308.21478271484375,545.2869262695312,308.8888854980469,560.002685546875,340.4580993652344,547.1629028320312,341.0075988769531,565.70654296875,370.90472412109375,550.720703125,371.2159729003906
542.7946166992188,260.5643310546875,544.7307739257812,257.3748779296875,541.2423095703125,257.697509765625,548.9755859375,257.13946533203125,539.4454956054688,258.2057800292969,556.7122192382812,269.6961669921875,538.591552734375,271.70550537109375,568.781005859375,287.49139404296875,535.7151489257812,291.015869140625,573.6658935546875,306.8231201171875,533.2418212890625,307.9158935546875,556.4545288085938,308.29180908203125,545.396240234375,308.9879150390625,560.031982421875,340.59930419921875,547.2525634765625,341.1584777832031,565.7685546875,371.06781005859375,550.81494140625,371.3901672363281
541.21630859375,263.5658264160156,543.066162109375,260.48223876953125,539.3948974609375,260.89764404296875,548.1455688476562,260.35052490234375,538.4174194335938,261.65179443359375,557.0131225585938,273.92523193359375,537.41064453125,276.3970031738281,569.2222290039062,291.17401123046875,536.8295288085938,295.7373046875,572.6787109375,310.44879150390625,536.4012451171875,311.39593505859375,556.9991455078125,311.47406005859375,544.392822265625,312.6409912109375,560.6140747070312,343.78125,545.5244750976562,344.9915466308594,566.4794311523438,375.39398193359375,550.21240234375,376.0926208496094
539.6181640625,271.1784362792969,541.8857421875,268.0466003417969,538.4373779296875,268.0281982421875,546.4478759765625,267.82220458984375,537.4170532226562,268.0143127441406,554.1983032226562,279.6500244140625,537.32568359375,280.8438415527344,565.5798950195312,295.8272705078125,536.6456298828125,298.432861328125,570.9468994140625,314.3171081542969,534.7852783203125,314.12017822265625,553.8786010742188,314.0281066894531,543.3090209960938,314.32440185546875,558.3798217773438,347.1510314941406,542.6220703125,347.45135498046875,564.2645874023438,378.665771484375,544.051513671875,378.63134765625
