x0,y0,x1,y1,x2,y2,x3,y3,x4,y4,x5,y5,x6,y6,x7,y7,x8,y8,x9,y9,x10,y10,x11,y11,x12,y12,x13,y13,x14,y14,x15,y15,x16,y16
829.4508056640625,366.62713623046875,833.9708862304688,362.40032958984375,826.8191528320312,361.9020080566406,842.4747314453125,365.01385498046875,821.8474731445312,363.7837829589844,849.600341796875,387.31072998046875,820.2584838867188,384.7145690917969,853.8385620117188,411.55035400390625,811.2387084960938,404.3724060058594,840.5905151367188,408.58551025390625,806.9273071289062,402.93157958984375,843.84423828125,439.66162109375,824.9144897460938,438.064208984375,840.097412109375,481.93377685546875,828.341552734375,480.52752685546875,852.53369140625,529.84814453125,844.7537841796875,526.7911987304688
829.8469848632812,369.17352294921875,833.8670654296875,365.6007080078125,825.590087890625,364.7918701171875,839.7315673828125,368.7308349609375,820.14404296875,366.49273681640625,846.0740966796875,392.3380126953125,819.7216796875,383.05743408203125,852.791259765625,422.20062255859375,805.6851196289062,397.19818115234375,838.94970703125,430.99713134765625,799.5245361328125,395.902587890625,848.93505859375,441.93572998046875,832.489501953125,437.0167236328125,834.598388671875,486.92230224609375,822.169189453125,480.4818115234375,852.4945068359375,529.4500732421875,839.8536987304688,519.4660034179688
823.3330078125,376.583251953125,826.9119873046875,372.5965576171875,822.71337890625,372.0662841796875,835.0805053710938,373.79998779296875,821.55908203125,372.63629150390625,845.4255981445312,392.18096923828125,824.3511962890625,389.71051025390625,848.9844360351562,413.772705078125,816.7677001953125,406.17926025390625,834.4282836914062,411.322265625,802.957763671875,404.5965576171875,842.7442016601562,440.32659912109375,829.4718017578125,438.31951904296875,834.5943603515625,482.22296142578125,826.826904296875,480.6307373046875,851.64501953125,532.162353515625,844.3433837890625,528.691650390625
823.27294921875,376.68231201171875,826.822265625,372.68756103515625,822.6317138671875,372.17352294921875,834.9615478515625,373.845703125,821.4400634765625,372.722900390625,845.4276123046875,392.154541015625,824.20849609375,389.7419128417969,849.2147827148438,413.80499267578125,816.740478515625,406.3296203613281,834.7366943359375,411.74810791015625,803.0344848632812,405.0911865234375,842.869384765625,440.1773986816406,829.5091552734375,438.2027893066406,834.7088623046875,482.13153076171875,826.8582763671875,480.55902099609375,851.6995239257812,532.144287109375,844.3751220703125,528.7014770507812
823.2703857421875,361.6167297363281,827.1033935546875,358.3301696777344,821.002197265625,357.0084228515625,834.8638916015625,361.54107666015625,820.7785034179688,357.5577392578125,842.6658325195312,386.29730224609375,820.5455322265625,371.39599609375,850.5910034179688,415.99005126953125,796.6290893554688,378.1430969238281,843.4390869140625,434.3375244140625,784.2811279296875,378.78558349609375,847.0054931640625,435.537353515625,833.1849975585938,427.7794189453125,831.3563232421875,484.8368225097656,818.81298828125,474.9324645996094,854.14892578125,530.7838134765625,838.3558349609375,516.1905517578125
818.231201171875,357.53338623046875,822.3905639648438,354.08099365234375,815.853271484375,353.4613952636719,831.9332885742188,357.3714599609375,816.3524780273438,355.447265625,840.6083984375,379.9043884277344,816.4169311523438,371.3018798828125,837.77294921875,399.99700927734375,790.8214111328125,379.85064697265625,820.16162109375,394.0244140625,777.8432006835938,379.87554931640625,843.6573486328125,435.554443359375,828.371337890625,430.8269348144531,833.1474609375,485.1213684082031,821.924560546875,477.549560546875,853.493408203125,529.3811645507812,838.877197265625,517.166015625
818.5940551757812,356.21673583984375,822.2275390625,352.6593017578125,816.67919921875,352.31439208984375,831.9161376953125,354.6863708496094,816.98388671875,353.693603515625,843.5732421875,374.5851745605469,814.6190185546875,369.8848571777344,839.1512451171875,396.33489990234375,793.4067993164062,384.10675048828125,808.60205078125,388.59869384765625,777.989013671875,383.6954040527344,843.8619384765625,428.8675231933594,825.4725341796875,425.98504638671875,837.9735717773438,477.14263916015625,823.6016845703125,472.4326171875,848.0870361328125,523.8456420898438,838.4971923828125,516.612548828125
816.9332885742188,349.8987121582031,820.4176025390625,346.4264831542969,815.6284790039062,345.81048583984375,829.674072265625,348.7539367675781,817.2213134765625,347.3067321777344,841.1874389648438,369.22174072265625,814.1424560546875,363.989013671875,846.335693359375,393.0887451171875,793.651611328125,378.8868408203125,825.508544921875,392.8402404785156,776.576416015625,379.88763427734375,839.9236450195312,423.7784729003906,823.3870239257812,420.8443908691406,835.3203735351562,472.3218994140625,824.2556762695312,468.4735107421875,845.0123291015625,521.1583862304688,836.93212890625,515.6571044921875
817.0792236328125,349.845458984375,820.602294921875,346.36859130859375,815.697021484375,345.75341796875,829.8189697265625,348.7116394042969,817.034912109375,347.27557373046875,841.17041015625,369.2535095214844,813.8564453125,364.0438232421875,846.4846801757812,393.17877197265625,793.203857421875,378.9029846191406,825.985595703125,393.1615905761719,776.2908325195312,379.8811340332031,839.9207153320312,423.82879638671875,823.22314453125,420.93426513671875,835.4324340820312,472.36602783203125,824.3278198242188,468.58380126953125,845.141845703125,521.2216796875,836.9701538085938,515.83642578125
821.1241455078125,342.5120849609375,825.1107788085938,337.78057861328125,818.7108764648438,337.94189453125,833.8921508789062,338.73663330078125,815.0843505859375,339.2068786621094,842.81201171875,359.78668212890625,814.0314331054688,358.0252990722656,839.9505615234375,386.9143981933594,798.6180419921875,378.5971984863281,815.391357421875,391.38812255859375,787.401611328125,386.2473449707031,838.0108642578125,416.1764831542969,818.992431640625,414.62286376953125,832.9824829101562,465.802978515625,821.3165283203125,464.4128723144531,839.6597900390625,515.1846923828125,832.8308715820312,511.75689697265625
824.5625,336.3040771484375,828.9200439453125,332.0415344238281,822.01025390625,331.4710693359375,836.5401611328125,333.83477783203125,817.4453125,332.0592041015625,843.3538818359375,354.9996643066406,811.4970703125,351.54571533203125,847.3017578125,381.54290771484375,794.5482788085938,373.26513671875,837.5982666015625,393.0738525390625,784.5242919921875,387.86920166015625,835.5799560546875,409.7801513671875,816.0008544921875,407.99591064453125,831.033935546875,460.8837890625,820.5650634765625,459.41583251953125,837.213623046875,510.5343017578125,830.858154296875,507.84259033203125
825.1536865234375,331.9744567871094,828.9705810546875,328.5315856933594,822.0177001953125,327.856201171875,834.6536865234375,332.0421142578125,816.7767333984375,330.3410949707031,838.3397827148438,355.1796569824219,809.6114501953125,350.0699462890625,848.0147094726562,381.77197265625,791.4078369140625,363.08343505859375,839.7344970703125,397.8875427246094,788.03564453125,362.8231201171875,831.331787109375,409.7529296875,814.5518188476562,408.0557861328125,826.41552734375,460.0494689941406,822.8710327148438,459.6009521484375,828.768798828125,507.1158142089844,831.9569091796875,508.6932373046875
825.27490234375,330.7851257324219,828.8875122070312,327.4767150878906,822.2952880859375,326.7850341796875,833.6434326171875,330.8541259765625,817.214111328125,329.15472412109375,837.0843505859375,352.7958984375,809.4329223632812,348.18341064453125,847.3873901367188,377.9889221191406,792.0546875,362.2001953125,842.762939453125,392.39013671875,788.136474609375,364.4693298339844,828.2117919921875,406.3620300292969,812.7950439453125,404.783203125,818.3675537109375,455.7455749511719,820.642578125,455.04022216796875,820.185546875,501.48095703125,833.3028564453125,502.2351379394531
825.2265014648438,330.80206298828125,828.8411865234375,327.4948425292969,822.26220703125,326.8038635253906,833.6402587890625,330.86712646484375,817.2249755859375,329.1693115234375,837.10302734375,352.8135986328125,809.474853515625,348.1857604980469,847.3998413085938,378.0118103027344,792.064697265625,362.16436767578125,842.7621459960938,392.4011535644531,788.2171630859375,364.34808349609375,828.212646484375,406.39202880859375,812.807861328125,404.80352783203125,818.39599609375,455.7757873535156,820.646484375,455.0609436035156,820.213623046875,501.54437255859375,833.2699584960938,502.286865234375
823.9364013671875,329.9569396972656,828.31982421875,325.77337646484375,820.9813842773438,325.0865783691406,835.3152465820312,328.423095703125,815.576416015625,326.3352355957031,841.349853515625,351.63140869140625,807.3519287109375,347.9298095703125,849.11865234375,378.4992370605469,789.4597778320312,370.559814453125,845.2298583984375,390.7497253417969,780.9505615234375,385.78314208984375,829.725830078125,409.4061584472656,809.1529541015625,407.3938293457031,822.6214599609375,456.8605041503906,811.026123046875,455.23876953125,823.864013671875,503.91015625,816.78857421875,501.6252136230469
823.9051513671875,329.9366455078125,828.3197021484375,325.7451171875,820.938720703125,325.0491943359375,835.3905029296875,328.3902282714844,815.52734375,326.27703857421875,841.4647216796875,351.6253967285156,807.3165283203125,347.8760986328125,849.239501953125,378.6211853027344,789.3609008789062,370.580810546875,845.2886962890625,391.15814208984375,780.7347412109375,386.10986328125,829.7755737304688,409.36651611328125,809.0978393554688,407.3258056640625,822.623779296875,456.83111572265625,810.9312744140625,455.1887512207031,823.9136962890625,503.90655517578125,816.7633666992188,501.5819091796875
822.358642578125,332.0563659667969,826.4642944335938,327.88909912109375,819.6637573242188,327.2760009765625,833.3663330078125,330.0814514160156,814.6217041015625,328.3626708984375,839.7002563476562,352.22711181640625,807.5289306640625,349.0816955566406,847.3412475585938,379.3203125,791.9124755859375,372.26861572265625,842.3146362304688,392.5841064453125,784.2108764648438,387.766845703125,828.5576171875,409.2562255859375,808.8667602539062,407.37646484375,821.2402954101562,456.6997375488281,809.23974609375,455.17315673828125,822.3297119140625,503.79638671875,814.4102783203125,501.56964111328125
820.7546997070312,334.71270751953125,824.8619384765625,330.6094665527344,818.4105834960938,329.9306945800781,832.2182006835938,332.644287109375,813.9114990234375,330.86279296875,838.821533203125,354.5025329589844,807.7642822265625,351.2159423828125,846.9818115234375,382.59124755859375,793.15673828125,375.14520263671875,841.6795654296875,399.11956787109375,783.1529541015625,393.5592041015625,826.62548828125,409.2583923339844,807.6747436523438,407.170654296875,817.3377685546875,454.9961242675781,806.60302734375,453.3372802734375,820.4947509765625,502.9054870605469,814.0352783203125,500.31201171875
820.7719116210938,334.7596435546875,824.8745727539062,330.66058349609375,818.4232177734375,329.98394775390625,832.2247924804688,332.6995849609375,813.9021606445312,330.9217529296875,838.8184204101562,354.5269775390625,807.686767578125,351.250244140625,847.0262451171875,382.48724365234375,793.10205078125,375.086181640625,841.680908203125,398.6527099609375,783.2741088867188,393.132568359375,826.5781860351562,409.20697021484375,807.5772705078125,407.1329040527344,817.3436279296875,454.9644470214844,806.5486450195312,453.31463623046875,820.490966796875,502.87353515625,813.986083984375,500.29925537109375
821.3706665039062,334.61370849609375,825.87158203125,330.5276184082031,819.299072265625,329.5730895996094,833.9268798828125,332.57861328125,815.2935791015625,330.1025085449219,840.362548828125,354.4945068359375,809.3600463867188,350.20855712890625,846.0390014648438,384.38995361328125,795.1188354492188,374.8666076660156,837.9039916992188,403.42828369140625,785.7123413085938,396.22869873046875,827.1710205078125,408.81158447265625,808.1251220703125,406.2122497558594,817.298828125,455.0423583984375,806.9697265625,453.0057373046875,819.32568359375,502.6070556640625,813.92919921875,499.4471740722656
823.6231689453125,331.2746887207031,826.8070678710938,327.7030334472656,821.0240478515625,327.3403625488281,832.0848388671875,330.55950927734375,815.9434204101562,329.5116882324219,836.74658203125,354.6192626953125,807.3505859375,348.73724365234375,846.3271484375,382.994384765625,787.4041748046875,360.149169921875,838.179443359375,408.78076171875,789.848388671875,362.5494384765625,824.3955688476562,405.65667724609375,806.940185546875,403.007080078125,818.3753662109375,454.136962890625,811.0823974609375,451.9719543457031,814.51513671875,500.3189392089844,815.1890258789062,498.12396240234375
823.6202392578125,331.1837158203125,826.8172607421875,327.6142578125,821.0374755859375,327.245849609375,832.14111328125,330.4902648925781,815.9949951171875,329.4287414550781,836.79736328125,354.59100341796875,807.412841796875,348.6634521484375,846.3136596679688,383.01068115234375,787.4295043945312,360.05023193359375,838.1290283203125,408.8074035644531,789.9140625,362.4436340332031,824.3692626953125,405.61907958984375,806.9173583984375,402.94384765625,818.3062133789062,454.13525390625,811.0299682617188,451.93450927734375,814.498779296875,500.3616027832031,815.1806030273438,498.12432861328125
823.635498046875,328.71295166015625,826.9667358398438,325.15472412109375,820.99560546875,324.78485107421875,832.6605224609375,328.4514465332031,815.9961547851562,327.39410400390625,837.4546508789062,353.349853515625,807.3450927734375,348.0339660644531,847.6605224609375,381.5213928222656,787.6437377929688,360.97589111328125,840.6417236328125,407.6708984375,789.7470703125,365.40087890625,825.4004516601562,405.2061767578125,807.6725463867188,402.8011474609375,819.756591796875,453.94610595703125,812.974365234375,452.1700439453125,814.1596069335938,499.7925109863281,816.3572387695312,498.3518371582031
823.682861328125,328.64410400390625,827.0088500976562,325.08648681640625,821.0234375,324.7291564941406,832.6656494140625,328.419677734375,816.0125732421875,327.3990478515625,837.4149169921875,353.35833740234375,807.4129028320312,348.12359619140625,847.589599609375,381.58074951171875,787.8314208984375,361.12744140625,840.60205078125,407.6463317871094,789.7423095703125,365.2989807128906,825.401123046875,405.1894226074219,807.7445068359375,402.8260803222656,819.7601318359375,453.93292236328125,813.05322265625,452.23577880859375,814.1038818359375,499.7359313964844,816.3411254882812,498.41986083984375
825.4641723632812,328.59930419921875,828.72802734375,325.56298828125,822.5333251953125,324.8740234375,833.2952880859375,329.22418212890625,817.6544189453125,327.4078369140625,838.41748046875,352.79681396484375,808.674072265625,345.5444030761719,847.1072998046875,379.27496337890625,789.1077880859375,358.55035400390625,843.6031494140625,401.07257080078125,789.6432495117188,365.5366516113281,826.9077758789062,403.0476379394531,809.820068359375,399.76702880859375,819.4312133789062,449.107666015625,814.1541137695312,446.176025390625,815.60986328125,493.2118835449219,820.771484375,490.46173095703125
825.0338134765625,328.7463684082031,828.291259765625,325.3003845214844,822.7786865234375,324.8178405761719,834.0380859375,328.26617431640625,818.432861328125,326.9446105957031,839.859130859375,351.44171142578125,810.2817993164062,345.14666748046875,850.5814208984375,378.24017333984375,788.0411376953125,356.080078125,843.5740356445312,403.99664306640625,787.9118041992188,362.2760925292969,829.700439453125,397.6346435546875,812.1406860351562,394.560302734375,819.9326171875,445.948974609375,812.2906494140625,442.79638671875,821.4561767578125,491.0128173828125,821.6951904296875,487.00091552734375
829.19384765625,322.3302001953125,832.851806640625,319.20989990234375,826.6847534179688,318.3538818359375,838.2567138671875,322.5609130859375,823.1802978515625,320.6477355957031,843.4776611328125,345.3270263671875,815.8145141601562,339.15740966796875,850.000244140625,373.89239501953125,798.832763671875,357.0322265625,843.5864868164062,397.908203125,790.503173828125,371.51025390625,832.7415161132812,394.1661071777344,816.9662475585938,390.9368896484375,819.79443359375,440.060302734375,814.8294677734375,437.07568359375,821.58203125,483.017822265625,826.98486328125,479.85491943359375
829.385986328125,322.3691101074219,832.9912719726562,319.25714111328125,826.8641967773438,318.4200134277344,838.2664794921875,322.6279296875,823.3155517578125,320.755859375,843.48681640625,345.4394836425781,815.8516845703125,339.27398681640625,849.993896484375,373.9237976074219,798.769775390625,356.9707946777344,843.6948852539062,397.92779541015625,790.4815673828125,371.17242431640625,832.6909790039062,394.2948303222656,816.9417114257812,391.07861328125,819.92138671875,440.163330078125,814.9779052734375,437.20208740234375,821.5654296875,483.06719970703125,827.02099609375,479.9242858886719
829.420654296875,322.4695129394531,833.0150146484375,319.35052490234375,826.8758544921875,318.5149841308594,838.247802734375,322.68133544921875,823.2427978515625,320.80194091796875,843.446533203125,345.4490966796875,815.74560546875,339.2776794433594,849.9927978515625,373.89056396484375,798.60107421875,356.96600341796875,843.7300415039062,397.88189697265625,790.402099609375,371.2978820800781,832.7418823242188,394.1910095214844,816.9530029296875,390.97918701171875,820.0216064453125,439.9393615722656,814.9964599609375,436.96710205078125,821.5464477539062,482.7974853515625,826.9231567382812,479.6386413574219
835.762451171875,315.0063781738281,839.2415771484375,311.5903625488281,833.196044921875,310.6567687988281,844.224365234375,313.53564453125,829.0577392578125,311.3835144042969,848.1483154296875,334.0118408203125,822.86181640625,330.0340576171875,855.7564086914062,361.20257568359375,809.7357177734375,352.152587890625,845.2452392578125,383.25311279296875,801.8424682617188,372.4813232421875,837.314697265625,382.52679443359375,822.6632080078125,380.34881591796875,826.6019897460938,429.2062683105469,822.5770263671875,426.81378173828125,828.7194213867188,474.3485412597656,832.2703857421875,470.4520568847656
843.4779052734375,308.00189208984375,846.8681640625,304.5675354003906,840.5738525390625,303.65533447265625,850.8995361328125,307.0796813964844,835.369384765625,304.8880615234375,852.9563598632812,328.6864929199219,828.6026611328125,325.03375244140625,854.9156494140625,357.163330078125,817.2867431640625,349.51885986328125,839.8694458007812,378.92315673828125,810.7286376953125,371.82147216796875,843.3543701171875,376.5564880371094,828.65625,374.5203552246094,834.1082763671875,422.6545715332031,826.8202514648438,420.4693603515625,833.4990234375,469.52008056640625,831.9105224609375,465.95404052734375
847.3314208984375,305.090576171875,850.5054931640625,301.590576171875,844.3009643554688,300.77960205078125,853.7052001953125,303.84478759765625,839.037841796875,301.9444885253906,855.4671630859375,325.1703186035156,832.5247802734375,322.4888916015625,856.4693603515625,353.6525573730469,822.8688354492188,348.53857421875,841.5557861328125,376.60186767578125,815.6658325195312,372.0897216796875,846.9266967773438,374.3498840332031,832.3467407226562,372.70489501953125,839.9097900390625,420.0738525390625,826.524658203125,418.4132995605469,841.398193359375,465.47607421875,828.4784545898438,462.0427551269531
851.3258056640625,300.61370849609375,854.60693359375,297.12493896484375,848.0958251953125,296.3887939453125,857.7274169921875,300.51971435546875,842.7845458984375,298.65118408203125,857.8815307617188,323.6309509277344,837.04248046875,320.9752502441406,856.7374877929688,351.392333984375,824.337890625,345.889404296875,841.6314697265625,370.42626953125,814.5284423828125,366.764892578125,851.728515625,374.21063232421875,838.93017578125,372.63427734375,841.0615234375,417.766357421875,831.931640625,416.3896179199219,841.8616333007812,461.615234375,833.4320068359375,459.3189697265625
851.1597900390625,300.49920654296875,854.4303588867188,297.02154541015625,847.9727783203125,296.2811279296875,857.5856323242188,300.4344482421875,842.7764892578125,298.5576171875,857.8631591796875,323.53143310546875,837.0298461914062,320.85986328125,856.9970703125,351.18408203125,824.270751953125,345.6836242675781,842.1509399414062,370.3922424316406,814.4710693359375,366.7159423828125,851.630126953125,374.1515808105469,838.8821411132812,372.5631408691406,840.8348388671875,417.6978759765625,831.98974609375,416.3017578125,841.604736328125,461.5412292480469,833.6473388671875,459.2057189941406
850.51806640625,302.21490478515625,853.9813232421875,298.88323974609375,848.150634765625,298.08685302734375,858.683349609375,302.1490478515625,844.7828369140625,300.2607421875,859.9771728515625,324.32373046875,839.131103515625,321.54302978515625,854.447021484375,351.9410705566406,825.55810546875,346.075927734375,835.6134033203125,369.3087158203125,816.6134033203125,365.28289794921875,853.84912109375,373.69573974609375,839.6654052734375,371.96746826171875,847.9345703125,415.4735412597656,828.4869384765625,413.8896789550781,854.254150390625,458.7118835449219,828.4652709960938,455.987060546875
851.6131591796875,304.0966491699219,855.2559814453125,300.5391540527344,849.451171875,300.0691833496094,860.417724609375,303.6471862792969,845.5076293945312,302.466552734375,863.3583984375,325.459716796875,838.8681640625,322.816162109375,860.3326416015625,351.88427734375,823.5518188476562,344.62860107421875,848.1158447265625,364.5129089355469,817.8477172851562,360.95245361328125,854.0479736328125,375.5014343261719,837.64990234375,373.84991455078125,853.4588012695312,415.5235595703125,831.0753173828125,414.18939208984375,855.4971313476562,455.7964782714844,830.6575927734375,453.81854248046875
857.254150390625,312.0386962890625,860.2769165039062,308.68896484375,854.5372924804688,308.38446044921875,864.36767578125,310.924560546875,849.9618530273438,310.2479248046875,866.652587890625,330.3498840332031,843.0655517578125,328.872314453125,857.1883544921875,352.81488037109375,829.783447265625,349.0961608886719,835.5423583984375,359.6221618652344,824.9620971679688,359.2923889160156,859.7631225585938,377.94805908203125,843.6005859375,376.958984375,857.2022705078125,417.0953063964844,835.7689819335938,416.01434326171875,863.0198364257812,456.93865966796875,838.777099609375,455.0120544433594
860.8555297851562,314.9931640625,863.7445068359375,311.8976745605469,858.792236328125,311.16455078125,866.842529296875,313.9833068847656,855.543212890625,312.16241455078125,867.949951171875,332.04193115234375,847.7392578125,328.5390319824219,858.7377319335938,352.1589660644531,835.830078125,346.2646789550781,841.08349609375,352.505615234375,832.9029541015625,353.15374755859375,860.4739379882812,376.9468688964844,846.5499267578125,375.01678466796875,857.6505126953125,415.4769287109375,837.881591796875,412.8787536621094,862.3211059570312,453.0253601074219,840.32275390625,448.62591552734375
860.9111938476562,314.81097412109375,863.767822265625,311.7113342285156,858.841796875,310.9942626953125,866.8050537109375,313.810546875,855.6011352539062,312.0238037109375,867.91943359375,331.8919982910156,847.8143310546875,328.4136657714844,858.6666259765625,352.01580810546875,835.9647216796875,346.14300537109375,841.036865234375,352.4013671875,833.0203857421875,353.08087158203125,860.412841796875,376.83270263671875,846.5406494140625,374.9129333496094,857.7371826171875,415.35443115234375,837.880126953125,412.7569885253906,862.383544921875,452.8737487792969,840.17041015625,448.4644775390625
0.0,0.0,0.0,0.0,0.0,0.0,0.0,0.0,0.0,0.0,0.0,0.0,0.0,0.0,0.0,0.0,0.0,0.0,0.0,0.0,0.0,0.0,0.0,0.0,0.0,0.0,0.0,0.0,0.0,0.0,0.0,0.0,0.0,0.0
0.0,0.0,0.0,0.0,0.0,0.0,0.0,0.0,0.0,0.0,0.0,0.0,0.0,0.0,0.0,0.0,0.0,0.0,0.0,0.0,0.0,0.0,0.0,0.0,0.0,0.0,0.0,0.0,0.0,0.0,0.0,0.0,0.0,0.0
0.0,0.0,0.0,0.0,0.0,0.0,0.0,0.0,0.0,0.0,0.0,0.0,0.0,0.0,0.0,0.0,0.0,0.0,0.0,0.0,0.0,0.0,0.0,0.0,0.0,0.0,0.0,0.0,0.0,0.0,0.0,0.0,0.0,0.0
0.0,0.0,0.0,0.0,0.0,0.0,0.0,0.0,0.0,0.0,0.0,0.0,0.0,0.0,0.0,0.0,0.0,0.0,0.0,0.0,0.0,0.0,0.0,0.0,0.0,0.0,0.0,0.0,0.0,0.0,0.0,0.0,0.0,0.0
0.0,0.0,0.0,0.0,0.0,0.0,0.0,0.0,0.0,0.0,0.0,0.0,0.0,0.0,0.0,0.0,0.0,0.0,0.0,0.0,0.0,0.0,0.0,0.0,0.0,0.0,0.0,0.0,0.0,0.0,0.0,0.0,0.0,0.0
0.0,0.0,0.0,0.0,0.0,0.0,0.0,0.0,0.0,0.0,0.0,0.0,0.0,0.0,0.0,0.0,0.0,0.0,0.0,0.0,0.0,0.0,0.0,0.0,0.0,0.0,0.0,0.0,0.0,0.0,0.0,0.0,0.0,0.0
0.0,0.0,0.0,0.0,0.0,0.0,0.0,0.0,0.0,0.0,0.0,0.0,0.0,0.0,0.0,0.0,0.0,0.0,0.0,0.0,0.0,0.0,0.0,0.0,0.0,0.0,0.0,0.0,0.0,0.0,0.0,0.0,0.0,0.0
0.0,0.0,0.0,0.0,0.0,0.0,0.0,0.0,0.0,0.0,0.0,0.0,0.0,0.0,0.0,0.0,0.0,0.0,0.0,0.0,0.0,0.0,0.0,0.0,0.0,0.0,0.0,0.0,0.0,0.0,0.0,0.0,0.0,0.0
0.0,0.0,0.0,0.0,0.0,0.0,0.0,0.0,0.0,0.0,0.0,0.0,0.0,0.0,0.0,0.0,0.0,0.0,0.0,0.0,0.0,0.0,0.0,0.0,0.0,0.0,0.0,0.0,0.0,0.0,0.0,0.0,0.0,0.0
0.0,0.0,0.0,0.0,0.0,0.0,0.0,0.0,0.0,0.0,0.0,0.0,0.0,0.0,0.0,0.0,0.0,0.0,0.0,0.0,0.0,0.0,0.0,0.0,0.0,0.0,0.0,0.0,0.0,0.0,0.0,0.0,0.0,0.0
0.0,0.0,0.0,0.0,0.0,0.0,0.0,0.0,0.0,0.0,0.0,0.0,0.0,0.0,0.0,0.0,0.0,0.0,0.0,0.0,0.0,0.0,0.0,0.0,0.0,0.0,0.0,0.0,0.0,0.0,0.0,0.0,0.0,0.0
0.0,0.0,0.0,0.0,0.0,0.0,0.0,0.0,0.0,0.0,0.0,0.0,0.0,0.0,0.0,0.0,0.0,0.0,0.0,0.0,0.0,0.0,0.0,0.0,0.0,0.0,0.0,0.0,0.0,0.0,0.0,0.0,0.0,0.0
0.0,0.0,0.0,0.0,0.0,0.0,0.0,0.0,0.0,0.0,0.0,0.0,0.0,0.0,0.0,0.0,0.0,0.0,0.0,0.0,0.0,0.0,0.0,0.0,0.0,0.0,0.0,0.0,0.0,0.0,0.0,0.0,0.0,0.0
0.0,0.0,0.0,0.0,0.0,0.0,0.0,0.0,0.0,0.0,0.0,0.0,0.0,0.0,0.0,0.0,0.0,0.0,0.0,0.0,0.0,0.0,0.0,0.0,0.0,0.0,0.0,0.0,0.0,0.0,0.0,0.0,0.0,0.0
0.0,0.0,0.0,0.0,0.0,0.0,0.0,0.0,0.0,0.0,0.0,0.0,0.0,0.0,0.0,0.0,0.0,0.0,0.0,0.0,0.0,0.0,0.0,0.0,0.0,0.0,0.0,0.0,0.0,0.0,0.0,0.0,0.0,0.0
918.28271484375,303.99029541015625,920.3306884765625,300.2689208984375,916.3275146484375,299.75860595703125,920.6354370117188,301.0580749511719,910.3504638671875,299.8101806640625,922.1549072265625,310.9381103515625,899.1954345703125,307.16522216796875,934.561279296875,302.888427734375,885.7679443359375,297.17474365234375,931.5287475585938,292.5777587890625,892.5692138671875,289.14971923828125,901.7546997070312,355.340087890625,887.807861328125,353.044189453125,891.1441040039062,402.0970458984375,892.4155883789062,398.4810791015625,903.284423828125,441.4818420410156,912.5949096679688,435.95794677734375
928.0951538085938,313.80181884765625,931.45849609375,311.4522399902344,926.6878662109375,308.6634216308594,930.255615234375,312.3851623535156,919.5371704101562,305.38580322265625,926.06005859375,322.57769775390625,903.4359741210938,309.5128173828125,930.1719970703125,307.8612976074219,895.1070556640625,286.72998046875,926.89501953125,276.328125,894.2052612304688,269.5296630859375,905.204345703125,364.657470703125,888.9435424804688,358.80926513671875,910.232177734375,405.5849304199219,895.982666015625,397.04144287109375,926.161376953125,441.2813415527344,909.296875,430.71795654296875
933.263671875,306.2066650390625,936.1660766601562,303.87713623046875,931.8704833984375,301.29388427734375,933.1552734375,306.49652099609375,924.4820556640625,299.94659423828125,926.5113525390625,320.57330322265625,907.6521606445312,306.3757629394531,928.8228149414062,312.0206298828125,898.52880859375,283.12091064453125,932.1953125,285.73577880859375,897.085205078125,258.66455078125,904.4346313476562,365.7527160644531,889.34912109375,359.5650329589844,917.4676513671875,403.4052734375,893.028564453125,395.10003662109375,937.53173828125,439.0229187011719,899.1990966796875,429.6861572265625
933.8544921875,306.3634033203125,936.750732421875,304.0522155761719,932.50830078125,301.4306640625,933.6417236328125,306.58770751953125,925.1036376953125,299.93402099609375,926.677001953125,320.6136779785156,908.108642578125,306.2723388671875,928.5751953125,312.28546142578125,898.7557983398438,283.2537841796875,931.8707885742188,285.7147216796875,897.1776123046875,258.98333740234375,904.3170776367188,365.8395080566406,889.4466552734375,359.58270263671875,917.476806640625,403.49176025390625,893.2979736328125,395.0827331542969,937.3412475585938,439.04705810546875,899.2827758789062,429.62457275390625
933.346923828125,306.39349365234375,936.1729736328125,304.06610107421875,931.9937744140625,301.49017333984375,932.962646484375,306.64312744140625,924.65771484375,300.1171569824219,926.23681640625,320.619384765625,907.8319702148438,306.56109619140625,928.706787109375,311.98480224609375,898.8287353515625,283.4356689453125,932.224609375,285.57293701171875,897.257080078125,258.9222106933594,904.2674560546875,365.89697265625,889.5084228515625,359.7842102050781,917.38525390625,403.588623046875,893.3118896484375,395.3932800292969,937.4111328125,439.1730651855469,899.4376220703125,430.00799560546875
948.96142578125,314.9298400878906,950.4849853515625,312.5098876953125,947.11865234375,311.1277160644531,943.5931396484375,313.0379333496094,939.0921020507812,309.5693359375,931.95556640625,325.0426025390625,922.010986328125,315.9144287109375,936.137939453125,328.27142333984375,909.86279296875,302.4508056640625,953.2040405273438,310.5950927734375,907.4393920898438,277.92254638671875,902.3001708984375,371.28631591796875,896.6643676757812,368.03326416015625,913.031005859375,411.252685546875,911.265869140625,406.58819580078125,919.0936279296875,444.8833923339844,919.9798583984375,440.8040771484375
952.301025390625,317.3701477050781,954.2366943359375,315.145263671875,951.7761840820312,313.47705078125,949.2929077148438,317.37310791015625,947.229248046875,312.976318359375,937.6492919921875,328.4999084472656,927.6387939453125,318.40826416015625,920.91259765625,317.335205078125,909.8560791015625,299.22406005859375,922.289794921875,285.1201171875,904.010009765625,282.0015869140625,909.6124267578125,374.2559509277344,899.5966796875,369.28106689453125,926.6149291992188,414.6233825683594,896.7863159179688,406.81365966796875,939.3986206054688,447.369140625,893.75537109375,438.2381286621094
914.915283203125,302.0279541015625,917.4581909179688,299.2429504394531,913.4664916992188,298.7328186035156,919.900146484375,304.43988037109375,914.6898193359375,303.4311828613281,922.052490234375,322.458740234375,910.6832885742188,320.883056640625,933.6982421875,327.2790832519531,919.550537109375,323.58624267578125,937.1215209960938,316.7797546386719,926.9518432617188,305.54052734375,909.7131958007812,369.44036865234375,902.9981689453125,368.57208251953125,907.0953369140625,406.7060852050781,908.992919921875,406.239990234375,909.1729736328125,444.9215087890625,919.076171875,444.8822021484375
952.9815673828125,322.72515869140625,954.6531982421875,320.0784606933594,951.0723266601562,318.43817138671875,949.1119995117188,322.6202392578125,943.4971923828125,318.224853515625,939.6923828125,338.4497985839844,928.1848754882812,328.2779541015625,946.3724365234375,350.2237243652344,922.6915283203125,328.4112548828125,961.3408203125,347.07806396484375,929.5396728515625,320.6466979980469,913.0223388671875,378.16961669921875,904.7232666015625,373.6995849609375,924.4586181640625,411.718505859375,909.9532470703125,406.02642822265625,929.6229248046875,445.1001892089844,907.1806640625,440.5064697265625
954.3942260742188,322.1007385253906,956.1229248046875,319.55902099609375,952.0960693359375,318.2001953125,950.9024047851562,321.51458740234375,943.7532958984375,317.7537841796875,941.2852783203125,337.40264892578125,929.0205078125,327.7335205078125,948.6004028320312,353.6563720703125,922.2764282226562,328.432861328125,964.399658203125,354.64251708984375,928.4306030273438,320.145263671875,913.7071533203125,378.13336181640625,904.485107421875,373.97344970703125,928.1299438476562,412.84014892578125,906.8519287109375,407.06085205078125,934.645263671875,446.62030029296875,900.8270263671875,440.7946472167969
953.52392578125,323.7069091796875,955.5075073242188,320.8634948730469,952.3353271484375,319.2149658203125,951.004638671875,319.5702209472656,944.863037109375,315.7373046875,942.8712158203125,331.24517822265625,926.6798095703125,326.2628173828125,950.6678466796875,350.8870849609375,929.2188720703125,343.6121826171875,962.7357177734375,354.4732666015625,951.8025512695312,351.43682861328125,917.8387451171875,370.573486328125,903.3072509765625,368.97332763671875,934.1907348632812,405.9039001464844,890.2735595703125,403.85626220703125,945.5524291992188,443.4342956542969,880.2767944335938,444.4811096191406
951.2133178710938,321.7861633300781,953.7149047851562,318.82293701171875,949.8239135742188,317.4219055175781,950.5780029296875,318.23126220703125,942.7025756835938,315.12017822265625,941.8679809570312,331.8365478515625,925.3328857421875,328.4842529296875,950.47021484375,351.69976806640625,922.449951171875,349.01763916015625,964.6517944335938,359.2980651855469,943.80810546875,361.5458679199219,916.444580078125,371.71502685546875,904.6182861328125,370.557373046875,924.5634155273438,406.77227783203125,901.5111694335938,405.4119873046875,929.3126220703125,443.45245361328125,900.3453369140625,445.20721435546875
949.1299438476562,323.29339599609375,951.69677734375,320.21038818359375,946.8660888671875,319.12274169921875,949.096923828125,319.81634521484375,938.652587890625,317.3255615234375,939.2865600585938,334.8338928222656,924.2672119140625,331.616943359375,946.0087890625,356.08245849609375,922.1694946289062,354.2625732421875,958.7728271484375,366.205078125,942.8660888671875,370.59844970703125,913.7691650390625,372.83880615234375,905.6221923828125,371.3717041015625,915.7364501953125,410.1815185546875,917.4505004882812,407.78369140625,909.97119140625,448.569580078125,922.5034790039062,447.63616943359375
0.0,0.0,0.0,0.0,0.0,0.0,0.0,0.0,0.0,0.0,0.0,0.0,0.0,0.0,0.0,0.0,0.0,0.0,0.0,0.0,0.0,0.0,0.0,0.0,0.0,0.0,0.0,0.0,0.0,0.0,0.0,0.0,0.0,0.0
0.0,0.0,0.0,0.0,0.0,0.0,0.0,0.0,0.0,0.0,0.0,0.0,0.0,0.0,0.0,0.0,0.0,0.0,0.0,0.0,0.0,0.0,0.0,0.0,0.0,0.0,0.0,0.0,0.0,0.0,0.0,0.0,0.0,0.0
947.23828125,331.4774475097656,949.9310302734375,328.27252197265625,944.0103149414062,327.8779296875,951.9688720703125,330.5437316894531,935.7907104492188,329.0013427734375,952.19384765625,348.67620849609375,919.7113037109375,347.2228088378906,959.2260131835938,371.0305480957031,908.464599609375,375.40191650390625,963.5421752929688,380.8623046875,924.295166015625,396.1241455078125,930.60400390625,384.53045654296875,907.3844604492188,383.77374267578125,943.7314453125,424.9525451660156,902.4717407226562,423.8177490234375,947.7046508789062,466.5465087890625,896.277099609375,467.4345703125
941.7528076171875,335.1695556640625,944.4765625,331.6544494628906,938.252685546875,331.7979431152344,948.12353515625,333.4213562011719,930.828369140625,333.4119567871094,952.517333984375,350.3974914550781,918.138671875,352.7652587890625,962.039306640625,370.53192138671875,908.434326171875,379.32745361328125,959.7962646484375,381.7667541503906,922.9608764648438,396.00177001953125,938.8361206054688,391.2127990722656,915.2281494140625,392.42132568359375,944.8619384765625,426.4607849121094,907.8319091796875,428.609619140625,946.3294677734375,465.74969482421875,904.5386352539062,471.0123291015625
937.146484375,340.09173583984375,940.3101196289062,336.52398681640625,933.652587890625,336.5781555175781,945.333740234375,338.2306823730469,926.6090698242188,337.96484375,949.1812133789062,355.088134765625,915.1357421875,357.6058044433594,958.9530029296875,373.26708984375,906.825927734375,385.01318359375,961.26220703125,381.66912841796875,923.78857421875,400.3224792480469,937.046142578125,395.5994567871094,913.588623046875,396.8785400390625,944.0564575195312,434.4298095703125,907.3216552734375,436.5606994628906,946.9747314453125,474.02264404296875,905.29638671875,479.444580078125
930.9413452148438,342.75140380859375,933.9305419921875,339.2904357910156,927.7684326171875,339.3535461425781,938.4581298828125,340.94854736328125,921.81103515625,340.8624572753906,942.5921630859375,357.7815856933594,912.0371704101562,360.68218994140625,952.9055786132812,376.25506591796875,906.1878662109375,386.09307861328125,956.083984375,386.5417785644531,920.0078125,401.8282470703125,935.4801025390625,401.3892822265625,914.9036865234375,403.1576843261719,940.4649658203125,438.210205078125,910.80126953125,440.95574951171875,943.1917724609375,476.7789001464844,909.6373291015625,482.7166748046875
930.9347534179688,342.7460632324219,933.92626953125,339.2859191894531,927.7644653320312,339.34722900390625,938.4596557617188,340.9493103027344,921.8131103515625,340.85858154296875,942.5970458984375,357.78759765625,912.0437622070312,360.6768493652344,952.8916015625,376.279296875,906.1883544921875,386.09014892578125,956.035888671875,386.5813293457031,920.003173828125,401.84490966796875,935.4808959960938,401.39288330078125,914.9085693359375,403.1536865234375,940.40478515625,438.22906494140625,910.7828369140625,440.96630859375,943.12158203125,476.7874755859375,909.6329345703125,482.71673583984375
924.4501953125,343.2388916015625,927.79931640625,339.69659423828125,920.92822265625,339.5417175292969,932.925537109375,340.7960205078125,914.5020751953125,340.31072998046875,938.414794921875,357.250732421875,904.6904296875,359.83538818359375,955.724609375,371.6170654296875,895.7945556640625,382.50665283203125,967.037353515625,378.6456298828125,902.1673583984375,396.9095458984375,930.9835205078125,402.8121643066406,909.2048950195312,404.57733154296875,941.0875244140625,442.099853515625,913.1031494140625,444.3358154296875,941.5285034179688,480.1072998046875,911.1432495117188,483.7700500488281
924.487060546875,343.21209716796875,927.838134765625,339.6651611328125,920.965576171875,339.5107421875,932.9833374023438,340.7364501953125,914.5350341796875,340.2425842285156,938.5045166015625,357.14471435546875,904.67138671875,359.6675720214844,955.6978759765625,371.50701904296875,895.654541015625,382.2066650390625,967.0234375,378.6724853515625,902.14794921875,396.5719299316406,931.095458984375,402.65753173828125,909.243896484375,404.39935302734375,941.1190795898438,441.96295166015625,913.039794921875,444.1813659667969,941.578125,479.97601318359375,911.1778564453125,483.654296875
922.3174438476562,341.0094299316406,925.0098876953125,337.3988037109375,918.7957763671875,337.43365478515625,928.8529052734375,338.02398681640625,912.13525390625,337.75714111328125,933.5728759765625,353.95330810546875,901.49951171875,355.94659423828125,952.226318359375,367.9521484375,886.3673095703125,375.6539306640625,967.22509765625,377.19586181640625,894.2171630859375,388.14141845703125,926.9137573242188,400.89337158203125,907.9652099609375,402.75970458984375,933.1553955078125,441.90850830078125,919.2844848632812,444.5746765136719,922.815185546875,478.92242431640625,914.8888549804688,483.434326171875
919.4591064453125,333.9140319824219,922.0653076171875,330.283203125,916.0284423828125,330.4980163574219,927.0003662109375,332.0373229980469,909.67529296875,332.06707763671875,932.9503173828125,350.39678955078125,900.2979736328125,352.15472412109375,949.6159057617188,364.8701477050781,884.4332885742188,374.2445983886719,961.756591796875,376.60638427734375,892.28466796875,390.56866455078125,928.7887573242188,399.75146484375,909.7772827148438,400.76678466796875,932.0527954101562,444.2969055175781,922.9114990234375,445.5628662109375,915.425537109375,481.3781433105469,916.2596435546875,483.3051452636719
919.4199829101562,333.8642272949219,922.0272216796875,330.2342834472656,915.9996337890625,330.44140625,926.9536743164062,331.98809814453125,909.6558837890625,332.0010986328125,932.87158203125,350.3055725097656,900.2662353515625,352.05328369140625,949.5682983398438,364.7874755859375,884.4124755859375,374.13818359375,961.6653442382812,376.61016845703125,892.1903686523438,390.53106689453125,928.7296142578125,399.51678466796875,909.7589721679688,400.5337829589844,932.0484619140625,444.1529846191406,923.0914306640625,445.42950439453125,915.3663940429688,481.255126953125,916.43603515625,483.20751953125
919.683837890625,323.82598876953125,922.2453002929688,319.95361328125,915.7388305664062,320.39935302734375,925.857421875,321.4256591796875,908.687744140625,322.2546691894531,930.710693359375,340.3297424316406,898.7027587890625,345.094970703125,944.979736328125,357.54095458984375,887.135009765625,372.71820068359375,956.8143310546875,369.7315979003906,890.5302734375,397.53277587890625,925.61474609375,394.088134765625,905.9365234375,397.0675048828125,934.744873046875,438.34088134765625,915.875244140625,441.7484436035156,926.6057739257812,475.68548583984375,910.926025390625,480.861572265625
916.340087890625,322.7066955566406,919.2684326171875,318.80267333984375,912.536376953125,319.237548828125,924.1029052734375,320.2461853027344,906.21142578125,321.1580810546875,930.4539794921875,339.5510559082031,896.661865234375,344.24627685546875,943.0802001953125,356.70947265625,885.4742431640625,370.95654296875,953.05224609375,370.28857421875,887.36767578125,395.4638671875,926.5343627929688,394.83477783203125,904.4452514648438,397.66192626953125,938.755615234375,438.9174499511719,908.9393920898438,442.2232360839844,938.667724609375,475.783935546875,904.9711303710938,480.8872375488281
916.4273681640625,322.74493408203125,919.3502197265625,318.83856201171875,912.61669921875,319.272705078125,924.1253662109375,320.228515625,906.24951171875,321.1459045410156,930.4348754882812,339.491455078125,896.661865234375,344.19512939453125,942.9334716796875,356.72314453125,885.5645141601562,370.94573974609375,952.8399658203125,370.3782958984375,887.3424072265625,395.42059326171875,926.474609375,394.72857666015625,904.3925170898438,397.5570373535156,938.5892944335938,438.74603271484375,908.697021484375,442.0628662109375,938.7057495117188,475.68292236328125,904.9711303710938,480.80438232421875
914.9967041015625,321.02191162109375,917.9195556640625,317.12359619140625,911.2008056640625,317.59246826171875,922.91259765625,318.3520202636719,904.9572143554688,319.4939880371094,930.3484497070312,337.764404296875,895.7447509765625,342.76727294921875,943.4415893554688,355.6954345703125,884.847900390625,369.8475036621094,951.4183959960938,368.52301025390625,883.4027709960938,391.85943603515625,926.7266845703125,393.71380615234375,903.3262939453125,396.46881103515625,940.3956298828125,437.2352294921875,903.1055908203125,440.5723876953125,945.011962890625,476.13177490234375,898.514892578125,480.96795654296875
914.9842529296875,321.075439453125,917.9111328125,317.1766052246094,911.187744140625,317.6512756347656,922.9197998046875,318.4128723144531,904.9512939453125,319.5680236816406,930.3426513671875,337.8077392578125,895.7594604492188,342.86614990234375,943.366943359375,355.73175048828125,884.859375,369.9668884277344,951.2158203125,368.50555419921875,883.462646484375,391.83514404296875,926.7667236328125,393.7115478515625,903.3790283203125,396.49334716796875,940.3424072265625,437.0779724121094,903.0687255859375,440.47662353515625,944.8382568359375,475.75347900390625,898.3486328125,480.7071533203125
911.7498779296875,322.666259765625,915.19580078125,318.65093994140625,908.1500244140625,318.7994079589844,920.972900390625,320.1184387207031,902.2103271484375,320.73162841796875,928.97216796875,341.2293395996094,892.7235717773438,345.69610595703125,944.4957275390625,359.23077392578125,882.794189453125,374.14263916015625,958.0241088867188,375.235107421875,876.382080078125,399.80352783203125,926.1085205078125,399.80218505859375,900.952880859375,401.9490966796875,940.5904541015625,446.58758544921875,894.3905639648438,449.40863037109375,949.21044921875,489.86236572265625,888.5114135742188,494.73492431640625
908.71484375,325.6523132324219,912.0247802734375,321.7328796386719,905.186767578125,321.841064453125,918.1389770507812,324.4463195800781,899.5816650390625,324.9105224609375,927.0482177734375,346.64453125,890.93798828125,351.3646545410156,945.2757568359375,362.63079833984375,879.6346435546875,380.86700439453125,956.757080078125,374.7518310546875,873.4912109375,405.48797607421875,926.44189453125,404.44830322265625,900.982666015625,406.97723388671875,939.4183959960938,449.7591247558594,890.2994384765625,453.0037841796875,950.4744873046875,492.5413513183594,882.0355224609375,497.47760009765625
902.9954223632812,337.4795837402344,906.00634765625,333.5341796875,899.85888671875,334.030029296875,913.1716918945312,335.4457092285156,895.8129272460938,336.89569091796875,925.0350341796875,355.30877685546875,889.1889038085938,361.0701904296875,946.4979858398438,370.8544921875,878.0482177734375,386.78369140625,960.4365234375,384.02728271484375,874.0336303710938,401.5543212890625,926.511474609375,409.0639343261719,900.76708984375,412.22833251953125,939.6131591796875,451.583251953125,886.1063232421875,456.01837158203125,952.7418212890625,494.4364013671875,876.2660522460938,500.63330078125
903.1041870117188,337.43756103515625,906.1133422851562,333.4941101074219,899.9578857421875,333.9842834472656,913.23583984375,335.4166259765625,895.8587036132812,336.84735107421875,925.0519409179688,355.28411865234375,889.1244506835938,361.01629638671875,946.4776611328125,370.7857360839844,877.922119140625,386.6503601074219,960.4649658203125,383.9556884765625,873.9290771484375,401.391357421875,926.4781494140625,409.1005554199219,900.6917724609375,412.2631530761719,939.6846923828125,451.5949401855469,886.2130126953125,456.03839111328125,952.578125,494.4137878417969,876.2374267578125,500.6392822265625
903.075439453125,337.486328125,906.0863037109375,333.5407409667969,899.9320068359375,334.0283508300781,913.2344970703125,335.453857421875,895.8509521484375,336.87762451171875,925.062255859375,355.32891845703125,889.1771850585938,361.04736328125,946.5258178710938,370.7941589355469,877.927978515625,386.7646179199219,960.4818115234375,383.9132995605469,873.8677978515625,401.7849426269531,926.4520263671875,409.19415283203125,900.68896484375,412.328369140625,939.601806640625,451.69012451171875,886.0914306640625,456.0699462890625,952.5721435546875,494.505615234375,876.079345703125,500.61859130859375
898.5364379882812,355.4638671875,901.9080810546875,351.597900390625,895.677490234375,351.92840576171875,908.6236572265625,352.6330261230469,892.4256591796875,353.83721923828125,918.7178955078125,371.2757568359375,885.340576171875,376.30517578125,934.4482421875,391.223876953125,877.37158203125,402.13861083984375,943.7334594726562,410.662353515625,870.790283203125,423.6058044433594,921.2274169921875,424.2316589355469,896.843505859375,426.75750732421875,937.87451171875,463.7896728515625,885.2955322265625,467.57342529296875,950.8865966796875,504.48480224609375,876.5565185546875,510.2877502441406
900.5303955078125,361.8884582519531,904.2951049804688,357.97869873046875,897.150634765625,358.09869384765625,910.6572265625,360.08636474609375,892.786376953125,360.5840148925781,918.6904296875,381.3397521972656,885.3055419921875,383.09661865234375,932.031494140625,405.91796875,875.298583984375,409.666748046875,941.0923461914062,431.24822998046875,873.6871948242188,434.85296630859375,917.3080444335938,431.427490234375,892.6840209960938,432.26251220703125,933.7955932617188,468.7017517089844,880.3818359375,469.9752502441406,949.4459838867188,507.30389404296875,874.0804443359375,509.2427978515625
904.043701171875,371.98919677734375,907.5205078125,368.397705078125,900.5958251953125,368.06829833984375,912.6784057617188,369.97503662109375,894.5751953125,369.0911865234375,919.3621215820312,390.5980224609375,886.58984375,389.3388671875,931.9530029296875,415.3466796875,877.5042114257812,412.66619873046875,939.1729736328125,442.03839111328125,874.6175537109375,437.2344970703125,915.3341064453125,435.4075012207031,891.1021728515625,434.8376770019531,931.9404296875,473.79486083984375,878.4655151367188,473.15557861328125,947.8402099609375,510.70355224609375,873.4910888671875,510.5023498535156
905.4642333984375,372.9963684082031,909.0467529296875,369.552490234375,901.9586791992188,369.05712890625,914.2468872070312,372.04925537109375,895.662841796875,370.5658264160156,920.964599609375,393.7926025390625,886.6202392578125,390.91778564453125,930.156494140625,418.8097229003906,877.479736328125,413.92303466796875,933.58349609375,442.9427490234375,876.53125,439.2498779296875,915.132080078125,436.5682067871094,889.6400756835938,435.0524597167969,930.2554931640625,473.97979736328125,875.8135986328125,471.7570495605469,945.6102294921875,514.1281127929688,872.1563720703125,511.7654113769531
905.6378173828125,372.91241455078125,909.22705078125,369.4670104980469,902.096435546875,368.9700927734375,914.346923828125,372.01824951171875,895.7109375,370.52655029296875,920.9254150390625,393.83953857421875,886.6008911132812,390.97314453125,929.8939208984375,418.97613525390625,877.4149169921875,414.07965087890625,932.9725341796875,443.09423828125,876.397216796875,439.39495849609375,915.130615234375,436.58514404296875,889.6263427734375,435.08660888671875,930.344970703125,473.9988098144531,875.829833984375,471.81817626953125,945.8052978515625,514.096923828125,872.1876220703125,511.8310546875
905.35498046875,381.5037841796875,909.1990356445312,378.2026062011719,902.1290283203125,377.5049743652344,914.919677734375,380.78765869140625,896.1431884765625,379.0485534667969,923.271728515625,402.28326416015625,885.324951171875,398.1405029296875,928.6338500976562,431.14813232421875,877.1243896484375,420.7015686035156,930.14453125,455.9590759277344,876.3460693359375,443.4190979003906,917.65234375,441.9140625,889.1207275390625,440.5602722167969,930.39501953125,476.8960876464844,868.17431640625,474.53887939453125,950.2146606445312,517.4566040039062,868.3238525390625,514.1929321289062
904.3121337890625,383.2925720214844,907.3577270507812,380.07244873046875,901.181884765625,379.5162048339844,911.9049072265625,381.9652404785156,895.2816162109375,380.3374328613281,918.6075439453125,402.80517578125,886.2867431640625,398.07867431640625,922.2547607421875,431.222900390625,876.1917724609375,419.5382995605469,923.4710083007812,455.4107666015625,873.8388671875,444.0732421875,914.8804321289062,444.41729736328125,889.9014892578125,442.5970458984375,928.08837890625,478.41156005859375,866.0443725585938,475.14715576171875,950.3524169921875,517.420654296875,863.8405151367188,512.721923828125
904.7125854492188,380.98333740234375,907.659912109375,377.9644775390625,902.438232421875,377.286376953125,910.8583374023438,381.22979736328125,897.3743896484375,379.320068359375,915.3878173828125,402.375,886.0447998046875,396.6158447265625,915.2872314453125,430.7170715332031,870.8045654296875,412.1990661621094,912.526123046875,450.5423583984375,869.800537109375,423.31915283203125,911.4573974609375,444.65203857421875,887.9805908203125,442.983154296875,924.0540771484375,476.37884521484375,863.7938232421875,474.08428955078125,951.5886840820312,514.7708740234375,863.272216796875,511.8477783203125
883.5844116210938,374.4353942871094,887.565185546875,371.4093933105469,881.7027587890625,370.5749816894531,896.30322265625,374.6236267089844,881.56103515625,372.7093505859375,906.6480712890625,397.0072021484375,878.851318359375,390.2733154296875,913.8876953125,424.76495361328125,870.3978271484375,405.68658447265625,912.0615234375,446.0880432128906,868.2064208984375,412.09539794921875,909.2159423828125,443.337890625,887.2109985351562,440.2004699707031,919.71630859375,475.83026123046875,863.3091430664062,472.47406005859375,951.9200439453125,512.681640625,867.1673583984375,508.30877685546875
883.5217895507812,374.2659912109375,887.5198974609375,371.231201171875,881.620361328125,370.40863037109375,896.29296875,374.459716796875,881.4461059570312,372.582275390625,906.61083984375,396.8420104980469,878.7657470703125,390.2101135253906,913.9237060546875,424.54254150390625,870.203857421875,405.65185546875,912.1973876953125,445.79150390625,868.0065307617188,411.86590576171875,909.180908203125,443.3266296386719,887.1432495117188,440.2481689453125,919.752685546875,475.67474365234375,863.29833984375,472.4098205566406,952.0904541015625,512.7214965820312,867.1704711914062,508.4704284667969
881.3841552734375,365.5434265136719,885.777099609375,362.71746826171875,879.347900390625,362.02880859375,893.9805908203125,366.37249755859375,878.01025390625,364.82952880859375,899.8094482421875,384.6147766113281,873.0103759765625,383.24212646484375,893.4171752929688,398.6629943847656,858.912841796875,396.8698425292969,875.2311401367188,382.97210693359375,858.326171875,388.5308837890625,904.359130859375,437.0226745605469,882.0049438476562,436.8432312011719,916.560791015625,473.5062561035156,861.196044921875,473.40716552734375,949.7208251953125,511.1385498046875,862.0028076171875,511.16729736328125
880.6661376953125,345.8209228515625,883.517578125,342.8591613769531,878.1390380859375,342.4708557128906,886.2299194335938,347.6718444824219,875.2802734375,346.846923828125,891.4315185546875,368.4200134277344,868.706787109375,367.5418701171875,884.306396484375,386.6531066894531,857.9027709960938,381.5528869628906,863.8639526367188,370.1314697265625,848.0128173828125,362.9142150878906,900.6024169921875,428.31005859375,881.1611938476562,428.5535888671875,908.5340576171875,471.1127014160156,860.7298583984375,472.295166015625,942.306884765625,510.8127136230469,864.4901733398438,512.5301513671875
872.2685546875,350.59637451171875,875.697021484375,347.69464111328125,869.7506103515625,347.1706848144531,879.8460693359375,351.8204040527344,866.977783203125,350.7318115234375,884.5193481445312,369.5854797363281,861.250732421875,369.80694580078125,881.9862670898438,378.0158386230469,854.1495361328125,378.1718444824219,866.2216796875,359.68475341796875,851.0792236328125,360.68194580078125,892.8515625,425.2557373046875,873.6890869140625,426.0279235839844,902.36767578125,467.4532470703125,860.4505004882812,469.248291015625,930.0723876953125,507.50701904296875,862.9557495117188,510.37701416015625
865.988037109375,338.7962646484375,869.611328125,335.74041748046875,864.3641357421875,335.24273681640625,873.8541870117188,340.7698974609375,864.3614501953125,340.1547546386719,878.9476318359375,358.5623474121094,858.2362060546875,360.3538513183594,874.8800048828125,366.90716552734375,855.7333374023438,370.4674072265625,857.5988159179688,352.87139892578125,850.00634765625,354.538818359375,882.505859375,418.3233642578125,865.3604736328125,419.4088439941406,886.8582763671875,465.1138000488281,854.3333129882812,467.86358642578125,916.44580078125,503.5601806640625,865.5499267578125,507.9071044921875
866.0472412109375,337.642578125,869.6497802734375,334.5420837402344,864.3126220703125,334.09246826171875,873.7757568359375,339.77069091796875,864.137939453125,339.2492370605469,878.8038940429688,358.0638427734375,858.073486328125,359.93060302734375,874.7353515625,366.665771484375,855.3656616210938,370.3288879394531,857.5601806640625,352.9714050292969,849.789794921875,354.7886962890625,882.5765380859375,418.3098449707031,865.423583984375,419.4306640625,886.7418212890625,465.21893310546875,854.2421875,467.96978759765625,916.5404052734375,503.68377685546875,865.6103515625,507.98016357421875
856.182861328125,330.70977783203125,859.033935546875,327.31427001953125,855.0728759765625,327.1763916015625,863.7059326171875,332.00537109375,856.180419921875,331.85821533203125,868.9940185546875,350.75457763671875,850.4602661132812,350.81597900390625,861.983154296875,357.7250061035156,843.0885009765625,357.5448303222656,849.214111328125,338.9611511230469,843.470703125,338.8095397949219,868.5664672851562,410.8382263183594,855.45068359375,410.7999572753906,859.06787109375,460.99554443359375,846.836181640625,461.25152587890625,871.524169921875,504.3948974609375,859.488525390625,504.0123291015625
855.965576171875,331.3343505859375,858.8177490234375,327.94293212890625,854.8896484375,327.80963134765625,863.5713500976562,332.55523681640625,856.0980224609375,332.424560546875,868.9219970703125,351.1081237792969,850.450927734375,351.23028564453125,861.953125,357.88543701171875,843.00732421875,357.8511657714844,849.3502807617188,338.96588134765625,843.363037109375,338.9237976074219,868.5869140625,411.0439453125,855.5114135742188,411.03436279296875,859.1329345703125,461.13714599609375,846.8391723632812,461.43878173828125,871.607177734375,504.6394958496094,859.417236328125,504.31805419921875
854.866455078125,302.9106750488281,858.1739501953125,299.31329345703125,852.7725219726562,298.8941650390625,861.183349609375,305.22088623046875,853.90673828125,304.27886962890625,860.96044921875,330.49359130859375,850.837890625,329.00726318359375,849.1380615234375,349.55535888671875,843.65185546875,347.17144775390625,837.749267578125,338.14312744140625,839.1351318359375,337.994140625,860.274169921875,399.25299072265625,853.8369140625,398.20599365234375,845.4730224609375,452.839599609375,844.9063110351562,451.5273742675781,854.2498168945312,502.2554626464844,855.5227661132812,498.3321533203125
841.27490234375,338.8074951171875,844.048095703125,335.5540771484375,841.4189453125,334.9957275390625,849.3221435546875,340.8663330078125,849.5313720703125,339.43023681640625,852.6509399414062,357.9963684082031,850.9476318359375,355.6304931640625,838.8486328125,355.9957275390625,849.473388671875,349.9791259765625,824.24609375,336.73028564453125,836.8881225585938,328.5968322753906,854.9694213867188,414.1473083496094,852.44287109375,412.6614990234375,841.2262573242188,456.6069030761719,834.3887939453125,455.7102355957031,855.3414916992188,496.7005615234375,846.68798828125,495.4281921386719
841.9685668945312,338.16839599609375,845.2428588867188,334.78143310546875,841.3240966796875,334.4175109863281,851.8822021484375,340.0082702636719,846.4215087890625,339.20343017578125,856.646240234375,356.3612365722656,846.3832397460938,356.0133056640625,847.8575439453125,347.5009765625,839.725341796875,349.3310852050781,835.545166015625,323.60723876953125,826.9085083007812,330.8809814453125,857.0242309570312,413.7506103515625,848.9013061523438,412.897705078125,843.4818115234375,456.36724853515625,831.6220092773438,455.912353515625,859.135009765625,496.7806396484375,842.9617919921875,496.0057067871094
835.9447021484375,334.2215270996094,839.7225341796875,331.54644775390625,834.7750244140625,330.6622009277344,848.3094482421875,336.0373229980469,835.81787109375,333.498291015625,854.6282958984375,354.8310241699219,831.6516723632812,347.91949462890625,849.8875732421875,357.970458984375,812.9266357421875,347.27838134765625,838.0360107421875,338.06591796875,803.638427734375,341.67034912109375,843.6422119140625,407.95294189453125,825.398193359375,403.34429931640625,845.7467651367188,449.17388916015625,804.0472412109375,441.71893310546875,866.2362670898438,488.40838623046875,802.08935546875,476.97412109375
833.4808959960938,327.83636474609375,837.596923828125,325.33538818359375,832.9755859375,324.4732360839844,843.8172607421875,330.6553955078125,833.7275390625,329.31768798828125,843.87158203125,349.3367919921875,827.8172607421875,350.3565673828125,840.0172119140625,355.0254821777344,811.29150390625,358.80767822265625,824.3155517578125,340.41943359375,796.7449951171875,344.7120056152344,835.08154296875,402.2421569824219,827.7057495117188,401.7964782714844,811.993408203125,439.904052734375,829.6301879882812,441.48626708984375,810.8082275390625,479.1153564453125,846.900634765625,482.9158630371094
833.2886962890625,327.8682556152344,837.4708251953125,325.2657165527344,832.9246826171875,324.5058898925781,843.54638671875,330.48712158203125,834.3455200195312,329.53558349609375,842.4343872070312,348.75970458984375,829.1343383789062,351.2139587402344,838.7678833007812,353.6483154296875,813.3258056640625,359.94293212890625,823.8695068359375,340.3013610839844,797.4830932617188,344.5071105957031,833.9454345703125,402.0799255371094,829.7247314453125,402.22723388671875,805.0577392578125,439.26495361328125,835.136474609375,442.2305908203125,799.4366455078125,477.9407043457031,855.7391357421875,484.2760009765625
833.7716064453125,326.356689453125,837.328369140625,323.6829833984375,831.1975708007812,322.69000244140625,841.1193237304688,329.3680419921875,827.6876220703125,326.394287109375,841.5433959960938,352.87353515625,820.85107421875,342.781005859375,845.3494873046875,365.3572998046875,808.2269897460938,337.2713928222656,848.0849609375,364.9010009765625,803.3885498046875,328.6402893066406,827.8906860351562,403.3129577636719,810.0574951171875,398.210693359375,840.1378784179688,444.31365966796875,790.081787109375,436.95098876953125,863.4622192382812,485.0338134765625,780.8232421875,474.74920654296875
833.772705078125,326.3789978027344,837.334716796875,323.71710205078125,831.237548828125,322.72161865234375,841.0723876953125,329.37579345703125,827.780029296875,326.42864990234375,841.381103515625,352.777099609375,820.8389282226562,342.93878173828125,845.2406616210938,365.3734130859375,807.9834594726562,338.1289367675781,848.170166015625,364.7899475097656,802.9678955078125,329.76318359375,827.7933349609375,403.3634948730469,810.1151123046875,398.37042236328125,839.8436279296875,444.31097412109375,790.1217041015625,437.1302490234375,863.2255859375,484.9097900390625,780.9592895507812,474.90478515625
829.6292724609375,334.0878601074219,832.989990234375,331.8641357421875,827.8104858398438,330.08941650390625,836.765625,336.3980712890625,823.528076171875,331.64263916015625,838.2394409179688,361.4013977050781,810.8863525390625,342.841796875,839.854248046875,384.69061279296875,777.2723388671875,333.641357421875,833.9313354492188,401.3738708496094,764.6494750976562,320.3191223144531,818.1373291015625,405.7480773925781,797.6865234375,396.7456970214844,826.0874633789062,447.7665710449219,780.1752319335938,437.954345703125,845.85595703125,484.60894775390625,775.55615234375,473.74237060546875
827.57958984375,340.90692138671875,831.0198974609375,338.31561279296875,825.2982177734375,336.509521484375,833.9925537109375,340.4647521972656,819.1146240234375,335.4092102050781,834.3323364257812,361.9725341796875,804.5467529296875,344.4833068847656,832.2024536132812,379.29754638671875,771.3992919921875,335.9859313964844,824.8218994140625,379.26318359375,759.1549072265625,324.2715148925781,812.5338134765625,411.19537353515625,790.5499267578125,402.34222412109375,817.6468505859375,454.01055908203125,772.1596069335938,443.058837890625,831.9368896484375,488.145263671875,763.7511596679688,475.30670166015625
819.30419921875,341.5691833496094,822.76025390625,339.2063903808594,817.7388916015625,337.7881774902344,827.0505981445312,344.32916259765625,814.697998046875,340.3039245605469,829.043212890625,365.0785217285156,802.6118774414062,352.0848083496094,817.4150390625,380.9964599609375,775.8396606445312,350.41094970703125,801.0159301757812,369.514404296875,766.9421997070312,341.9649353027344,811.48388671875,410.32830810546875,790.0589599609375,403.3913269042969,809.9108276367188,455.5068054199219,762.1260375976562,445.5633544921875,830.971923828125,493.61541748046875,757.6399536132812,479.26129150390625
819.23583984375,341.55450439453125,822.6427001953125,339.1978759765625,817.663330078125,337.7979431152344,826.7931518554688,344.35858154296875,814.613525390625,340.3665771484375,828.76416015625,365.01043701171875,802.43017578125,352.1749267578125,816.7688598632812,380.39080810546875,775.6763305664062,350.555908203125,800.12158203125,367.73681640625,766.857666015625,342.0391845703125,811.3275146484375,410.3606872558594,789.9325561523438,403.48858642578125,809.874267578125,455.55169677734375,762.0380249023438,445.6068420410156,830.9168701171875,493.6678161621094,757.50439453125,479.2266540527344
819.3074340820312,341.5803527832031,822.70703125,339.2205810546875,817.729248046875,337.828857421875,826.8565063476562,344.3759765625,814.6727294921875,340.4030456542969,828.7884521484375,365.0287170410156,802.4970703125,352.22357177734375,816.6344604492188,380.3192138671875,775.6825561523438,350.5457763671875,799.8444213867188,367.55841064453125,766.7569580078125,341.9903564453125,811.296875,410.3542785644531,789.9425048828125,403.49432373046875,809.9533081054688,455.46014404296875,762.1988525390625,445.5334167480469,830.6804809570312,493.64666748046875,757.4591064453125,479.2359619140625
807.4122314453125,356.68426513671875,810.2074584960938,353.5952453613281,805.530029296875,352.598388671875,811.8649291992188,355.2940979003906,798.5835571289062,352.0188903808594,813.8516235351562,372.0004577636719,780.9263916015625,363.92279052734375,806.8372802734375,403.0209045410156,767.354736328125,389.29693603515625,800.3070068359375,422.4833679199219,788.4505615234375,416.26123046875,798.0661010742188,414.5981140136719,772.380615234375,410.578125,794.9830322265625,459.9654235839844,746.6138916015625,453.68060302734375,825.4901733398438,491.19744873046875,759.6098022460938,483.94476318359375
794.81201171875,359.30535888671875,798.5403442382812,356.266845703125,791.4915771484375,355.4284973144531,802.791748046875,358.6171875,784.48193359375,356.284912109375,808.296875,379.1082458496094,773.565673828125,372.3140869140625,804.1807250976562,409.4521484375,766.9967041015625,396.93841552734375,788.5419921875,422.53448486328125,778.427978515625,417.1419982910156,795.9334716796875,424.1005554199219,769.8768310546875,420.08697509765625,795.5579833984375,463.890869140625,748.2645874023438,457.2352294921875,822.8673706054688,493.5616455078125,763.6492309570312,484.03204345703125
794.105712890625,361.8631591796875,797.3369750976562,358.5976867675781,790.3383178710938,358.1197509765625,801.4266357421875,360.6783142089844,783.5693359375,359.2119140625,808.1962890625,380.6468811035156,775.9786376953125,374.6465148925781,811.4014892578125,409.01641845703125,770.2618408203125,398.6362609863281,801.0598754882812,421.478759765625,779.9556884765625,420.36224365234375,798.2060546875,422.64007568359375,773.8965454101562,418.70245361328125,801.24609375,461.1773986816406,751.2686767578125,454.13226318359375,822.7845458984375,499.01336669921875,756.6007080078125,487.89385986328125
799.0805053710938,360.7347106933594,801.244384765625,357.2577209472656,794.9840698242188,357.3907470703125,802.8372802734375,358.8284912109375,786.2149658203125,358.78857421875,808.55810546875,375.1004333496094,776.322265625,376.0483703613281,822.2107543945312,395.98370361328125,770.208740234375,402.059326171875,817.638671875,403.4093017578125,782.931396484375,419.8830871582031,799.313720703125,413.0636901855469,776.0410766601562,412.99798583984375,803.3582153320312,449.9893798828125,758.4946899414062,449.1524658203125,812.1143798828125,490.88177490234375,753.9599609375,489.9171142578125
798.9124755859375,360.70465087890625,801.0844116210938,357.22454833984375,794.823974609375,357.36383056640625,802.7367553710938,358.78973388671875,786.1041259765625,358.77276611328125,808.5188598632812,375.0269775390625,776.2958984375,376.0501708984375,822.3404541015625,395.8642578125,770.256591796875,402.07073974609375,817.6854248046875,403.36737060546875,782.9471435546875,419.91253662109375,799.3606567382812,412.9290771484375,776.123779296875,412.8923034667969,803.2313232421875,449.9107666015625,758.6141967773438,449.13031005859375,811.8216552734375,490.71514892578125,754.0692138671875,489.84283447265625
797.9951171875,361.06451416015625,800.5281982421875,357.5030822753906,794.0509643554688,357.681884765625,803.2838134765625,358.23114013671875,786.6002197265625,358.50860595703125,808.7449951171875,372.78662109375,778.692138671875,376.28326416015625,827.00048828125,388.8280029296875,774.0833740234375,402.7887268066406,833.0121459960938,390.5054626464844,785.96435546875,416.8407897949219,800.792724609375,411.9638671875,778.9725952148438,413.26171875,807.873779296875,448.9335021972656,762.90087890625,449.67034912109375,816.8111572265625,487.8000183105469,753.94482421875,487.6974792480469
807.48876953125,358.6592102050781,809.4244384765625,355.1224365234375,803.36279296875,355.4986572265625,809.5482177734375,356.60968017578125,795.0751953125,357.4713134765625,813.0380859375,370.97991943359375,786.0599365234375,375.83917236328125,831.871337890625,385.71893310546875,789.5689086914062,400.03863525390625,838.7259521484375,379.2146301269531,810.0386962890625,396.1775207519531,802.19384765625,409.36505126953125,781.6342163085938,411.6224670410156,811.1834716796875,446.19091796875,767.2701416015625,449.21868896484375,817.1241455078125,485.48779296875,754.6414794921875,489.66131591796875
808.9744873046875,357.606689453125,811.3258666992188,354.19854736328125,804.6256713867188,354.182861328125,812.8209228515625,355.52825927734375,794.976318359375,355.36566162109375,816.1257934570312,370.384033203125,784.7913818359375,375.1002197265625,834.7128295898438,378.3025817871094,774.3052978515625,402.8931884765625,844.2816162109375,371.67132568359375,776.205078125,424.03204345703125,806.5193481445312,411.3615417480469,784.1987915039062,412.78729248046875,815.831787109375,448.19476318359375,770.1119384765625,448.4364013671875,818.9146728515625,487.665283203125,754.9194946289062,486.2558898925781
808.6307373046875,353.7063903808594,810.7886962890625,350.1283264160156,803.8536376953125,350.458251953125,812.1107177734375,351.99261474609375,794.0396728515625,352.64849853515625,816.7520141601562,367.5574951171875,785.1454467773438,373.905517578125,833.7280883789062,375.5880432128906,777.3941650390625,402.808837890625,843.6619873046875,369.9921569824219,777.824951171875,424.53045654296875,812.4600219726562,409.82989501953125,790.3357543945312,412.1719970703125,818.0958251953125,448.06903076171875,776.8707275390625,449.4793395996094,818.142333984375,486.7110900878906,763.0858764648438,486.752197265625
808.6600341796875,353.7957763671875,810.81640625,350.22119140625,803.8741455078125,350.54803466796875,812.1341552734375,352.07391357421875,794.052734375,352.71917724609375,816.7933959960938,367.6559143066406,785.210693359375,373.9584045410156,833.7592163085938,375.677490234375,777.4326782226562,402.8085021972656,843.59814453125,370.03033447265625,777.8439331054688,424.5431213378906,812.5720825195312,410.03582763671875,790.468017578125,412.345458984375,818.0640869140625,448.295166015625,776.8699951171875,449.6492919921875,818.090576171875,486.92340087890625,763.0718383789062,486.85235595703125
808.4129638671875,352.9595947265625,811.208740234375,349.3267822265625,804.4398193359375,349.4072265625,815.0480346679688,350.2760009765625,796.3145141601562,350.6148376464844,822.228759765625,364.5986328125,786.5823974609375,371.1195373535156,839.5783081054688,372.98675537109375,777.3876953125,400.98828125,844.9111328125,370.64862060546875,775.0343017578125,428.8333740234375,817.77978515625,407.81219482421875,792.9942626953125,410.1275634765625,822.7938232421875,449.2495422363281,778.57763671875,450.7816162109375,823.1910400390625,490.14251708984375,767.1004638671875,490.966796875
809.5810546875,351.1727294921875,812.6537475585938,347.5160827636719,805.9898071289062,347.469482421875,817.794677734375,348.30120849609375,798.8175048828125,348.51416015625,826.8756103515625,363.6649475097656,789.86474609375,368.6212463378906,845.3173828125,374.3095703125,777.85791015625,395.46429443359375,839.23291015625,372.6420593261719,776.0128784179688,420.1392517089844,822.8731689453125,411.0384521484375,797.244384765625,412.34100341796875,825.3291015625,453.15838623046875,781.096923828125,453.79400634765625,825.9277954101562,494.681640625,770.8914794921875,495.090087890625
810.5377807617188,355.68792724609375,813.850341796875,352.0249328613281,807.0075073242188,351.89849853515625,819.7619018554688,352.656494140625,800.5596923828125,352.0798645019531,829.2996826171875,368.77880859375,791.9826049804688,369.58282470703125,845.90966796875,384.6558837890625,784.05126953125,385.61761474609375,840.865478515625,390.5379638671875,796.0966186523438,384.19891357421875,824.7220458984375,417.980712890625,797.70361328125,418.36053466796875,834.760009765625,459.073974609375,784.966796875,460.81500244140625,839.7965698242188,498.3763732910156,774.178466796875,502.06109619140625
810.79638671875,358.8797607421875,814.5938720703125,354.679443359375,807.4598388671875,354.72821044921875,821.9678955078125,354.333984375,802.072021484375,354.7703857421875,832.80908203125,369.8433837890625,793.9228515625,373.98370361328125,847.03857421875,390.46514892578125,780.2725830078125,401.932861328125,838.1314086914062,409.0213623046875,773.989990234375,432.3326110839844,830.4937133789062,415.72955322265625,802.366943359375,417.1651611328125,839.7220458984375,460.14385986328125,785.041259765625,461.9900207519531,848.72119140625,504.3904724121094,775.4148559570312,506.7305908203125
810.8003540039062,358.91357421875,814.5983276367188,354.7025146484375,807.4532470703125,354.75830078125,821.975830078125,354.33624267578125,802.0496826171875,354.78857421875,832.8101806640625,369.82244873046875,793.9187622070312,373.98876953125,847.0025024414062,390.46484375,780.2757568359375,401.9132995605469,838.0267333984375,409.1725158691406,774.0232543945312,432.24530029296875,830.534423828125,415.648193359375,802.4019775390625,417.09844970703125,839.69970703125,460.0694274902344,785.0125122070312,461.96282958984375,848.6141967773438,504.2794189453125,775.311279296875,506.7169189453125
817.6052856445312,376.83966064453125,821.2014770507812,372.7578125,813.7718505859375,372.6903076171875,827.439697265625,374.0774230957031,807.3585205078125,373.78717041015625,833.9010009765625,394.0626220703125,799.4972534179688,394.5874328613281,846.503173828125,422.0373229980469,785.916259765625,423.0242919921875,848.70751953125,453.524169921875,784.9976806640625,454.8419494628906,832.36962890625,432.69598388671875,805.062255859375,434.0362243652344,857.0433349609375,470.9656677246094,787.2940673828125,472.82806396484375,874.7722778320312,509.30950927734375,769.1270751953125,512.8836669921875
817.451171875,376.73529052734375,821.0505981445312,372.646484375,813.6058349609375,372.587890625,827.33984375,373.96881103515625,807.2045288085938,373.701904296875,833.9337158203125,394.00909423828125,799.3731079101562,394.53533935546875,846.5535278320312,422.12359619140625,785.860595703125,423.136474609375,848.7108154296875,453.69805908203125,784.8857421875,455.193603515625,832.3843994140625,432.6429748535156,804.9695434570312,433.96734619140625,857.0755004882812,470.9180603027344,787.1409912109375,472.72998046875,874.7766723632812,509.3245849609375,769.0208129882812,512.80322265625
824.0121459960938,384.96136474609375,825.9683837890625,380.8325500488281,819.3592529296875,381.67132568359375,828.2928466796875,381.4845886230469,810.2484130859375,383.1266784667969,835.528076171875,398.17047119140625,800.890625,403.9986877441406,853.239990234375,417.0247802734375,790.661376953125,431.4511413574219,859.380126953125,437.5982666015625,796.086669921875,453.49139404296875,836.400390625,439.392822265625,809.2076416015625,442.5350646972656,860.9913330078125,472.8485107421875,789.3077392578125,477.263916015625,877.6500244140625,510.9073486328125,771.3717041015625,518.2923583984375
835.9698486328125,384.35247802734375,838.1817626953125,380.4264221191406,831.508056640625,381.1313781738281,841.7386474609375,380.731201171875,823.3478393554688,382.1741638183594,847.507080078125,397.21136474609375,815.4500732421875,401.79815673828125,862.8429565429688,414.6089172363281,803.800048828125,429.1405029296875,871.1649169921875,428.9620056152344,805.02490234375,452.11236572265625,842.0799560546875,440.055908203125,816.5595703125,442.06195068359375,869.380859375,475.29180908203125,798.5146484375,477.43310546875,880.5516357421875,515.5272827148438,771.76806640625,518.3659057617188
835.9384765625,384.32257080078125,838.119140625,380.400146484375,831.4801025390625,381.11383056640625,841.6085205078125,380.682373046875,823.30859375,382.1396484375,847.3953857421875,397.1441345214844,815.37890625,401.7398986816406,862.7467041015625,414.58941650390625,803.7685546875,429.0714111328125,871.1749877929688,429.0882568359375,805.123779296875,452.0052490234375,842.08740234375,440.02728271484375,816.5919189453125,442.04632568359375,869.32958984375,475.3538818359375,798.4392700195312,477.521728515625,880.5518188476562,515.4706420898438,771.7230224609375,518.3599853515625
872.6416015625,378.87152099609375,873.921630859375,375.0556640625,868.4361572265625,375.3999938964844,872.8540649414062,376.6143798828125,858.672119140625,376.5035705566406,870.094482421875,396.02215576171875,846.9486694335938,396.4602355957031,874.1546630859375,422.34130859375,835.3152465820312,424.97845458984375,878.7908935546875,441.05377197265625,846.6505737304688,450.89996337890625,858.0626220703125,447.9443664550781,838.0946044921875,448.66241455078125,887.4354248046875,482.213623046875,823.417724609375,483.3402099609375,883.0992431640625,517.7734375,780.6689453125,521.801025390625
883.6312255859375,373.965576171875,885.8904418945312,369.4466552734375,878.6937255859375,369.96173095703125,885.9388427734375,371.63677978515625,868.8115234375,372.1016845703125,878.279296875,393.30804443359375,860.1654052734375,393.52923583984375,877.4739990234375,423.9814453125,850.2669067382812,425.7367858886719,881.8833618164062,440.6022033691406,865.0526733398438,449.6602478027344,859.0631103515625,445.6949157714844,846.8139038085938,445.99261474609375,872.712890625,484.5348815917969,856.1241455078125,484.8818664550781,846.6929931640625,520.193359375,823.236572265625,522.468994140625
883.6953735351562,374.11016845703125,885.8640747070312,369.60015869140625,878.7350463867188,370.13916015625,885.8492431640625,371.7713623046875,868.807861328125,372.2615661621094,878.50048828125,393.4194030761719,860.15478515625,393.59027099609375,877.4615478515625,424.2139892578125,850.1746215820312,425.73876953125,881.3905029296875,440.72540283203125,864.5106811523438,449.8893127441406,859.6646728515625,445.8249206542969,846.3267822265625,446.1213684082031,876.2998046875,484.59014892578125,851.6546630859375,484.876953125,853.373046875,520.2252197265625,815.727783203125,522.343505859375
896.01220703125,376.072265625,898.1141967773438,371.8136901855469,891.4623413085938,372.14569091796875,897.085693359375,373.9377136230469,882.152099609375,374.0915222167969,888.1309204101562,392.2650146484375,876.53125,394.10205078125,889.1668701171875,413.82952880859375,868.3822631835938,420.1328430175781,893.553955078125,420.6300048828125,877.8088989257812,439.24139404296875,870.0309448242188,441.78582763671875,869.0077514648438,443.29083251953125,854.7666015625,480.81524658203125,899.02490234375,482.6661071777344,813.61669921875,514.5357666015625,891.88525390625,519.6990966796875
897.0320434570312,375.9124755859375,899.2928466796875,371.8190002441406,892.6049194335938,371.981689453125,897.603271484375,373.906494140625,882.6666870117188,373.964111328125,888.5667724609375,393.1264343261719,874.9601440429688,393.978271484375,890.9518432617188,415.72894287109375,867.6589965820312,421.18963623046875,895.375,427.02740478515625,881.0330200195312,439.2300109863281,867.5360107421875,442.33892822265625,865.417724609375,442.328125,853.6668701171875,482.474853515625,900.6463623046875,482.38323974609375,808.6724853515625,517.335693359375,894.6500244140625,517.9451904296875
924.23046875,377.199462890625,924.6903076171875,373.09039306640625,919.178955078125,373.595947265625,917.914794921875,375.49639892578125,907.2283935546875,376.2803955078125,907.759765625,395.6783752441406,900.5113525390625,398.62811279296875,920.803466796875,415.4927673339844,909.356689453125,427.9347839355469,949.6226806640625,402.7803955078125,936.0280151367188,423.45361328125,890.9404907226562,453.969970703125,888.3101806640625,455.67449951171875,902.9877319335938,491.21185302734375,912.299560546875,492.71527099609375,861.687255859375,517.9617309570312,878.0985107421875,521.5234375
934.99462890625,380.23724365234375,935.3065185546875,375.845703125,931.4415893554688,376.4934997558594,925.69921875,375.6343688964844,923.6029052734375,377.4364013671875,918.030517578125,393.86175537109375,916.7412109375,397.0552978515625,934.9960327148438,414.5863037109375,929.6331787109375,421.6171875,958.5975341796875,412.3209228515625,949.3175048828125,417.30279541015625,901.5750732421875,453.1968994140625,900.4788818359375,455.34063720703125,917.5465087890625,483.18035888671875,918.7281494140625,484.7438049316406,897.022216796875,527.9559326171875,896.2515869140625,532.4788208007812
945.2514038085938,380.2575988769531,945.93603515625,376.239501953125,940.8250732421875,376.356201171875,939.96240234375,378.635498046875,931.8803100585938,378.66705322265625,927.40771484375,400.7553405761719,929.711181640625,398.5555114746094,940.40771484375,424.83612060546875,945.345458984375,419.96734619140625,971.329833984375,416.0546875,971.98046875,409.23284912109375,909.34033203125,451.8477783203125,910.0452880859375,451.6075744628906,937.8758544921875,492.3902893066406,935.9111328125,490.683349609375,908.982666015625,529.91552734375,896.3529052734375,528.3546752929688
945.7553100585938,380.9120178222656,946.6715087890625,376.8005676269531,940.9166259765625,377.1214599609375,941.153564453125,378.78228759765625,931.4808349609375,379.24737548828125,929.677734375,400.6220703125,926.2630615234375,398.92279052734375,940.5426635742188,425.4383544921875,942.8184814453125,421.11419677734375,974.5889892578125,418.3548889160156,972.2347412109375,411.660400390625,910.037109375,452.83184814453125,906.9549560546875,452.94683837890625,941.167236328125,494.28375244140625,934.4599609375,492.9683837890625,908.698486328125,527.9493408203125,895.007080078125,527.16259765625
945.75,380.9378356933594,946.6734619140625,376.8284912109375,940.9090576171875,377.14593505859375,941.177490234375,378.804443359375,931.4736328125,379.2600402832031,929.70703125,400.62890625,926.2868041992188,398.9210205078125,940.6041259765625,425.41650390625,942.853271484375,421.09027099609375,974.6336059570312,418.2965087890625,972.2576293945312,411.6251220703125,910.1068725585938,452.83453369140625,907.0131225585938,452.94464111328125,941.19921875,494.25372314453125,934.441650390625,492.932861328125,908.7720336914062,527.9100341796875,894.9609375,527.1104125976562
970.0721435546875,385.42279052734375,969.9347534179688,381.3369140625,965.4002685546875,381.7713317871094,961.1253662109375,383.24853515625,953.395751953125,384.2071838378906,952.695068359375,403.518310546875,946.5638427734375,406.90423583984375,975.9154052734375,422.1192626953125,967.8875732421875,431.8561706542969,1001.2935791015625,412.863037109375,995.6460571289062,419.97216796875,935.11572265625,465.1676025390625,937.4501953125,467.4588317871094,941.17431640625,496.1175537109375,985.5587768554688,498.5794372558594,905.1455078125,533.6477661132812,987.54931640625,539.404052734375
975.6974487304688,389.5285949707031,975.3265380859375,385.9146423339844,973.0196533203125,386.3349609375,968.4176025390625,388.0311584472656,967.9241943359375,389.1434326171875,965.7696533203125,405.95831298828125,960.4323120117188,409.0155029296875,984.9585571289062,419.69927978515625,985.5668334960938,427.297119140625,1004.1571655273438,420.7695007324219,1008.1263427734375,420.6318054199219,949.2777099609375,463.6800842285156,952.5087890625,465.25567626953125,948.0526123046875,500.202392578125,998.2608032226562,502.0838623046875,914.5083618164062,533.4796752929688,1013.6710205078125,537.5458374023438
983.5623779296875,395.4234619140625,984.5703735351562,391.6387023925781,979.8929443359375,392.3543701171875,981.1221313476562,393.5417175292969,973.10400390625,395.50146484375,978.8582153320312,410.99249267578125,968.9767456054688,413.2027587890625,998.6246337890625,414.5684509277344,987.8447265625,417.15362548828125,1019.993408203125,415.70391845703125,1012.24072265625,402.3587646484375,965.9073486328125,468.53912353515625,967.8905029296875,469.40960693359375,955.4869384765625,506.96051025390625,1022.2542114257812,507.5477600097656,922.871826171875,539.440673828125,1047.973876953125,539.9801025390625
993.470947265625,396.883544921875,992.2991943359375,392.94586181640625,988.6397094726562,393.6618347167969,983.5479736328125,396.160400390625,979.3042602539062,396.94293212890625,979.8701171875,415.238525390625,978.5154418945312,416.41632080078125,1004.9691162109375,421.7471923828125,1003.0464477539062,424.3728332519531,1032.78173828125,421.7130432128906,1026.6072998046875,419.2264404296875,973.498046875,470.5892028808594,980.1246337890625,471.9931640625,974.7099609375,505.62176513671875,1029.767578125,506.0438232421875,940.1751708984375,538.4716796875,1039.89013671875,540.758544921875
993.462158203125,396.83831787109375,992.3442993164062,392.9068908691406,988.6561889648438,393.60595703125,983.6808471679688,396.1083068847656,979.37255859375,396.8676452636719,979.9520874023438,415.21826171875,978.4784545898438,416.3294677734375,1004.9993896484375,421.7762145996094,1002.9464721679688,424.1653747558594,1032.8974609375,421.87103271484375,1026.5823974609375,418.95037841796875,973.4141845703125,470.634033203125,979.966064453125,472.01123046875,974.53515625,505.6336669921875,1029.589111328125,506.0357666015625,940.11669921875,538.630615234375,1039.9256591796875,540.9021606445312
999.6590576171875,401.1240234375,998.0010986328125,396.88519287109375,996.0208740234375,397.802734375,988.28369140625,399.73748779296875,989.1822509765625,401.6387939453125,983.5128173828125,419.1830749511719,989.3468627929688,421.8980712890625,1011.804931640625,424.3759460449219,1014.8551025390625,431.4146728515625,1045.964599609375,425.2976989746094,1042.1004638671875,421.52337646484375,975.4461669921875,476.04345703125,985.79638671875,477.467529296875,978.67724609375,503.85260009765625,1039.217041015625,504.45343017578125,943.3610229492188,540.9984130859375,1043.4346923828125,541.5265502929688
1006.2398071289062,400.3572692871094,1005.5849609375,396.3681335449219,1001.947021484375,397.1895446777344,999.40771484375,398.6089782714844,995.3384399414062,399.87249755859375,996.5394287109375,417.1099548339844,993.5987548828125,419.6361083984375,1020.3131103515625,430.6728515625,1017.2103881835938,437.7957458496094,1046.0279541015625,435.3255615234375,1041.04931640625,438.9534912109375,988.6854858398438,474.1363220214844,993.2930908203125,475.92864990234375,996.3236083984375,505.0187072753906,1042.93115234375,506.3213195800781,957.2694091796875,542.4376220703125,1043.48388671875,545.5277099609375
1008.3531494140625,397.39569091796875,1008.5621337890625,393.5096435546875,1004.6720581054688,394.13201904296875,1004.16748046875,395.0753173828125,998.507568359375,396.24072265625,999.829345703125,413.32208251953125,994.20947265625,415.822509765625,1016.7879638671875,431.07513427734375,1014.0535888671875,438.4957580566406,1039.208740234375,437.7288818359375,1042.167236328125,444.0301513671875,991.2108154296875,468.6646728515625,993.532958984375,470.4692687988281,999.5419921875,502.90655517578125,1042.038818359375,504.1800842285156,961.8052978515625,542.6988525390625,1043.8604736328125,545.5036010742188
1010.2254638671875,387.09893798828125,1010.3682861328125,382.4560546875,1006.9625244140625,383.73370361328125,1005.5572509765625,381.9800720214844,1001.135986328125,385.56158447265625,998.87841796875,396.3408203125,995.1908569335938,406.5136413574219,1005.9937133789062,406.53021240234375,1012.7830810546875,433.97967529296875,1019.0726318359375,408.3892822265625,1040.053466796875,443.4179992675781,992.271240234375,457.0780029296875,994.63330078125,462.3740234375,1003.429443359375,495.8698425292969,1041.670654296875,502.10809326171875,967.468017578125,537.3754272460938,1041.789306640625,546.475341796875
1010.22802734375,387.02667236328125,1010.401123046875,382.3917236328125,1006.93701171875,383.644287109375,1005.6205444335938,381.97222900390625,1001.009765625,385.4779357910156,998.885986328125,396.44012451171875,995.080810546875,406.4075927734375,1006.013916015625,406.6796875,1012.672119140625,433.64532470703125,1019.0652465820312,408.60888671875,1040.0185546875,443.0379638671875,992.1546630859375,457.09527587890625,994.4462890625,462.30078125,1003.3090209960938,495.92376708984375,1041.6383056640625,502.03936767578125,967.365478515625,537.44287109375,1041.817138671875,546.386962890625
1012.7048950195312,381.0509033203125,1011.8465576171875,376.16180419921875,1007.7738037109375,377.93292236328125,1004.6380004882812,378.30322265625,998.799560546875,382.3169860839844,999.6073608398438,399.3223876953125,994.8198852539062,406.88336181640625,1014.5227661132812,418.22735595703125,1005.371826171875,438.9005126953125,1035.6474609375,420.3373718261719,1029.614013671875,445.8661193847656,992.3216552734375,457.4676513671875,994.3798828125,461.4115905761719,1001.5443115234375,492.9613037109375,1035.923828125,496.4601745605469,973.875732421875,539.0337524414062,1037.8251953125,544.0831298828125
1014.3614501953125,378.85675048828125,1013.31689453125,374.1158752441406,1010.161376953125,375.8727722167969,1005.3282470703125,375.3221740722656,1000.4620361328125,379.7037353515625,998.19970703125,391.5617980957031,994.0618896484375,405.0412902832031,1004.38623046875,397.6016845703125,1002.5106811523438,439.5008544921875,1012.9048461914062,389.06793212890625,1025.340087890625,456.61773681640625,996.6795043945312,449.7030029296875,997.7955322265625,456.1217041015625,1004.563232421875,489.8096923828125,1031.951171875,496.21258544921875,984.83984375,535.633544921875,1037.41552734375,544.0765380859375
1010.5449829101562,373.31787109375,1009.8555908203125,368.4979248046875,1006.509521484375,369.74615478515625,1003.490966796875,371.4147033691406,997.740478515625,373.73236083984375,998.5093994140625,391.9651794433594,992.0879516601562,399.81439208984375,1008.7835083007812,406.8928527832031,993.874755859375,432.1484375,1015.74560546875,414.00396728515625,1009.669921875,462.21600341796875,997.335205078125,449.71734619140625,997.35693359375,453.9429931640625,1003.673095703125,492.17779541015625,1029.3878173828125,495.2350158691406,989.2549438476562,539.061279296875,1036.8253173828125,542.70166015625
1013.6819458007812,369.9883117675781,1013.7811279296875,365.34332275390625,1009.792236328125,365.51873779296875,1008.9951171875,366.27685546875,998.899658203125,366.2062683105469,1003.187744140625,386.1827087402344,989.1591796875,387.6497497558594,1005.017578125,422.03973388671875,988.0343017578125,427.1483154296875,1016.2692260742188,448.677490234375,1003.56884765625,452.259765625,1002.21826171875,444.8223876953125,993.7972412109375,447.23883056640625,1021.6276245117188,479.54388427734375,1015.3271484375,481.93896484375,1009.5985107421875,534.869873046875,1005.744140625,538.2760009765625
1013.4022216796875,370.2594909667969,1013.5469970703125,365.61328125,1009.4818725585938,365.78997802734375,1008.8702392578125,366.51507568359375,998.649658203125,366.4404296875,1003.176513671875,386.3213195800781,989.0728759765625,387.7726135253906,1005.0413818359375,422.0189208984375,988.0596313476562,427.098876953125,1016.230712890625,448.7452697753906,1003.4404907226562,452.31512451171875,1002.4052734375,444.7784729003906,993.9443359375,447.1793212890625,1021.6221313476562,479.5782165527344,1015.3472900390625,481.95556640625,1009.5787353515625,534.8138427734375,1005.801513671875,538.2017822265625
1005.1787109375,369.83294677734375,1005.791748046875,364.9134521484375,1001.916748046875,365.76690673828125,1004.700927734375,368.1827087402344,998.3092041015625,369.4432067871094,1004.085205078125,386.09747314453125,993.6094970703125,386.07904052734375,1003.3817138671875,361.4107666015625,986.9405517578125,361.82952880859375,1006.7023315429688,338.4858703613281,991.2015380859375,343.50347900390625,1004.5584716796875,448.73870849609375,997.991943359375,449.5059814453125,1017.071533203125,496.7760314941406,1021.938232421875,496.8871765136719,1003.9209594726562,542.2967529296875,1012.974609375,542.540283203125
1005.2601928710938,369.623291015625,1005.90869140625,364.7039794921875,1001.955810546875,365.5536804199219,1004.8936767578125,367.97735595703125,998.20263671875,369.23345947265625,1004.40087890625,385.8950500488281,993.4229736328125,385.8892822265625,1004.268310546875,361.46942138671875,986.72314453125,361.865234375,1007.55029296875,338.7255859375,990.982421875,343.5137939453125,1004.5838012695312,448.54486083984375,997.72802734375,449.3132629394531,1017.05224609375,496.5563049316406,1021.8718872070312,496.691162109375,1003.932373046875,542.1138916015625,1013.034912109375,542.41943359375
1002.2158813476562,372.3890380859375,1004.2652587890625,367.3843994140625,997.4969482421875,368.0831298828125,1006.4049072265625,371.88372802734375,989.8518676757812,372.7938537597656,1008.068115234375,389.5419921875,985.2064819335938,389.73089599609375,1014.710205078125,361.2056579589844,979.5173950195312,360.34759521484375,1011.5047607421875,337.1922302246094,983.7559814453125,337.3299865722656,1008.6575317382812,449.390869140625,993.648681640625,450.27374267578125,1018.37255859375,495.825439453125,1015.919921875,496.9790954589844,1005.52001953125,541.7738037109375,1009.548828125,544.749267578125
1001.54541015625,374.23974609375,1003.630615234375,369.5995788574219,997.086181640625,370.7597351074219,1006.157958984375,370.87152099609375,989.0359497070312,373.54058837890625,1006.4177856445312,385.7243957519531,984.933349609375,400.0362854003906,1017.8426513671875,370.8541259765625,975.4180908203125,421.86322021484375,1014.7371826171875,342.6715087890625,977.0316162109375,452.0197448730469,1008.8590087890625,448.5535583496094,996.1529541015625,455.2480773925781,1012.9469604492188,494.47283935546875,1008.89990234375,499.58416748046875,1006.646484375,540.8768920898438,1003.6214599609375,544.5036010742188
1001.301025390625,374.12109375,1003.7117919921875,369.497314453125,996.80517578125,370.58966064453125,1007.0161743164062,370.69830322265625,988.905517578125,373.2113037109375,1006.9971313476562,385.9473876953125,985.2252197265625,400.3572998046875,1018.03271484375,374.09521484375,974.7625732421875,426.44537353515625,1015.371826171875,346.4302978515625,973.64111328125,462.0142822265625,1009.1163940429688,448.7681884765625,996.5302734375,455.42156982421875,1012.7605590820312,494.92913818359375,1008.8326416015625,499.5627136230469,1006.626953125,541.7246704101562,1004.47705078125,544.4309692382812
994.1321411132812,373.09674072265625,997.3990478515625,369.29168701171875,990.6513671875,369.4477844238281,1002.6828002929688,371.48345947265625,984.66357421875,371.7768859863281,1006.2394409179688,388.9358825683594,978.747802734375,396.8883361816406,1017.4600830078125,385.606201171875,968.3897094726562,420.817138671875,1012.247314453125,359.8777770996094,972.5653076171875,448.66583251953125,1004.6303100585938,447.3690490722656,988.0838012695312,450.7943115234375,1003.0181884765625,493.0117492675781,993.5022583007812,493.8277587890625,1001.817138671875,538.6466064453125,995.698486328125,536.7940673828125
992.3330078125,374.42474365234375,995.3106079101562,369.8531799316406,988.4176025390625,370.23297119140625,999.354248046875,371.02923583984375,981.8735961914062,371.833740234375,1005.0885009765625,392.3453369140625,974.7169189453125,393.06494140625,1015.1204833984375,417.799072265625,961.298583984375,418.0686950683594,1019.7368774414062,440.930419921875,957.5421142578125,441.82073974609375,1001.678955078125,444.71722412109375,983.16162109375,445.1968994140625,1002.0872802734375,488.12567138671875,985.8041381835938,488.4106750488281,1003.8132934570312,531.509521484375,988.6644287109375,531.54052734375
992.54150390625,374.422607421875,995.5090942382812,369.81243896484375,988.5921630859375,370.2332763671875,999.5804443359375,370.9442138671875,982.00244140625,371.8653564453125,1005.3616943359375,392.3287353515625,974.8584594726562,393.126220703125,1015.0467529296875,417.8592529296875,961.2835693359375,418.1084289550781,1018.933837890625,440.90411376953125,957.38232421875,441.85821533203125,1001.9089965820312,444.80084228515625,983.2608032226562,445.30364990234375,1002.2447509765625,488.313720703125,985.702392578125,488.59906005859375,1003.9967041015625,531.7833251953125,988.6229248046875,531.8037719726562
988.5980224609375,371.93975830078125,991.7279052734375,367.4029541015625,984.6220092773438,367.69927978515625,995.924072265625,368.884765625,978.2319946289062,369.4589538574219,1002.4132080078125,390.8475036621094,970.4921875,391.51800537109375,1014.7584228515625,415.855712890625,955.986572265625,416.77374267578125,1023.6373291015625,440.75347900390625,951.4107666015625,441.89617919921875,998.846923828125,443.36419677734375,978.6878662109375,443.78216552734375,1003.6272583007812,486.0272216796875,975.6529541015625,486.3426513671875,1006.466064453125,528.85498046875,973.2415771484375,529.0996704101562
988.5748901367188,371.95391845703125,991.7089233398438,367.41949462890625,984.6080322265625,367.71563720703125,995.9126586914062,368.8997497558594,978.2347412109375,369.4748840332031,1002.4075927734375,390.85174560546875,970.477294921875,391.52325439453125,1014.690185546875,415.871337890625,955.9627075195312,416.777587890625,1023.4821166992188,440.84100341796875,951.410888671875,441.98358154296875,998.826171875,443.2634582519531,978.6575317382812,443.682861328125,1003.638427734375,485.9085388183594,975.6392211914062,486.225830078125,1006.490478515625,528.7551879882812,973.25830078125,528.99560546875
978.2254028320312,369.80682373046875,981.876220703125,365.4216613769531,974.3919677734375,365.62066650390625,989.5830078125,366.22998046875,968.3201293945312,366.62615966796875,999.3721923828125,387.72857666015625,959.7611083984375,389.2523193359375,1011.7164306640625,413.076171875,948.39013671875,416.71710205078125,1018.550537109375,438.9824523925781,946.7191162109375,440.3738708496094,993.7684326171875,443.07562255859375,966.2144165039062,443.70654296875,1004.8043212890625,486.7294006347656,954.125244140625,487.9790954589844,1008.8439331054688,533.6920166015625,945.1815185546875,536.1982421875
972.7948608398438,369.82867431640625,976.2852783203125,365.57177734375,969.0302124023438,365.8756103515625,984.2064208984375,366.9613037109375,963.7241821289062,367.6174621582031,994.4815063476562,389.73443603515625,957.1437377929688,390.3931884765625,1008.2508544921875,414.82586669921875,944.02294921875,414.70318603515625,1015.512939453125,442.02581787109375,938.530029296875,436.36212158203125,989.6284790039062,445.107666015625,963.217041015625,444.968017578125,1000.70751953125,487.8804016113281,947.3219604492188,488.2127685546875,1006.322509765625,532.9664306640625,934.4970703125,534.0093383789062
969.0150146484375,371.6824951171875,972.3460693359375,367.6573486328125,965.324462890625,367.8531494140625,979.5430297851562,369.3926696777344,959.7086791992188,369.72882080078125,989.4903564453125,392.1441650390625,952.94921875,392.4364929199219,1005.5643310546875,416.24835205078125,937.6276245117188,414.290771484375,1014.00048828125,442.6676025390625,927.1370849609375,434.51300048828125,986.37060546875,444.3935546875,959.9853515625,444.1130676269531,997.2913818359375,487.48858642578125,938.58203125,487.94647216796875,1005.1712646484375,532.0225219726562,921.7205810546875,533.892578125
968.9351806640625,371.8387451171875,972.27197265625,367.8181457519531,965.2669677734375,368.0072937011719,979.5089111328125,369.5523681640625,959.68994140625,369.8742370605469,989.5118408203125,392.2898254394531,952.9091796875,392.5685119628906,1005.574462890625,416.4011535644531,937.50732421875,414.36834716796875,1013.959228515625,442.9215087890625,926.9371337890625,434.6031494140625,986.4466552734375,444.5567626953125,960.0148315429688,444.27752685546875,997.4349975585938,487.5970458984375,938.5911865234375,488.07342529296875,1005.350341796875,532.0597534179688,921.7139282226562,533.9778442382812
968.9525146484375,371.7818298339844,972.2909545898438,367.7557373046875,965.2740478515625,367.9479675292969,979.528076171875,369.4886474609375,959.6870727539062,369.8165588378906,989.521240234375,392.230224609375,952.9312744140625,392.50579833984375,1005.5804443359375,416.37725830078125,937.5499267578125,414.3553161621094,1013.9606323242188,442.9142761230469,927.0023193359375,434.66607666015625,986.4410400390625,444.4461364746094,960.014892578125,444.1605224609375,997.3985595703125,487.5400085449219,938.5845947265625,487.9974060058594,1005.318359375,532.0507202148438,921.70458984375,533.9342041015625
958.9705810546875,371.10699462890625,962.685791015625,367.34674072265625,955.8261108398438,367.1313171386719,969.581298828125,369.27294921875,950.5572509765625,368.78173828125,977.9620971679688,392.1815185546875,941.4032592773438,392.6067810058594,992.8001708984375,416.7915344238281,928.966796875,418.53375244140625,1002.9862060546875,440.78216552734375,923.0780029296875,441.49169921875,972.75146484375,447.4054870605469,945.7374267578125,447.4173583984375,990.4376220703125,489.223876953125,928.4183349609375,489.81396484375,1004.8763427734375,532.945068359375,916.6351318359375,535.0676879882812
954.0975341796875,374.3757019042969,957.5992431640625,370.565673828125,950.7919921875,370.42132568359375,964.03564453125,371.81243896484375,945.271728515625,371.3872375488281,972.0531005859375,393.5985107421875,937.1817626953125,393.55487060546875,987.21728515625,417.8148193359375,925.552978515625,417.8341369628906,996.2509765625,441.3797607421875,920.3490600585938,440.27734375,968.5123291015625,447.5016174316406,942.567626953125,447.416015625,987.332275390625,489.63720703125,927.2744140625,489.9183654785156,1003.8074340820312,532.7041625976562,917.294921875,534.5245971679688
951.140625,375.242431640625,954.5322875976562,371.40399169921875,947.7064819335938,371.28662109375,960.6497802734375,372.68829345703125,941.9493408203125,372.23486328125,969.1287231445312,394.4945068359375,933.572509765625,394.1664733886719,983.156494140625,419.00677490234375,921.5963134765625,418.1810302734375,990.87255859375,443.9451904296875,917.9954833984375,441.3236083984375,966.4072265625,446.64410400390625,940.266357421875,446.4544372558594,983.31591796875,488.66949462890625,925.5474243164062,488.7377014160156,996.52734375,531.6976928710938,915.8461303710938,532.8247680664062
948.3106689453125,374.6470642089844,951.6015625,370.8037109375,944.76708984375,370.7479248046875,957.7652587890625,372.0856018066406,939.0624389648438,371.78179931640625,967.138671875,394.2073059082031,931.3075561523438,393.49169921875,980.0260009765625,419.8245849609375,919.0941162109375,416.1187744140625,985.5692138671875,445.6064758300781,910.9725952148438,437.61712646484375,965.6354370117188,445.5116271972656,939.7044677734375,445.1231689453125,980.40234375,487.4288330078125,925.2445068359375,487.4154968261719,989.4403076171875,530.2747802734375,914.4639892578125,531.380615234375
948.37890625,374.6481628417969,951.6696166992188,370.7994689941406,944.8197021484375,370.7524108886719,957.8155517578125,372.0764465332031,939.0979614257812,371.79510498046875,967.0880126953125,394.1832275390625,931.427001953125,393.5221252441406,979.90625,419.7325744628906,919.0460815429688,416.1096496582031,985.3353271484375,445.3985595703125,910.5784912109375,437.58099365234375,965.718017578125,445.57025146484375,939.9028930664062,445.203369140625,980.3841552734375,487.4810485839844,925.3211059570312,487.5125732421875,989.464599609375,530.2442626953125,914.390625,531.447509765625
945.0819091796875,373.8130187988281,948.46337890625,369.1563720703125,941.3092041015625,369.39984130859375,954.3291015625,370.22491455078125,935.9168701171875,370.8275146484375,963.605712890625,391.3512268066406,930.30078125,391.8870849609375,976.54150390625,415.62945556640625,914.9496459960938,415.99896240234375,982.402099609375,435.6444091796875,907.8517456054688,435.5911560058594,961.6561889648438,444.1238708496094,938.81982421875,444.13946533203125,972.7377319335938,483.98797607421875,925.1326904296875,483.7109375,979.0931396484375,526.9968872070312,916.4857177734375,526.575439453125
944.2047119140625,373.9779968261719,947.0582885742188,369.2780456542969,940.5159912109375,369.75689697265625,952.4100341796875,369.6213684082031,935.254150390625,370.8490905761719,962.4054565429688,389.4927062988281,929.2591552734375,390.6676025390625,975.1702880859375,413.50286865234375,913.7806396484375,414.7012023925781,979.2174682617188,434.0534362792969,907.1455078125,434.81005859375,961.3553466796875,441.47308349609375,938.6710205078125,441.8257141113281,970.947265625,483.9535217285156,924.4564208984375,483.8555603027344,976.365234375,527.3267822265625,915.56787109375,527.1593017578125
940.6622314453125,371.21746826171875,943.3159790039062,366.4820556640625,937.3524169921875,366.9969482421875,948.8673095703125,366.3135681152344,932.91943359375,367.67218017578125,959.9794921875,385.8282165527344,927.7220458984375,387.287109375,973.5415649414062,411.3617248535156,913.144287109375,413.0484619140625,978.437255859375,436.69378662109375,904.8720703125,437.49725341796875,960.2718505859375,437.9312438964844,938.1644287109375,438.43646240234375,970.4647216796875,482.3670959472656,922.9645385742188,482.404541015625,977.818359375,527.334716796875,914.4508056640625,527.1943969726562
939.2459716796875,366.70184326171875,942.2444458007812,362.90869140625,936.0391845703125,362.799072265625,948.4616088867188,364.1483154296875,930.69189453125,363.82659912109375,958.7398681640625,386.32073974609375,922.7076416015625,385.27935791015625,970.8114013671875,415.6859436035156,908.7266235351562,408.7628173828125,969.8336181640625,445.77886962890625,898.9046630859375,430.8761901855469,958.706298828125,435.75714111328125,933.074462890625,435.7367248535156,969.2369384765625,479.3031005859375,916.4932250976562,480.0819396972656,981.1653442382812,525.4365844726562,909.921142578125,527.670654296875
939.2788696289062,366.6224365234375,942.27392578125,362.8243408203125,936.0635375976562,362.72021484375,948.4887084960938,364.06182861328125,930.6962890625,363.7445983886719,958.7178955078125,386.1686096191406,922.7646484375,385.1514892578125,970.921142578125,415.3389892578125,908.8070068359375,408.6188049316406,969.9803466796875,445.209228515625,899.5528564453125,430.76068115234375,958.64892578125,435.5933837890625,933.072265625,435.5836486816406,969.2115478515625,479.04901123046875,916.6817626953125,479.807373046875,981.122802734375,525.296630859375,910.0654296875,527.471923828125
935.879150390625,366.8209533691406,938.8385009765625,363.12579345703125,933.2455444335938,362.96844482421875,946.0237426757812,364.16217041015625,929.3138427734375,363.8008117675781,957.3268432617188,385.4054260253906,922.9524536132812,384.4926452636719,970.7876586914062,414.17169189453125,910.0900268554688,407.827880859375,969.5516967773438,444.5927734375,901.1219482421875,430.538818359375,958.0588989257812,432.8714599609375,932.99462890625,432.7731628417969,970.1588745117188,476.0654296875,914.2575073242188,476.6783447265625,983.9278564453125,521.5827026367188,905.5186157226562,523.4088745117188
932.2606201171875,369.94403076171875,935.653076171875,366.09893798828125,929.4325561523438,366.03485107421875,943.9297485351562,366.5296630859375,926.426025390625,366.4856872558594,955.6629638671875,386.36328125,921.4522705078125,384.88751220703125,967.613037109375,415.87664794921875,908.6707763671875,410.08905029296875,968.525146484375,446.6365966796875,900.6875610351562,434.84027099609375,956.043212890625,433.0137939453125,930.654541015625,432.0861511230469,969.5770263671875,475.2994079589844,908.6470947265625,474.6091003417969,986.36474609375,523.634521484375,900.175537109375,523.24560546875
927.5797119140625,372.23712158203125,930.8677978515625,368.39874267578125,924.6689453125,368.5230712890625,939.873046875,369.3738098144531,922.3919677734375,369.7320556640625,953.9825439453125,390.3984375,919.3178100585938,388.7189025878906,967.7330322265625,419.63079833984375,908.6936645507812,413.130859375,968.3118896484375,450.21490478515625,904.5867919921875,437.13848876953125,956.5352783203125,438.06927490234375,930.2882080078125,436.79071044921875,970.2781982421875,478.147705078125,904.8883666992188,476.52044677734375,988.224365234375,525.3758544921875,894.8599853515625,522.7312622070312
932.229248046875,376.04486083984375,935.2242431640625,372.3882751464844,928.5836181640625,372.4122314453125,941.5870361328125,374.0462646484375,923.5317993164062,374.04986572265625,953.973388671875,396.9802551269531,917.0081176757812,394.670654296875,966.4227905273438,425.7000732421875,907.1207275390625,418.2740478515625,964.998046875,454.5029296875,902.67822265625,442.5162353515625,954.6083984375,446.08868408203125,926.4622802734375,444.5987548828125,971.431884765625,485.37738037109375,900.8113403320312,483.4459533691406,987.1832885742188,527.32763671875,888.1612548828125,524.4896240234375
932.2281494140625,376.0622863769531,935.2304077148438,372.4051513671875,928.5889892578125,372.42681884765625,941.6180419921875,374.0478515625,923.5535888671875,374.0484924316406,954.011962890625,396.9757080078125,917.0366821289062,394.6465759277344,966.454833984375,425.66790771484375,907.1175537109375,418.201171875,965.046142578125,454.45330810546875,902.610107421875,442.44659423828125,954.5869140625,446.0649719238281,926.4371337890625,444.5596923828125,971.3992919921875,485.2447509765625,900.742431640625,483.2892150878906,987.2199096679688,527.1791381835938,888.159912109375,524.3116455078125
932.6719970703125,395.2138671875,935.1285400390625,391.4930419921875,929.6439208984375,391.87213134765625,941.31787109375,392.52081298828125,925.9898071289062,393.1583251953125,954.312255859375,410.95166015625,920.7227783203125,411.184326171875,969.1512451171875,431.39141845703125,909.0866088867188,433.1298522949219,974.8335571289062,452.1977233886719,907.697998046875,456.62030029296875,955.3131103515625,454.42474365234375,928.404296875,453.54486083984375,974.7130737304688,488.4331970214844,903.4451904296875,486.38079833984375,989.4942626953125,530.9104614257812,884.11279296875,526.3383178710938
932.656982421875,395.14935302734375,935.11181640625,391.4273986816406,929.6236572265625,391.8133544921875,941.3197631835938,392.46478271484375,925.98095703125,393.117919921875,954.3239135742188,410.91790771484375,920.7559814453125,411.17333984375,969.1275634765625,431.3712158203125,909.1549072265625,433.14642333984375,974.7987670898438,452.2327880859375,907.7924194335938,456.6505126953125,955.3265991210938,454.3341979980469,928.4254760742188,453.459716796875,974.7835693359375,488.3695068359375,903.4487915039062,486.3273010253906,989.3873291015625,530.806884765625,883.9090576171875,526.2432250976562
938.746826171875,402.7079772949219,941.4625854492188,399.3763427734375,935.6687622070312,399.3099060058594,946.5964965820312,400.71417236328125,930.4487915039062,400.01885986328125,956.6630859375,418.51446533203125,920.365234375,418.04669189453125,969.6458129882812,434.5423583984375,904.0453491210938,440.96435546875,975.6560668945312,442.44256591796875,905.5430908203125,464.33734130859375,951.475830078125,462.9092102050781,922.8223876953125,461.6979675292969,973.458251953125,492.4516296386719,899.937744140625,489.5543212890625,987.7437744140625,536.146484375,880.6085205078125,530.87255859375
942.50341796875,408.8738708496094,944.9840087890625,405.45074462890625,938.9061279296875,405.5589294433594,949.796630859375,405.5230407714844,933.1748657226562,405.45355224609375,959.2332763671875,420.4287414550781,926.1885986328125,421.01995849609375,977.9595947265625,433.9869384765625,911.8756713867188,441.01348876953125,992.9932250976562,440.0433654785156,911.8456420898438,459.3983459472656,956.56201171875,461.4049987792969,931.142822265625,461.2742919921875,973.102783203125,492.07415771484375,903.758544921875,490.19287109375,985.7364501953125,535.4073486328125,881.9617919921875,530.333984375
942.6069946289062,408.84503173828125,945.088134765625,405.427978515625,939.001953125,405.52667236328125,949.8781127929688,405.5118408203125,933.2581787109375,405.4155578613281,959.2467041015625,420.41156005859375,926.340087890625,420.9319152832031,977.87109375,433.97430419921875,911.945068359375,440.8891296386719,992.56982421875,439.79974365234375,911.7554931640625,459.3643798828125,956.580322265625,461.2821044921875,931.2493896484375,461.10516357421875,973.0277709960938,492.0649108886719,903.8289794921875,490.0938720703125,985.689697265625,535.38525390625,881.989013671875,530.1607666015625
969.31298828125,403.607177734375,971.7383422851562,400.38739013671875,965.67724609375,400.318359375,975.067138671875,401.9019470214844,958.2496948242188,401.1343994140625,978.4461669921875,417.6357421875,948.230712890625,417.92547607421875,994.5743408203125,429.6702880859375,932.317626953125,441.546630859375,1004.210693359375,425.8140563964844,940.9429931640625,456.24505615234375,962.9713134765625,462.770263671875,938.583740234375,461.57861328125,988.768310546875,493.87603759765625,922.5671997070312,491.1175231933594,990.6839599609375,534.77783203125,886.0953369140625,529.2398681640625
984.478271484375,400.6116943359375,986.206787109375,396.89129638671875,980.41845703125,397.1637268066406,986.6356201171875,397.443115234375,971.1018676757812,397.60577392578125,985.0306396484375,414.31365966796875,959.7192993164062,415.18524169921875,999.0661010742188,431.00750732421875,954.267822265625,439.6438293457031,1013.16796875,423.719970703125,980.890625,442.60394287109375,962.4061889648438,460.4689636230469,940.720458984375,460.88177490234375,990.7315063476562,492.22467041015625,927.1030883789062,491.8398742675781,985.12353515625,532.3043212890625,885.712158203125,531.7203369140625
984.3594360351562,400.52337646484375,986.1075439453125,396.79266357421875,980.295654296875,397.0751953125,986.6390991210938,397.32635498046875,971.0233154296875,397.51507568359375,985.078125,414.2197265625,959.764404296875,415.150634765625,999.1495361328125,430.85614013671875,954.138671875,439.70892333984375,1013.3150634765625,423.7696533203125,980.5171508789062,443.1131591796875,962.5111083984375,460.46649169921875,940.81787109375,460.88519287109375,990.7619018554688,492.2685241699219,926.9217529296875,491.87860107421875,985.2896118164062,532.2551879882812,885.42041015625,531.6441650390625
995.72216796875,398.3691101074219,997.9344482421875,394.9778137207031,991.0358276367188,395.1561279296875,1000.317138671875,396.69970703125,981.762451171875,396.0597839355469,1001.029296875,414.93963623046875,975.2421875,413.62103271484375,1017.3367309570312,430.5757141113281,963.826416015625,437.3685302734375,1029.0299072265625,430.32562255859375,980.5552978515625,451.10833740234375,983.3629760742188,460.44036865234375,962.279052734375,457.7705383300781,997.275390625,495.18023681640625,934.8209838867188,490.5808410644531,993.0260009765625,530.1673583984375,890.815185546875,522.8731689453125
995.7775268554688,398.378662109375,997.9888916015625,394.9820251464844,991.0841064453125,395.16363525390625,1000.3526611328125,396.6859130859375,981.787109375,396.0548095703125,1000.9930419921875,414.8785400390625,975.271484375,413.5851745605469,1017.3172607421875,430.5222473144531,963.847900390625,437.26251220703125,1029.03515625,430.3221130371094,980.6354370117188,450.741455078125,983.3032836914062,460.4210205078125,962.2882690429688,457.7862854003906,997.2823486328125,495.081298828125,935.115234375,490.560302734375,992.904296875,530.048583984375,891.108154296875,522.888427734375
1015.68994140625,396.5047607421875,1018.264892578125,392.84320068359375,1012.141845703125,392.7442932128906,1018.68701171875,394.863525390625,1004.6987915039062,394.4586181640625,1013.7371826171875,413.2381591796875,993.4923706054688,413.8341979980469,1023.1973876953125,435.04339599609375,998.0504150390625,439.808837890625,1032.958984375,435.66656494140625,1022.5431518554688,444.7216796875,985.649169921875,458.19024658203125,970.64501953125,458.47808837890625,1003.4840698242188,493.7787780761719,976.0003051757812,494.4322814941406,988.6834716796875,526.2848510742188,952.1526489257812,529.1732177734375
1022.6531982421875,400.25909423828125,1024.568603515625,396.73651123046875,1019.7264404296875,396.02081298828125,1021.8649291992188,397.27862548828125,1012.5369873046875,395.4150695800781,1014.450439453125,413.10406494140625,1001.0576171875,411.13323974609375,1025.560791015625,434.937255859375,1018.0538330078125,434.64739990234375,1044.419921875,431.8133544921875,1044.787109375,436.77618408203125,988.5789794921875,457.98590087890625,977.3995971679688,457.46038818359375,1012.7518310546875,495.53570556640625,986.1810302734375,494.4791259765625,995.5753173828125,530.6790771484375,959.6321411132812,531.4998168945312
1032.3800048828125,398.7864074707031,1034.234619140625,394.8128356933594,1029.6820068359375,394.6247863769531,1028.619873046875,394.6484069824219,1023.3868408203125,393.99896240234375,1018.1715087890625,410.8336486816406,1012.9959716796875,410.74493408203125,1032.2091064453125,430.74090576171875,1023.6776123046875,433.57586669921875,1052.594482421875,429.53118896484375,1044.30078125,432.7473449707031,993.4345092773438,459.3119201660156,989.3839111328125,460.07574462890625,1009.558837890625,488.79180908203125,1008.748046875,489.71466064453125,995.1099853515625,532.9811401367188,993.0687255859375,536.2345581054688
1032.3643798828125,398.777587890625,1034.2176513671875,394.8018493652344,1029.6444091796875,394.62030029296875,1028.6575927734375,394.65191650390625,1023.3220825195312,394.0199890136719,1018.2144775390625,410.8712158203125,1012.9317626953125,410.807373046875,1032.373046875,430.75140380859375,1023.69384765625,433.66192626953125,1052.7982177734375,429.49981689453125,1044.37255859375,432.75958251953125,993.464599609375,459.3767395019531,989.344970703125,460.1635437011719,1009.6400756835938,488.65875244140625,1008.7747192382812,489.60400390625,995.0692138671875,532.9041748046875,992.991455078125,536.1893920898438
1032.3526611328125,398.7740478515625,1034.2127685546875,394.79833984375,1029.6319580078125,394.6169128417969,1028.6343994140625,394.65081787109375,1023.3158569335938,394.023193359375,1018.1907958984375,410.8783264160156,1012.961669921875,410.8245849609375,1032.3846435546875,430.7262268066406,1023.80859375,433.6405334472656,1052.858154296875,429.48260498046875,1044.4986572265625,432.7460632324219,993.5172119140625,459.3456115722656,989.4259643554688,460.13861083984375,1009.6944580078125,488.67132568359375,1008.8297119140625,489.61370849609375,995.2670288085938,532.8652954101562,993.15380859375,536.1455078125
1044.5906982421875,399.48870849609375,1045.13720703125,395.0799865722656,1042.3765869140625,395.4791259765625,1034.4605712890625,394.01611328125,1036.28125,394.89990234375,1024.6480712890625,409.4786682128906,1027.7220458984375,412.0421447753906,1037.63232421875,431.9908447265625,1037.8701171875,438.08221435546875,1063.6805419921875,436.6138916015625,1060.441650390625,441.25885009765625,1009.803955078125,463.6649169921875,1011.952880859375,465.67291259765625,1026.551025390625,497.7433776855469,1032.826416015625,498.98779296875,1011.682373046875,541.8836669921875,1017.916015625,545.74755859375
1055.845703125,399.089599609375,1056.2576904296875,394.41021728515625,1051.8675537109375,395.22314453125,1049.90673828125,394.6533203125,1043.06005859375,396.5887451171875,1038.7646484375,412.84979248046875,1035.2322998046875,416.8338623046875,1046.629150390625,436.08612060546875,1039.5662841796875,444.99566650390625,1058.516357421875,445.62579345703125,1051.6605224609375,455.72576904296875,1015.4658203125,462.26898193359375,1018.1309814453125,464.61602783203125,1024.724609375,501.63836669921875,1056.8594970703125,504.44598388671875,1003.688720703125,541.1611328125,1062.503662109375,548.1854248046875
1058.5892333984375,401.1134033203125,1059.3065185546875,395.8570556640625,1055.149169921875,396.9075622558594,1053.855712890625,395.15069580078125,1048.125244140625,397.82794189453125,1042.664306640625,413.6683349609375,1041.583984375,420.20166015625,1046.1282958984375,440.8099365234375,1043.794677734375,455.99847412109375,1058.6214599609375,459.02203369140625,1061.6783447265625,482.32958984375,1024.5833740234375,468.48687744140625,1029.0675048828125,472.81671142578125,1028.491943359375,507.25506591796875,1069.661376953125,512.0745849609375,1006.39306640625,546.1444091796875,1079.7945556640625,555.56103515625
1063.5545654296875,406.23248291015625,1064.261474609375,401.50146484375,1059.8134765625,402.00274658203125,1058.227783203125,401.0922546386719,1050.4981689453125,402.14154052734375,1046.8853759765625,418.67523193359375,1042.9986572265625,422.5342712402344,1047.336181640625,442.29852294921875,1040.4560546875,452.06207275390625,1056.2685546875,455.4086608886719,1052.5787353515625,474.7452392578125,1035.604736328125,473.60797119140625,1038.66162109375,476.89306640625,1040.754150390625,507.85260009765625,1081.1275634765625,511.3983154296875,1011.8214111328125,546.5784912109375,1084.692138671875,554.4506225585938
1063.4879150390625,406.5438537597656,1063.8902587890625,401.8113098144531,1059.845947265625,402.3838806152344,1057.3369140625,401.39984130859375,1050.6689453125,402.58642578125,1046.500732421875,418.89166259765625,1043.02783203125,422.8045654296875,1047.156982421875,442.5072326660156,1040.3775634765625,452.1588134765625,1056.267822265625,455.8343505859375,1052.301025390625,474.84625244140625,1035.5704345703125,473.7560119628906,1038.900634765625,477.0531005859375,1040.800537109375,508.0916748046875,1081.0360107421875,511.58447265625,1011.9862060546875,546.6759033203125,1084.70849609375,554.4364013671875
1063.95068359375,404.6324462890625,1065.4290771484375,400.173828125,1060.3843994140625,400.4206237792969,1061.8486328125,400.25457763671875,1052.54638671875,400.78936767578125,1051.782958984375,417.7532958984375,1045.990234375,421.2732238769531,1050.02587890625,441.4190673828125,1041.03125,449.44427490234375,1051.921875,456.4600524902344,1043.40283203125,472.30023193359375,1043.3515625,470.86016845703125,1044.88623046875,473.8797607421875,1046.76318359375,505.45355224609375,1083.3746337890625,509.548095703125,1017.0730590820312,542.0220947265625,1083.381103515625,551.0166625976562
1064.37841796875,403.52337646484375,1065.9049072265625,399.5960693359375,1060.623291015625,399.8085021972656,1064.151611328125,400.65826416015625,1052.3143310546875,400.8296813964844,1055.9393310546875,417.5347900390625,1045.35888671875,420.9071044921875,1056.489501953125,435.7720947265625,1038.82861328125,449.6715087890625,1056.815673828125,442.9065856933594,1039.8553466796875,473.48095703125,1049.1400146484375,471.3095703125,1046.3006591796875,473.21502685546875,1059.6904296875,509.05767822265625,1081.5537109375,511.1898193359375,1033.4912109375,544.1539306640625,1073.3341064453125,548.8447265625
1066.185302734375,398.14666748046875,1067.6524658203125,394.403564453125,1062.368896484375,394.22943115234375,1064.647705078125,396.2330322265625,1052.80419921875,395.364990234375,1054.23974609375,412.9693908691406,1045.7462158203125,416.92156982421875,1058.1612548828125,423.8757019042969,1039.74658203125,446.09088134765625,1061.48681640625,420.2523193359375,1039.736572265625,472.73101806640625,1048.362060546875,469.70379638671875,1048.802001953125,471.5884094238281,1053.226806640625,508.19842529296875,1091.8291015625,509.7030029296875,1019.748291015625,543.9419555664062,1085.943115234375,547.557861328125
1065.20751953125,388.6852111816406,1067.074462890625,384.65350341796875,1061.067626953125,384.7520751953125,1065.05078125,386.563232421875,1051.225830078125,386.5947265625,1054.7611083984375,403.96356201171875,1044.6905517578125,410.827880859375,1060.4830322265625,410.66986083984375,1037.01611328125,442.3800048828125,1064.5416259765625,402.55609130859375,1034.3724365234375,470.1553955078125,1047.6319580078125,464.43975830078125,1048.1083984375,467.266845703125,1046.293701171875,505.5685729980469,1091.505859375,508.301513671875,1013.9525146484375,543.622802734375,1091.5782470703125,548.8914794921875
1065.148193359375,388.62615966796875,1067.0245361328125,384.5810546875,1060.9969482421875,384.68865966796875,1065.036865234375,386.49591064453125,1051.155517578125,386.5463562011719,1054.764892578125,403.98016357421875,1044.6405029296875,410.8046875,1060.394775390625,410.96746826171875,1036.9525146484375,442.392578125,1064.35302734375,403.2884521484375,1034.3922119140625,470.2597961425781,1047.573486328125,464.5201721191406,1048.009033203125,467.33770751953125,1046.298095703125,505.6923828125,1091.4910888671875,508.42340087890625,1013.9229736328125,543.677978515625,1091.525146484375,548.9517822265625
1063.6790771484375,386.65838623046875,1065.687255859375,381.9683532714844,1060.038818359375,382.1390075683594,1062.885986328125,381.9776611328125,1051.80322265625,382.41741943359375,1052.378662109375,400.62738037109375,1045.052734375,405.06689453125,1049.2548828125,422.6108093261719,1037.28173828125,435.8634338378906,1048.004638671875,436.76031494140625,1037.0869140625,467.089111328125,1044.3233642578125,459.16912841796875,1044.849853515625,462.3145751953125,1039.5887451171875,499.97064208984375,1076.255126953125,503.96099853515625,1016.5980834960938,540.741943359375,1082.2518310546875,549.8746948242188
1060.8577880859375,383.6103515625,1063.42041015625,379.083740234375,1057.323486328125,378.92950439453125,1062.0701904296875,379.64898681640625,1049.3321533203125,379.2977294921875,1051.796875,398.3200378417969,1042.17578125,402.1556396484375,1053.11572265625,414.7211608886719,1034.8997802734375,431.18994140625,1056.8231201171875,422.126708984375,1037.139892578125,464.02899169921875,1041.55712890625,456.62713623046875,1040.3719482421875,459.4300537109375,1038.8984375,498.5654296875,1073.5953369140625,501.49542236328125,1018.0867309570312,541.3499755859375,1080.457275390625,548.487548828125
1057.728515625,380.3955078125,1060.7822265625,376.3082275390625,1053.6124267578125,375.82220458984375,1061.5625,378.32196044921875,1043.4173583984375,376.992431640625,1051.576171875,393.7044677734375,1036.233642578125,401.359130859375,1061.1995849609375,383.79583740234375,1024.615478515625,431.484375,1071.197265625,356.5723876953125,1022.067626953125,466.9937438964844,1043.4149169921875,454.62939453125,1039.042724609375,457.1549377441406,1041.1798095703125,498.2765808105469,1072.74365234375,499.1336975097656,1018.6317138671875,542.8920288085938,1072.08544921875,544.0753173828125
1053.1055908203125,381.2328186035156,1055.394775390625,377.0814514160156,1049.083251953125,377.24786376953125,1055.325439453125,379.07080078125,1040.7652587890625,378.89398193359375,1048.8681640625,395.72637939453125,1033.9893798828125,404.1843566894531,1057.9794921875,393.8106994628906,1021.9509887695312,433.0472717285156,1067.56982421875,371.36566162109375,1018.5668334960938,472.83544921875,1040.457275390625,456.9649658203125,1035.439453125,461.1056213378906,1041.1279296875,498.09539794921875,1062.2391357421875,499.297119140625,1019.538818359375,539.169189453125,1056.7578125,538.4098510742188
1053.018798828125,381.2033386230469,1055.345947265625,377.07537841796875,1048.994873046875,377.20745849609375,1055.295166015625,379.1459655761719,1040.6385498046875,378.88055419921875,1048.7066650390625,395.8956298828125,1033.8590087890625,404.20440673828125,1057.662109375,394.0333557128906,1021.9130859375,433.1062316894531,1067.15087890625,371.45550537109375,1018.90771484375,473.15863037109375,1040.23388671875,457.03680419921875,1035.181396484375,461.1126708984375,1041.145263671875,498.10247802734375,1062.02587890625,499.1715087890625,1019.7008056640625,539.1732177734375,1056.40966796875,538.1768798828125
1041.771240234375,382.80548095703125,1044.77587890625,378.2185363769531,1036.8232421875,378.74273681640625,1048.8577880859375,379.423828125,1028.2784423828125,380.142333984375,1047.7132568359375,399.91595458984375,1024.0386962890625,402.71075439453125,1052.1365966796875,418.4888916015625,1013.8423461914062,429.17352294921875,1051.86083984375,432.27166748046875,1010.3243408203125,457.1349792480469,1042.568359375,457.4681396484375,1031.853515625,458.82293701171875,1038.357666015625,499.579833984375,1057.484375,501.08221435546875,1014.5263671875,538.4829711914062,1055.798828125,542.4869384765625
1041.7723388671875,382.73822021484375,1044.7984619140625,378.1568603515625,1036.8250732421875,378.66973876953125,1048.8978271484375,379.37744140625,1028.245849609375,380.0781555175781,1047.60546875,399.7784423828125,1024.07421875,402.6729736328125,1052.213134765625,417.808837890625,1013.7683715820312,429.12646484375,1051.980224609375,430.69561767578125,1010.128173828125,457.0754699707031,1042.25,457.27618408203125,1031.692138671875,458.6455993652344,1037.650390625,499.248779296875,1057.378173828125,500.73211669921875,1013.8896484375,538.3580322265625,1055.9454345703125,542.3143310546875
1035.103271484375,380.0391540527344,1038.2691650390625,375.5549011230469,1030.5145263671875,376.018798828125,1043.08984375,377.38031005859375,1022.550048828125,378.1141662597656,1044.4385986328125,401.4555358886719,1015.3309936523438,401.79766845703125,1051.9132080078125,429.1123046875,1002.94580078125,428.1459045410156,1058.29931640625,457.55316162109375,999.919921875,454.97406005859375,1034.882568359375,456.04736328125,1020.926513671875,456.7413330078125,1034.572021484375,499.7169189453125,1048.597900390625,500.885009765625,1014.3009033203125,540.4616088867188,1054.136962890625,544.5156860351562
1026.1630859375,377.4320068359375,1029.5953369140625,373.4801330566406,1022.7350463867188,373.55474853515625,1035.5087890625,375.12933349609375,1018.124267578125,375.28314208984375,1040.1488037109375,397.4210205078125,1011.1049194335938,397.14105224609375,1048.699462890625,422.2012939453125,999.2213134765625,422.6112060546875,1056.642822265625,445.67059326171875,992.62890625,451.90496826171875,1030.767578125,452.754638671875,1017.2180786132812,452.9447937011719,1027.9383544921875,498.2547912597656,1042.260986328125,498.0556640625,1012.4877319335938,541.1829833984375,1055.7342529296875,541.98876953125
1026.4398193359375,377.6273193359375,1029.709228515625,373.66668701171875,1023.0050048828125,373.7712707519531,1035.21826171875,375.3165283203125,1018.3192749023438,375.50433349609375,1039.9356689453125,397.6828308105469,1011.1025390625,397.327392578125,1048.742919921875,422.4042663574219,999.1342163085938,422.62298583984375,1056.770751953125,445.783203125,992.6321411132812,451.9494323730469,1030.643310546875,453.29132080078125,1017.216796875,453.453369140625,1027.865966796875,498.7471618652344,1042.16015625,498.45660400390625,1012.7421875,541.71728515625,1055.7613525390625,542.3827514648438
1016.5179443359375,382.3719482421875,1019.470703125,378.6149597167969,1013.1988525390625,378.35809326171875,1022.9193115234375,379.61114501953125,1006.71826171875,379.0255126953125,1027.68212890625,399.2542419433594,995.93359375,398.84515380859375,1043.913330078125,420.8709716796875,982.719482421875,420.739501953125,1055.7236328125,441.0735168457031,974.9448852539062,444.4153747558594,1018.39599609375,451.150390625,1002.40380859375,451.80181884765625,1016.224365234375,496.3541259765625,1025.387939453125,497.0700988769531,1010.2548828125,537.7230834960938,1044.1890869140625,540.08544921875
1010.5228271484375,381.32733154296875,1013.6248779296875,377.5538635253906,1007.3820190429688,377.1872863769531,1017.2373046875,379.1470947265625,1000.8277587890625,378.1595458984375,1022.0975341796875,398.56854248046875,988.95703125,399.1112365722656,1038.7161865234375,416.14276123046875,974.6738891601562,423.8617858886719,1048.505615234375,429.7109375,966.2642211914062,448.16033935546875,1014.3316040039062,452.5296630859375,997.2156372070312,452.6287536621094,1011.67138671875,496.98333740234375,1016.375732421875,496.6654357910156,1005.8402709960938,537.7879638671875,1032.398193359375,538.1307983398438
1010.64111328125,381.14080810546875,1013.76806640625,377.37353515625,1007.4564208984375,377.0030822753906,1017.3912963867188,379.01104736328125,1000.8319702148438,378.012451171875,1022.10986328125,398.48974609375,989.05517578125,399.0824890136719,1038.8160400390625,415.93524169921875,974.6976318359375,423.88323974609375,1048.501220703125,429.1644287109375,966.2391357421875,448.2102355957031,1014.316650390625,452.4100341796875,997.2529907226562,452.5326232910156,1011.8171997070312,496.8377380371094,1016.51220703125,496.5384521484375,1005.8812255859375,537.5570678710938,1032.2216796875,537.9187622070312
1007.4812622070312,382.09716796875,1010.0526123046875,377.8891296386719,1004.0013427734375,378.0029296875,1012.7799072265625,377.26641845703125,997.367431640625,377.43798828125,1018.6292724609375,395.2403564453125,986.6017456054688,397.0885009765625,1036.4669189453125,413.3810119628906,971.95751953125,420.3902587890625,1047.9405517578125,434.2096252441406,968.45703125,444.00146484375,1013.60205078125,448.9940185546875,995.876953125,450.178466796875,1014.267578125,493.2447509765625,1005.5092163085938,494.8462829589844,1012.8136596679688,534.6753540039062,1016.031005859375,537.7656860351562
1007.400146484375,381.9013366699219,1009.9871826171875,377.68414306640625,1003.9053955078125,377.8045349121094,1012.763671875,377.097412109375,997.287109375,377.2863464355469,1018.67138671875,395.14837646484375,986.5865478515625,396.97503662109375,1036.544921875,413.417724609375,971.9608154296875,420.30450439453125,1048.14453125,434.4639892578125,968.374267578125,443.90167236328125,1013.6332397460938,448.8959655761719,995.8628540039062,450.0582275390625,1014.16015625,493.1220703125,1005.2882080078125,494.705078125,1012.77734375,534.6436767578125,1015.8345947265625,537.71337890625
994.9793701171875,375.28106689453125,997.5379638671875,370.93011474609375,990.739013671875,371.27618408203125,1001.0562744140625,370.87884521484375,983.001953125,371.62274169921875,1007.7500610351562,390.3189697265625,973.8034057617188,392.38348388671875,1028.15966796875,406.5235595703125,958.3787841796875,415.18988037109375,1039.525146484375,426.0172119140625,950.1721801757812,440.1925048828125,1000.1534423828125,444.379638671875,980.668212890625,445.4173278808594,1002.2149658203125,488.25244140625,990.2962646484375,489.46185302734375,999.133056640625,533.16650390625,993.0532836914062,535.3133544921875
988.8319091796875,366.83331298828125,992.6109008789062,362.37994384765625,984.322265625,362.32391357421875,998.590576171875,362.9427490234375,976.1390380859375,362.61083984375,1004.5789794921875,384.3707275390625,966.957763671875,384.79058837890625,1021.107666015625,408.6850891113281,951.6995849609375,411.8726806640625,1032.4927978515625,432.7013854980469,945.50537109375,437.3584899902344,996.5955810546875,439.94464111328125,973.0177001953125,440.189453125,1000.4150390625,485.73046875,971.477294921875,486.1551818847656,1001.2181396484375,533.100830078125,971.3358764648438,534.3736572265625
982.1988525390625,363.0902099609375,986.298095703125,358.6961975097656,978.1657104492188,358.727783203125,993.6205444335938,359.96417236328125,972.0661010742188,360.0557556152344,1000.8968505859375,382.48919677734375,963.7937622070312,382.8714599609375,1015.2088623046875,408.7489929199219,950.272705078125,410.85186767578125,1026.584228515625,434.5610046386719,945.0265502929688,436.56170654296875,991.2388916015625,438.4382629394531,967.074462890625,438.3404846191406,996.246826171875,485.83099365234375,959.6504516601562,486.0334167480469,999.518310546875,534.5660400390625,956.8641357421875,535.61767578125
982.1151123046875,363.10675048828125,986.2279052734375,358.721435546875,978.1051025390625,358.74212646484375,993.6047973632812,359.98919677734375,972.058349609375,360.058837890625,1000.9530029296875,382.5297546386719,963.7833251953125,382.8415832519531,1015.2198486328125,408.8158264160156,950.29296875,410.77435302734375,1026.548583984375,434.6375732421875,945.0230712890625,436.4944152832031,991.20751953125,438.5556335449219,966.9973754882812,438.411376953125,996.1170043945312,485.9460754394531,959.482421875,486.08050537109375,999.5069580078125,534.706298828125,956.8621215820312,535.6605224609375
981.525146484375,364.0477294921875,985.5335083007812,359.428466796875,978.29052734375,359.1490478515625,991.7752075195312,360.5744934082031,972.77880859375,359.6712341308594,998.6268310546875,382.17425537109375,963.7915649414062,381.4697570800781,1014.4963989257812,409.1542053222656,949.2579345703125,409.05352783203125,1026.2440185546875,436.94329833984375,945.8170166015625,436.738525390625,988.346435546875,438.7332458496094,966.02001953125,438.318603515625,994.587646484375,484.2336730957031,963.05078125,484.2695617675781,998.5810546875,528.1459350585938,960.3455810546875,528.2637939453125
969.6629638671875,365.19329833984375,973.5781860351562,361.2237548828125,966.502685546875,361.0345458984375,981.6773071289062,363.49310302734375,961.422119140625,362.9764404296875,990.9017333984375,387.45806884765625,951.6448974609375,386.78997802734375,1003.950439453125,414.08453369140625,937.37841796875,411.9124755859375,1011.8236083984375,441.91876220703125,930.467529296875,435.82891845703125,979.711181640625,441.2009582519531,952.956787109375,440.47802734375,987.2964477539062,484.83599853515625,940.6913452148438,484.87164306640625,985.668212890625,528.7582397460938,927.7088012695312,530.726806640625
963.02783203125,370.23291015625,966.809326171875,366.46246337890625,959.7174072265625,366.16241455078125,973.7924194335938,368.51129150390625,954.1695556640625,367.6408996582031,981.9881591796875,391.52313232421875,944.8311767578125,390.867919921875,992.8859252929688,417.3214111328125,933.2649536132812,417.4598388671875,1001.3275146484375,442.48614501953125,928.3851928710938,443.3551940917969,973.22802734375,444.116455078125,947.3688354492188,443.22515869140625,979.3380126953125,486.6807861328125,930.4710693359375,486.11199951171875,977.9793090820312,528.6490478515625,915.6123046875,529.1565551757812
954.9151611328125,381.9493408203125,958.47998046875,378.57720947265625,952.3668823242188,378.1463928222656,965.2758178710938,379.60723876953125,948.3847045898438,378.66387939453125,975.9490356445312,400.1138916015625,937.6136474609375,398.4914245605469,988.1024169921875,424.8326110839844,926.3956298828125,423.0310363769531,994.912353515625,451.2047119140625,922.297119140625,452.1728210449219,967.5390625,449.3106994628906,940.10400390625,447.668701171875,975.361572265625,489.9745788574219,919.19384765625,488.15594482421875,975.80419921875,529.4169921875,902.5384521484375,527.116943359375
951.1976318359375,390.04010009765625,954.2918701171875,386.49322509765625,948.9315185546875,386.0409851074219,960.6658935546875,387.39105224609375,944.6453247070312,386.2276611328125,970.4126586914062,406.6998596191406,933.6107177734375,405.68609619140625,984.2513427734375,429.281005859375,919.0112915039062,428.12127685546875,988.374267578125,455.80352783203125,913.40966796875,451.24822998046875,962.033203125,455.6217956542969,935.1925048828125,454.51153564453125,969.6593627929688,491.67413330078125,908.9337158203125,491.592041015625,971.7822875976562,530.7267456054688,889.4049072265625,532.2383422851562
951.1845703125,390.003173828125,954.2730102539062,386.4670715332031,948.9347534179688,386.0146484375,960.65283203125,387.3818359375,944.702392578125,386.21575927734375,970.380126953125,406.67364501953125,933.7041015625,405.6318054199219,984.1473388671875,429.17510986328125,919.1309814453125,427.9807434082031,988.3657836914062,455.55889892578125,913.4920654296875,451.0513000488281,961.9423828125,455.4561767578125,935.186279296875,454.32293701171875,969.5099487304688,491.67218017578125,908.9447021484375,491.5447082519531,971.5697021484375,530.5809326171875,889.354736328125,532.0169677734375
947.6075439453125,398.97454833984375,950.1981811523438,395.60565185546875,944.5450439453125,395.4586486816406,954.3389892578125,396.951904296875,939.0851440429688,396.3468933105469,961.2489013671875,415.4854431152344,929.7747802734375,413.48590087890625,975.1712036132812,437.1815185546875,912.4696044921875,431.7633361816406,983.6713256835938,460.9661865234375,908.531982421875,445.77886962890625,953.5018310546875,458.6756591796875,929.7091064453125,457.07830810546875,962.8375244140625,493.1400146484375,901.4368286132812,492.3966064453125,969.2581787109375,531.2793579101562,877.8912963867188,531.2404174804688
928.6063232421875,410.33392333984375,931.336669921875,406.8521728515625,926.4896240234375,406.7427978515625,938.305908203125,406.7912292480469,923.5322265625,406.52880859375,950.8934326171875,422.4656982421875,915.8373413085938,421.7890319824219,968.6400146484375,442.6773376464844,898.322265625,437.15362548828125,975.9988403320312,463.818359375,889.8455810546875,448.39849853515625,949.23681640625,462.42803955078125,921.8878173828125,462.42315673828125,961.749267578125,493.2293701171875,890.2838134765625,494.13397216796875,974.18310546875,531.6633911132812,870.2125854492188,533.587646484375
917.4993896484375,410.8547058105469,919.4320678710938,406.8360595703125,914.046630859375,407.5571594238281,924.0829467773438,406.6749572753906,908.746826171875,408.48516845703125,936.5593872070312,423.27557373046875,901.4423217773438,425.5673828125,955.5511474609375,445.68682861328125,885.188720703125,445.78936767578125,961.7403564453125,470.958740234375,881.2857055664062,462.2269592285156,936.5621337890625,463.32513427734375,908.9503784179688,465.0191345214844,957.3704223632812,494.0010681152344,881.871826171875,496.2312927246094,976.1976928710938,535.3504638671875,865.50732421875,537.8994140625
904.6961669921875,409.1263427734375,906.8416748046875,405.54345703125,902.0052490234375,405.72265625,912.047607421875,405.57330322265625,897.9014282226562,406.0555419921875,924.2180786132812,421.3840026855469,890.6766357421875,421.94805908203125,942.2308959960938,442.9552917480469,876.5260620117188,440.63214111328125,949.09765625,464.46478271484375,871.4844970703125,455.93524169921875,926.0304565429688,461.328369140625,899.2442626953125,462.493408203125,949.76220703125,493.68359375,874.3787841796875,494.95654296875,975.9788818359375,536.9312133789062,862.5428466796875,538.25341796875
904.6473388671875,409.17523193359375,906.7823486328125,405.6030578613281,901.994384765625,405.7722473144531,912.0084228515625,405.60015869140625,898.0009765625,406.0521240234375,924.2249755859375,421.381591796875,890.8742065429688,421.79144287109375,942.2564697265625,443.0521545410156,876.7598876953125,440.1023254394531,949.0645751953125,464.8103942871094,871.4789428710938,454.9078369140625,926.0738525390625,461.37225341796875,899.4295654296875,462.45855712890625,949.5518798828125,493.67138671875,874.4169921875,494.90399169921875,975.6580810546875,536.7174072265625,862.497802734375,538.0343017578125
892.4826049804688,407.862548828125,895.2537841796875,404.043212890625,889.3880615234375,404.3396301269531,901.76123046875,404.12322998046875,884.4722900390625,405.1105041503906,913.8306884765625,420.03729248046875,877.42626953125,423.5759582519531,931.6361083984375,440.23211669921875,866.1135864257812,447.2549743652344,938.7972412109375,461.5994567871094,860.9044189453125,469.3865661621094,915.7882080078125,460.7040710449219,887.916748046875,463.23199462890625,939.8831176757812,493.03155517578125,868.3040771484375,495.86773681640625,965.633544921875,534.612548828125,862.3128662109375,538.4031982421875
884.0814208984375,401.20306396484375,887.0960693359375,397.7861328125,881.7125244140625,397.57281494140625,893.6669311523438,398.21697998046875,877.53369140625,397.9977722167969,903.728759765625,414.15728759765625,870.1014404296875,417.0379638671875,921.3515625,431.9702453613281,861.05419921875,440.55133056640625,927.12451171875,450.8814697265625,857.50244140625,462.8143615722656,903.214111328125,459.643310546875,878.27783203125,461.5410461425781,922.6552734375,495.73236083984375,865.1167602539062,498.19049072265625,943.18310546875,533.4437866210938,860.01025390625,537.0099487304688
876.922607421875,394.99365234375,879.4102783203125,390.34326171875,873.2135009765625,391.2182922363281,884.3349609375,390.719970703125,867.8577880859375,393.127685546875,895.1090087890625,409.00067138671875,861.4055786132812,412.5905456542969,913.0698852539062,430.3780517578125,852.0623779296875,436.9324035644531,919.4983520507812,454.2362060546875,849.0587768554688,458.20001220703125,893.292236328125,457.68011474609375,870.6866455078125,459.343017578125,908.6409301757812,492.8046569824219,864.1436767578125,493.96539306640625,915.113525390625,533.2227783203125,858.7322387695312,534.4762573242188
868.1708984375,395.8781433105469,870.088623046875,390.625,863.3607177734375,392.40838623046875,874.5240478515625,389.99005126953125,857.265380859375,394.8395690917969,884.59375,408.47247314453125,853.8110961914062,414.6795654296875,902.5328369140625,427.95147705078125,844.6444091796875,438.53387451171875,910.2050170898438,450.5614013671875,842.055419921875,457.5400390625,886.47705078125,459.37152099609375,866.5908203125,461.87322998046875,892.171630859375,499.53173828125,860.2213134765625,501.0596008300781,893.10400390625,538.241943359375,853.8737182617188,540.194091796875
868.159912109375,395.8924560546875,870.078125,390.640380859375,863.3527221679688,392.4223937988281,874.5159912109375,390.0063171386719,857.2664794921875,394.85107421875,884.5931396484375,408.49658203125,853.8187255859375,414.69512939453125,902.5406494140625,427.990478515625,844.613037109375,438.5527038574219,910.2581176757812,450.6589050292969,841.9550170898438,457.6231384277344,886.480224609375,459.41351318359375,866.6017456054688,461.909912109375,892.1779174804688,499.59747314453125,860.2216186523438,501.12158203125,893.12060546875,538.3092651367188,853.861083984375,540.2548828125
851.7064208984375,398.6681213378906,853.45751953125,393.49566650390625,846.9098510742188,394.95843505859375,856.9227905273438,392.55645751953125,840.3529052734375,396.47113037109375,866.8375244140625,409.22869873046875,835.852783203125,414.2705383300781,886.1026611328125,426.1282958984375,824.0912475585938,434.6529235839844,899.5732421875,446.8235778808594,821.068359375,452.45648193359375,868.66015625,462.3726806640625,849.61865234375,464.4419860839844,867.7919921875,503.860107421875,846.4736328125,505.50482177734375,861.3377685546875,541.361083984375,836.938232421875,543.71240234375
851.5238037109375,398.706298828125,853.2786865234375,393.55352783203125,846.7843017578125,395.00628662109375,856.7958984375,392.6199645996094,840.3284912109375,396.51800537109375,866.771484375,409.28521728515625,835.87353515625,414.30230712890625,886.0695190429688,426.2276916503906,824.1146850585938,434.694580078125,899.470458984375,446.9784851074219,820.8150634765625,452.558349609375,868.4794921875,462.3408203125,849.440185546875,464.39013671875,867.9395751953125,503.76507568359375,845.93896484375,505.40020751953125,862.0347900390625,541.1282958984375,836.4971923828125,543.4493408203125
844.5391845703125,401.6930236816406,845.6796875,396.5748291015625,839.766845703125,398.1755676269531,849.1305541992188,395.00836181640625,832.8334350585938,399.2332763671875,859.4091796875,410.760986328125,826.40673828125,416.2911071777344,884.45654296875,425.6722412109375,819.1754150390625,436.0018615722656,902.55126953125,442.47491455078125,821.9114990234375,448.943359375,857.202880859375,465.967041015625,838.2255249023438,468.3411865234375,849.7904663085938,509.14398193359375,839.4318237304688,510.59930419921875,836.029296875,551.8319702148438,829.1038818359375,554.4951171875
835.693359375,415.19512939453125,837.15625,411.9694519042969,832.5521850585938,412.03070068359375,839.4398193359375,414.206787109375,826.9342041015625,413.82940673828125,846.83203125,428.28076171875,819.0551147460938,432.1749267578125,873.4249267578125,435.759521484375,804.32666015625,456.32757568359375,895.111328125,434.2091064453125,796.164794921875,479.48175048828125,844.4481201171875,472.428955078125,828.1583251953125,473.7034606933594,838.3585205078125,514.112060546875,824.514404296875,514.6627807617188,818.4183349609375,553.2115478515625,803.0628662109375,552.7361450195312
835.7666015625,415.298828125,837.254150390625,412.07147216796875,832.5975341796875,412.1317138671875,839.5926513671875,414.3170166015625,826.958740234375,413.9403076171875,847.02587890625,428.39337158203125,819.1439208984375,432.2965393066406,873.5386962890625,435.72100830078125,804.4193115234375,456.39691162109375,895.1757202148438,433.94024658203125,796.1493530273438,479.4808349609375,844.602294921875,472.61090087890625,828.2418212890625,473.86944580078125,838.3226318359375,514.1888427734375,824.437744140625,514.703857421875,818.14794921875,553.2855224609375,802.8140258789062,552.69384765625
816.1950073242188,416.3751525878906,818.8184814453125,412.0181579589844,811.6568603515625,413.3634338378906,824.3045654296875,411.9820861816406,804.6776123046875,415.51483154296875,836.4254150390625,426.46795654296875,795.577392578125,439.18072509765625,863.2567138671875,431.36572265625,784.7828369140625,465.59881591796875,891.4334106445312,440.0611572265625,776.370849609375,485.04705810546875,834.2437133789062,478.49322509765625,807.595703125,484.1781005859375,838.5328369140625,509.15203857421875,795.784423828125,516.5680541992188,828.3345336914062,550.5159912109375,778.0838623046875,560.0010986328125
800.98095703125,423.236328125,803.5042724609375,419.57757568359375,797.9136962890625,420.4994201660156,810.2620239257812,420.11724853515625,795.1627807617188,422.45794677734375,822.5006103515625,433.35986328125,789.4400634765625,444.4625244140625,848.4457397460938,436.3748779296875,777.0028076171875,471.9825439453125,864.097412109375,431.8768615722656,771.1256103515625,499.628173828125,823.5049438476562,485.76104736328125,801.2367553710938,490.97149658203125,832.419921875,522.5986328125,790.734375,527.1658935546875,837.3577880859375,562.552734375,780.0146484375,566.0094604492188
800.8068237304688,423.36407470703125,803.7738647460938,419.561767578125,798.029541015625,420.3251953125,810.97802734375,419.5389404296875,794.6517333984375,421.78521728515625,822.03857421875,433.2182922363281,787.9942626953125,445.032958984375,847.1325073242188,435.0339660644531,776.04248046875,471.634521484375,865.752685546875,431.90435791015625,769.124267578125,494.05816650390625,823.2608642578125,487.8209228515625,799.7861938476562,492.897705078125,833.0264892578125,522.2503051757812,787.103759765625,528.11376953125,838.9140014648438,561.44482421875,774.2041625976562,568.818359375
796.3046264648438,428.7382507324219,798.7000732421875,424.872802734375,792.94140625,425.791015625,804.6561279296875,425.93841552734375,788.5899658203125,428.3321228027344,814.0270385742188,440.11962890625,782.3289794921875,452.310302734375,835.2689208984375,438.19464111328125,773.6514892578125,482.89324951171875,844.375732421875,428.89801025390625,776.4204711914062,507.57965087890625,815.7815551757812,489.6167907714844,793.5049438476562,494.7769775390625,828.4736938476562,525.7860107421875,783.096923828125,531.0621948242188,839.0718994140625,562.6920166015625,776.6451416015625,569.3064575195312
796.2562866210938,428.8359375,798.6591796875,424.951904296875,792.9036865234375,425.8973693847656,804.6639404296875,425.9869079589844,788.615234375,428.4652404785156,814.1065673828125,440.077392578125,782.3626708984375,452.5827941894531,835.8001098632812,437.7849426269531,773.707763671875,483.2760009765625,845.909912109375,428.5807800292969,776.4164428710938,507.9238586425781,815.9293212890625,489.782958984375,793.6422119140625,495.09991455078125,828.4989624023438,525.969970703125,783.1116943359375,531.47119140625,839.1864013671875,562.861083984375,776.6076049804688,569.7469482421875
776.7463989257812,438.8828125,779.429931640625,434.97760009765625,773.9119873046875,435.5239562988281,786.5201416015625,436.47381591796875,770.3860473632812,437.93572998046875,795.6047973632812,450.5989990234375,766.8222045898438,459.3873291015625,817.8195190429688,448.1053466796875,759.5845947265625,482.1695251464844,814.66845703125,438.614013671875,768.4879760742188,500.17474365234375,797.3682861328125,499.1056823730469,776.9946899414062,502.46728515625,809.1961669921875,534.9244995117188,772.4649658203125,538.1497802734375,821.3367919921875,570.828857421875,770.1087646484375,574.6507568359375
773.3707275390625,441.9691162109375,775.4287109375,436.571044921875,768.0389404296875,438.1456604003906,778.682861328125,435.5497741699219,759.8294677734375,439.8042297363281,786.774658203125,450.56378173828125,755.3684692382812,456.7987976074219,804.3211669921875,461.7171936035156,749.3436279296875,473.07769775390625,812.716796875,464.4117736816406,756.3978271484375,472.89776611328125,795.2679443359375,497.05010986328125,773.4530639648438,500.5287780761719,809.99267578125,527.3184814453125,771.1380615234375,530.0640869140625,817.1585693359375,561.8080444335938,767.814208984375,565.25830078125
765.83349609375,435.22796630859375,767.4921875,430.88519287109375,762.9641723632812,432.0263671875,773.4559936523438,432.353759765625,760.5401611328125,434.891845703125,784.2738037109375,448.32000732421875,757.1138916015625,457.33642578125,806.9243774414062,449.1688232421875,744.3640747070312,482.309326171875,806.0428466796875,443.8655090332031,749.1175537109375,505.0242004394531,788.4157104492188,500.9619140625,770.4563598632812,504.4135437011719,795.828125,542.8721923828125,769.861328125,545.7460327148438,802.2481689453125,580.4658203125,769.5435791015625,583.1995239257812
765.6880493164062,435.25128173828125,767.3992309570312,430.91107177734375,762.8367309570312,432.03143310546875,773.5177001953125,432.3590087890625,760.4606323242188,434.85546875,784.4016723632812,448.33428955078125,757.0452880859375,457.22186279296875,806.98681640625,449.2585144042969,744.2637329101562,482.1134948730469,805.920654296875,444.0838623046875,748.922119140625,504.97607421875,788.2095947265625,500.85162353515625,770.0945434570312,504.213134765625,795.6580810546875,542.687744140625,769.3359375,545.4468994140625,802.0311279296875,580.3201904296875,768.9110107421875,582.9176025390625
765.7354736328125,435.28240966796875,767.4456787109375,430.94671630859375,762.8817749023438,432.06103515625,773.5264892578125,432.4051208496094,760.48974609375,434.8856506347656,784.3199462890625,448.3805236816406,757.0892944335938,457.2708740234375,806.9371337890625,449.1803283691406,744.3189697265625,482.12115478515625,806.0137939453125,443.8553466796875,748.9798583984375,504.95989990234375,788.1783447265625,500.9208984375,770.150390625,504.2881164550781,795.6529541015625,542.7412109375,769.4192504882812,545.5007934570312,802.1279296875,580.3573608398438,769.0225830078125,582.9542236328125
