x0,y0,x1,y1,x2,y2,x3,y3,x4,y4,x5,y5,x6,y6,x7,y7,x8,y8,x9,y9,x10,y10,x11,y11,x12,y12,x13,y13,x14,y14,x15,y15,x16,y16
0.0,0.0,0.0,0.0,0.0,0.0,0.0,0.0,0.0,0.0,0.0,0.0,0.0,0.0,0.0,0.0,0.0,0.0,0.0,0.0,0.0,0.0,0.0,0.0,0.0,0.0,0.0,0.0,0.0,0.0,0.0,0.0,0.0,0.0
0.0,0.0,0.0,0.0,0.0,0.0,0.0,0.0,0.0,0.0,0.0,0.0,0.0,0.0,0.0,0.0,0.0,0.0,0.0,0.0,0.0,0.0,0.0,0.0,0.0,0.0,0.0,0.0,0.0,0.0,0.0,0.0,0.0,0.0
0.0,0.0,0.0,0.0,0.0,0.0,0.0,0.0,0.0,0.0,0.0,0.0,0.0,0.0,0.0,0.0,0.0,0.0,0.0,0.0,0.0,0.0,0.0,0.0,0.0,0.0,0.0,0.0,0.0,0.0,0.0,0.0,0.0,0.0
0.0,0.0,0.0,0.0,0.0,0.0,0.0,0.0,0.0,0.0,0.0,0.0,0.0,0.0,0.0,0.0,0.0,0.0,0.0,0.0,0.0,0.0,0.0,0.0,0.0,0.0,0.0,0.0,0.0,0.0,0.0,0.0,0.0,0.0
0.0,0.0,0.0,0.0,0.0,0.0,0.0,0.0,0.0,0.0,0.0,0.0,0.0,0.0,0.0,0.0,0.0,0.0,0.0,0.0,0.0,0.0,0.0,0.0,0.0,0.0,0.0,0.0,0.0,0.0,0.0,0.0,0.0,0.0
0.0,0.0,0.0,0.0,0.0,0.0,0.0,0.0,0.0,0.0,0.0,0.0,0.0,0.0,0.0,0.0,0.0,0.0,0.0,0.0,0.0,0.0,0.0,0.0,0.0,0.0,0.0,0.0,0.0,0.0,0.0,0.0,0.0,0.0
0.0,0.0,0.0,0.0,0.0,0.0,0.0,0.0,0.0,0.0,0.0,0.0,0.0,0.0,0.0,0.0,0.0,0.0,0.0,0.0,0.0,0.0,0.0,0.0,0.0,0.0,0.0,0.0,0.0,0.0,0.0,0.0,0.0,0.0
0.0,0.0,0.0,0.0,0.0,0.0,0.0,0.0,0.0,0.0,0.0,0.0,0.0,0.0,0.0,0.0,0.0,0.0,0.0,0.0,0.0,0.0,0.0,0.0,0.0,0.0,0.0,0.0,0.0,0.0,0.0,0.0,0.0,0.0
0.0,0.0,0.0,0.0,0.0,0.0,0.0,0.0,0.0,0.0,0.0,0.0,0.0,0.0,0.0,0.0,0.0,0.0,0.0,0.0,0.0,0.0,0.0,0.0,0.0,0.0,0.0,0.0,0.0,0.0,0.0,0.0,0.0,0.0
0.0,0.0,0.0,0.0,0.0,0.0,0.0,0.0,0.0,0.0,0.0,0.0,0.0,0.0,0.0,0.0,0.0,0.0,0.0,0.0,0.0,0.0,0.0,0.0,0.0,0.0,0.0,0.0,0.0,0.0,0.0,0.0,0.0,0.0
0.0,0.0,0.0,0.0,0.0,0.0,0.0,0.0,0.0,0.0,0.0,0.0,0.0,0.0,0.0,0.0,0.0,0.0,0.0,0.0,0.0,0.0,0.0,0.0,0.0,0.0,0.0,0.0,0.0,0.0,0.0,0.0,0.0,0.0
0.0,0.0,0.0,0.0,0.0,0.0,0.0,0.0,0.0,0.0,0.0,0.0,0.0,0.0,0.0,0.0,0.0,0.0,0.0,0.0,0.0,0.0,0.0,0.0,0.0,0.0,0.0,0.0,0.0,0.0,0.0,0.0,0.0,0.0
0.0,0.0,0.0,0.0,0.0,0.0,0.0,0.0,0.0,0.0,0.0,0.0,0.0,0.0,0.0,0.0,0.0,0.0,0.0,0.0,0.0,0.0,0.0,0.0,0.0,0.0,0.0,0.0,0.0,0.0,0.0,0.0,0.0,0.0
0.0,0.0,0.0,0.0,0.0,0.0,0.0,0.0,0.0,0.0,0.0,0.0,0.0,0.0,0.0,0.0,0.0,0.0,0.0,0.0,0.0,0.0,0.0,0.0,0.0,0.0,0.0,0.0,0.0,0.0,0.0,0.0,0.0,0.0
0.0,0.0,0.0,0.0,0.0,0.0,0.0,0.0,0.0,0.0,0.0,0.0,0.0,0.0,0.0,0.0,0.0,0.0,0.0,0.0,0.0,0.0,0.0,0.0,0.0,0.0,0.0,0.0,0.0,0.0,0.0,0.0,0.0,0.0
0.0,0.0,0.0,0.0,0.0,0.0,0.0,0.0,0.0,0.0,0.0,0.0,0.0,0.0,0.0,0.0,0.0,0.0,0.0,0.0,0.0,0.0,0.0,0.0,0.0,0.0,0.0,0.0,0.0,0.0,0.0,0.0,0.0,0.0
0.0,0.0,0.0,0.0,0.0,0.0,0.0,0.0,0.0,0.0,0.0,0.0,0.0,0.0,0.0,0.0,0.0,0.0,0.0,0.0,0.0,0.0,0.0,0.0,0.0,0.0,0.0,0.0,0.0,0.0,0.0,0.0,0.0,0.0
0.0,0.0,0.0,0.0,0.0,0.0,0.0,0.0,0.0,0.0,0.0,0.0,0.0,0.0,0.0,0.0,0.0,0.0,0.0,0.0,0.0,0.0,0.0,0.0,0.0,0.0,0.0,0.0,0.0,0.0,0.0,0.0,0.0,0.0
0.0,0.0,0.0,0.0,0.0,0.0,0.0,0.0,0.0,0.0,0.0,0.0,0.0,0.0,0.0,0.0,0.0,0.0,0.0,0.0,0.0,0.0,0.0,0.0,0.0,0.0,0.0,0.0,0.0,0.0,0.0,0.0,0.0,0.0
0.0,0.0,0.0,0.0,0.0,0.0,0.0,0.0,0.0,0.0,0.0,0.0,0.0,0.0,0.0,0.0,0.0,0.0,0.0,0.0,0.0,0.0,0.0,0.0,0.0,0.0,0.0,0.0,0.0,0.0,0.0,0.0,0.0,0.0
636.8734130859375,236.01480102539062,636.2626342773438,233.51681518554688,634.3453369140625,233.68856811523438,631.6412963867188,237.6243896484375,630.9391479492188,237.29641723632812,634.30859375,248.670654296875,629.5760498046875,248.1923828125,647.6428833007812,236.17794799804688,645.1847534179688,236.50717163085938,658.7258911132812,218.82240295410156,655.7281494140625,219.24732971191406,635.1488037109375,283.5553894042969,631.8265380859375,283.4434814453125,628.9500732421875,314.3507080078125,630.2132568359375,313.8963928222656,619.5671997070312,340.50927734375,625.4819946289062,340.71588134765625
637.2982788085938,238.29800415039062,637.0921020507812,235.9434814453125,634.4929809570312,236.05850219726562,633.968994140625,240.59463500976562,631.0042114257812,240.04238891601562,637.8106689453125,251.86639404296875,629.6099243164062,249.76220703125,647.7963256835938,235.15679931640625,642.8410034179688,232.11798095703125,652.7576904296875,210.6891326904297,650.1724853515625,210.72308349609375,636.9680786132812,285.7873229980469,629.6638793945312,284.6683044433594,636.0352783203125,316.108642578125,623.1670532226562,313.9471435546875,630.5408325195312,341.891845703125,613.5797119140625,339.0927734375
637.3294677734375,230.29429626464844,636.5364990234375,227.87310791015625,634.552978515625,228.08758544921875,631.6468505859375,233.78643798828125,630.843505859375,233.400146484375,634.553955078125,246.76568603515625,629.2266235351562,245.9796142578125,644.6235961914062,230.34854125976562,641.9278564453125,230.58827209472656,648.4533081054688,204.4026336669922,646.3596801757812,208.31439208984375,634.7559204101562,283.8277587890625,630.5382080078125,283.4408874511719,630.1664428710938,315.1922912597656,628.283203125,314.3816223144531,620.7728271484375,340.90850830078125,621.32080078125,340.6223449707031
637.102783203125,228.46267700195312,636.43701171875,226.0575408935547,634.2080078125,226.26510620117188,631.8374633789062,232.07022094726562,630.178955078125,231.67843627929688,634.9478149414062,245.5487060546875,628.4916381835938,244.81442260742188,645.3187866210938,230.59109497070312,641.4798583984375,231.02902221679688,648.5301513671875,204.77944946289062,646.5924072265625,209.29306030273438,635.3594970703125,283.4779052734375,630.1690063476562,283.09844970703125,631.5037841796875,315.1401062011719,627.2734985351562,314.30267333984375,622.77783203125,341.007568359375,619.5570068359375,340.6575622558594
637.357666015625,223.76815795898438,637.938232421875,221.63543701171875,634.2015380859375,221.72872924804688,636.7924194335938,226.78463745117188,629.2349243164062,226.34243774414062,640.2684936523438,240.68304443359375,626.4099731445312,239.75030517578125,647.50341796875,232.716796875,634.4534301757812,236.15573120117188,646.3067626953125,201.23800659179688,642.2642211914062,218.90615844726562,638.7360229492188,280.5849304199219,627.58056640625,279.64508056640625,639.79541015625,313.4034423828125,621.5260620117188,310.8746643066406,635.0502319335938,342.2159423828125,609.691162109375,338.37493896484375
638.5880126953125,222.237548828125,639.0994262695312,220.18165588378906,635.4984130859375,220.22975158691406,637.6610107421875,225.37921142578125,630.2942504882812,224.77622985839844,640.7889404296875,239.78115844726562,626.6744995117188,238.52011108398438,647.2603759765625,233.7398681640625,633.4949951171875,236.66708374023438,646.3487548828125,202.7498321533203,642.0908203125,220.56192016601562,639.03173828125,280.0162048339844,627.7770385742188,278.9797058105469,640.2050170898438,313.18353271484375,621.816650390625,310.4474792480469,635.86279296875,342.1946105957031,610.36279296875,338.1484375
639.5675659179688,223.42913818359375,640.150146484375,221.42037963867188,636.6577758789062,221.4031219482422,638.8531494140625,225.66749572753906,631.6171875,224.90435791015625,642.5130615234375,240.16299438476562,627.1112670898438,237.97894287109375,651.6165771484375,241.44329833984375,632.4886474609375,240.52304077148438,655.3029174804688,217.85325622558594,643.33984375,226.52626037597656,639.4292602539062,278.9013977050781,627.8533325195312,277.53436279296875,638.9938354492188,312.34368896484375,620.9334106445312,309.20745849609375,636.443115234375,343.1176452636719,612.1740112304688,338.4578857421875
639.2669677734375,222.94564819335938,640.193603515625,220.95872497558594,636.2837524414062,220.92144775390625,639.6524047851562,225.08277893066406,631.3742065429688,224.38314819335938,643.337646484375,239.9188232421875,627.1774291992188,237.61785888671875,651.3153076171875,243.8349609375,632.4765014648438,241.46820068359375,652.6724243164062,222.4191131591797,643.1969604492188,227.5006561279297,639.8096313476562,278.4688415527344,627.7884521484375,277.03228759765625,638.8203735351562,312.1040344238281,620.7589721679688,309.0477294921875,636.5419921875,343.51678466796875,613.015380859375,338.9205017089844
638.6176147460938,223.71568298339844,640.4057006835938,221.39036560058594,635.529541015625,221.4126434326172,642.2857055664062,223.9364471435547,630.95849609375,223.69908142089844,647.559814453125,239.1148681640625,626.9303588867188,236.87948608398438,656.8637084960938,251.09942626953125,628.1796875,246.50689697265625,658.2686157226562,241.75372314453125,639.99560546875,237.5640869140625,641.6648559570312,277.5885009765625,627.2007446289062,276.0387878417969,639.24072265625,311.5625305175781,619.4901123046875,308.6269836425781,637.8547973632812,344.741455078125,614.1142578125,339.46893310546875
638.6251831054688,223.7145538330078,640.3950805664062,221.38888549804688,635.53857421875,221.41439819335938,642.244384765625,223.9403076171875,630.9791259765625,223.70654296875,647.5723876953125,239.14151000976562,626.9441528320312,236.89266967773438,657.0709228515625,251.21307373046875,628.1464233398438,246.56448364257812,658.7120361328125,241.98062133789062,639.8676147460938,237.58444213867188,641.6958618164062,277.5860900878906,627.2471923828125,276.0308837890625,639.2540283203125,311.5663757324219,619.526611328125,308.6276550292969,637.8988647460938,344.72845458984375,614.1567993164062,339.44268798828125
636.5846557617188,224.8541717529297,638.5296630859375,222.39649963378906,633.8413696289062,222.48214721679688,641.5775146484375,224.1133575439453,630.0314331054688,224.10113525390625,647.648681640625,238.341552734375,625.9662475585938,236.74081420898438,656.67578125,251.225341796875,626.774658203125,247.66278076171875,658.1926879882812,245.410888671875,641.2471313476562,240.46566772460938,642.2940063476562,276.2279968261719,627.2570190429688,275.08734130859375,640.23291015625,310.1726379394531,620.43310546875,308.0196228027344,638.9468994140625,344.2392578125,616.6506958007812,340.3797302246094
636.0711059570312,225.3025665283203,638.1198120117188,222.81060791015625,633.3146362304688,222.9051513671875,641.3751220703125,224.44515991210938,629.5689697265625,224.53591918945312,647.3292846679688,238.505859375,625.8209838867188,237.23306274414062,656.9473266601562,251.76992797851562,625.95068359375,247.94863891601562,659.4594116210938,252.7789306640625,637.9229125976562,243.912353515625,642.4935302734375,275.916748046875,627.8502197265625,275.056884765625,640.406005859375,310.1172790527344,622.0895385742188,308.72296142578125,640.1840209960938,344.6217041015625,620.3314819335938,342.02252197265625
635.5864868164062,223.76708984375,637.6058349609375,221.515869140625,632.5877075195312,221.63137817382812,640.0491333007812,224.84512329101562,628.3318481445312,225.08349609375,644.1971435546875,237.88479614257812,625.3238525390625,239.58154296875,653.1747436523438,232.8260498046875,630.5411376953125,243.66482543945312,657.904541015625,207.8004608154297,644.1370239257812,231.9245147705078,641.1631469726562,277.96759033203125,627.9412231445312,278.2494812011719,637.815185546875,312.355712890625,623.702880859375,311.41357421875,637.6719360351562,346.0946960449219,622.8623046875,343.30938720703125
635.4619750976562,224.96913146972656,637.6817626953125,222.65028381347656,632.6500244140625,222.77210998535156,640.8892211914062,225.15167236328125,628.43798828125,225.464111328125,645.3201293945312,237.88821411132812,624.081298828125,240.40444946289062,653.6294555664062,237.92333984375,624.0602416992188,250.94979858398438,657.7868041992188,214.22799682617188,634.1664428710938,241.85723876953125,641.1475219726562,278.9462890625,626.9910888671875,279.6597900390625,638.7799682617188,313.2485656738281,624.9871215820312,313.0045471191406,638.0538330078125,346.2691955566406,624.154541015625,344.5818786621094
635.4662475585938,226.9593505859375,637.6209106445312,224.33370971679688,632.8825073242188,224.36009216308594,640.8284912109375,226.02259826660156,629.1971435546875,225.97021484375,645.8025512695312,241.52008056640625,624.2871704101562,240.27212524414062,652.5389404296875,260.5263366699219,621.7632446289062,256.47930908203125,657.2417602539062,273.2496337890625,627.8779296875,262.11138916015625,641.170654296875,280.37103271484375,627.3787231445312,279.70068359375,639.3994750976562,313.76458740234375,625.592041015625,313.1407470703125,637.8076782226562,345.125,625.7828369140625,344.3359375
635.4957885742188,227.01451110839844,637.6378784179688,224.384521484375,632.9080200195312,224.426025390625,640.8302612304688,226.06698608398438,629.2041625976562,226.05104064941406,645.7965087890625,241.54067993164062,624.2933349609375,240.29776000976562,652.4390869140625,260.59912109375,621.8198852539062,256.330078125,656.9425048828125,273.2470703125,628.2416381835938,261.32830810546875,641.1735229492188,280.36895751953125,627.3660278320312,279.71514892578125,639.4336547851562,313.7408447265625,625.6130981445312,313.18890380859375,637.818603515625,345.05364990234375,625.7342529296875,344.43017578125
635.3716430664062,227.18804931640625,637.500244140625,224.51902770996094,632.7780151367188,224.68191528320312,641.0467529296875,226.28854370117188,629.0693969726562,226.58018493652344,646.266357421875,242.176513671875,624.0977783203125,241.14895629882812,652.6744384765625,262.2267150878906,620.6666259765625,256.7823181152344,656.1285400390625,276.0953369140625,628.8661499023438,258.1100158691406,641.7587280273438,280.20831298828125,627.5162353515625,279.7872619628906,641.2329711914062,312.39697265625,626.8377075195312,312.6361083984375,638.9057006835938,343.07818603515625,626.6361694335938,344.00909423828125
634.87939453125,227.55966186523438,636.8804931640625,225.18902587890625,632.4918823242188,225.30056762695312,640.1353149414062,227.02491760253906,628.6488037109375,227.3009033203125,645.582763671875,240.40463256835938,623.1503295898438,241.66949462890625,649.8810424804688,252.65750122070312,620.8534545898438,257.1922912597656,643.7236938476562,245.59176635742188,630.3468627929688,255.88204956054688,642.3750610351562,278.3818664550781,627.4374389648438,278.8778076171875,642.000732421875,310.323974609375,626.2796630859375,310.53253173828125,640.2681274414062,341.884033203125,626.1522827148438,341.6794128417969
635.1863403320312,228.94918823242188,637.105712890625,226.67686462402344,632.9208984375,226.7435302734375,640.1896362304688,228.86695861816406,629.37109375,228.98138427734375,645.855224609375,242.47476196289062,623.5313110351562,243.1444091796875,652.296142578125,254.32708740234375,620.2188720703125,257.40777587890625,649.1546630859375,246.67489624023438,629.839111328125,253.71560668945312,642.2730712890625,279.50115966796875,627.453857421875,279.7610168457031,642.1870727539062,310.8994445800781,626.1121826171875,310.8511657714844,642.0607299804688,342.1533203125,626.56201171875,341.6321716308594
634.65771484375,230.08685302734375,636.7279052734375,227.9333953857422,632.6566772460938,227.85064697265625,640.2700805664062,230.15283203125,629.5068969726562,229.93482971191406,645.4083862304688,242.92575073242188,623.8226928710938,243.86181640625,647.9232788085938,253.11083984375,617.8055419921875,258.84033203125,641.5455932617188,245.14700317382812,619.6043701171875,263.32861328125,643.4321899414062,279.49700927734375,628.9315185546875,279.7900695800781,643.8306884765625,310.02362060546875,626.1397094726562,309.6292724609375,644.6979370117188,341.090087890625,625.8444213867188,339.9313659667969
635.1333618164062,231.97300720214844,637.2469482421875,229.53387451171875,633.0238037109375,229.54901123046875,641.1171264648438,231.0277099609375,630.0852661132812,231.0231475830078,646.6734619140625,244.60317993164062,624.9091796875,244.46527099609375,651.6407470703125,260.41094970703125,618.6642456054688,259.9353942871094,652.0624389648438,270.5415954589844,618.8882446289062,269.9930419921875,644.3419189453125,280.1204528808594,629.8352661132812,280.088134765625,646.3342895507812,309.80413818359375,625.9963989257812,309.802734375,648.6475219726562,340.6338806152344,625.8211059570312,340.9515075683594
635.2039184570312,232.07418823242188,637.301025390625,229.64483642578125,633.0770263671875,229.66761779785156,641.1072998046875,231.13873291015625,630.0739135742188,231.152099609375,646.6096801757812,244.60049438476562,624.8833618164062,244.6141357421875,651.5325927734375,260.02294921875,618.6163330078125,260.099853515625,651.6331176757812,268.9865417480469,618.9912109375,269.82293701171875,644.35888671875,280.1512145996094,629.8566284179688,280.1927490234375,646.3508911132812,309.86236572265625,626.017822265625,309.89788818359375,648.6351928710938,340.68548583984375,625.69189453125,340.97772216796875
636.8074951171875,232.28533935546875,638.793701171875,229.99871826171875,634.7836303710938,229.969482421875,641.959716796875,231.42701721191406,631.131591796875,231.34742736816406,646.5704956054688,242.94387817382812,625.01904296875,245.15847778320312,650.7096557617188,253.29135131835938,617.9271240234375,262.75347900390625,646.2551879882812,251.11380004882812,618.5379028320312,277.01513671875,645.4945068359375,278.77703857421875,630.7767333984375,279.91815185546875,648.9003295898438,308.102783203125,627.1143798828125,308.56207275390625,653.15185546875,338.86676025390625,626.84326171875,338.96807861328125
638.591552734375,236.30618286132812,640.3096923828125,233.71768188476562,636.4761352539062,233.853271484375,643.0126342773438,233.89346313476562,632.53857421875,234.1632080078125,648.0930786132812,245.1024169921875,625.6124267578125,246.34048461914062,653.4345092773438,260.2133483886719,618.2611083984375,263.4579772949219,653.873046875,273.77349853515625,619.1240844726562,280.41558837890625,646.4703369140625,279.0758972167969,631.0963745117188,280.06365966796875,652.9600830078125,306.82623291015625,627.333251953125,307.9600830078125,657.993408203125,336.1827392578125,627.3052368164062,338.327880859375
641.5684204101562,238.98043823242188,643.0944213867188,236.293701171875,639.373779296875,236.44952392578125,645.2012939453125,235.80807495117188,634.9951782226562,236.13803100585938,650.2489624023438,246.6005859375,627.7667236328125,247.48968505859375,656.9653930664062,263.0697021484375,619.7816772460938,264.14324951171875,657.2853393554688,281.3912353515625,621.3161010742188,280.6484375,648.589599609375,279.8220520019531,632.9935913085938,280.7544860839844,656.12353515625,306.5470275878906,627.9000854492188,308.02691650390625,662.7493896484375,335.44476318359375,627.8134765625,338.2565612792969
642.7383422851562,237.73562622070312,644.3344116210938,235.08560180664062,640.5941772460938,235.16146850585938,646.4878540039062,234.84390258789062,636.1697998046875,235.00433349609375,651.4974365234375,246.13491821289062,628.6400146484375,247.0828857421875,659.0402221679688,263.0623779296875,621.0518188476562,264.42816162109375,658.737060546875,282.0633544921875,623.224853515625,281.8656921386719,650.0487670898438,279.6594543457031,633.9960327148438,280.7267150878906,658.8027954101562,306.6610412597656,628.5698852539062,308.39288330078125,666.8042602539062,335.15167236328125,628.758056640625,338.44403076171875
644.5765380859375,236.13067626953125,646.3990478515625,233.51882934570312,642.2705688476562,233.58157348632812,648.620849609375,233.92715454101562,637.66650390625,234.06546020507812,653.77490234375,246.15567016601562,629.8175659179688,247.37643432617188,661.0886840820312,262.50567626953125,623.5415649414062,265.03741455078125,663.3047485351562,281.1175842285156,625.4896240234375,282.58612060546875,652.7212524414062,279.97064208984375,635.716552734375,280.9653625488281,662.3003540039062,307.07867431640625,630.4426879882812,308.7308349609375,671.6719970703125,334.73309326171875,630.8423461914062,337.8689880371094
644.5173950195312,236.15194702148438,646.3390502929688,233.53671264648438,642.2175903320312,233.602783203125,648.5731201171875,233.92581176757812,637.6312866210938,234.07571411132812,653.7495727539062,246.12362670898438,629.7987060546875,247.37393188476562,661.0736083984375,262.44781494140625,623.5411376953125,265.0441589355469,663.3119506835938,281.02996826171875,625.4698486328125,282.58050537109375,652.7225952148438,279.9946594238281,635.7220458984375,281.001708984375,662.28173828125,307.1294250488281,630.44189453125,308.79443359375,671.6566162109375,334.7726745605469,630.8401489257812,337.91339111328125
647.255615234375,238.38250732421875,649.3809814453125,235.33074951171875,644.894775390625,235.24893188476562,651.4356079101562,235.4952392578125,640.7777709960938,235.07073974609375,654.7692260742188,247.68948364257812,633.3340454101562,247.71023559570312,661.68017578125,264.2541809082031,626.314453125,265.4527893066406,666.2940673828125,281.2371826171875,628.8019409179688,282.8292236328125,652.1904907226562,277.6669006347656,637.1673583984375,278.07781982421875,664.53662109375,305.97442626953125,630.4593505859375,306.3182067871094,671.2825317382812,335.4388732910156,627.1210327148438,335.9703674316406
649.204833984375,239.61807250976562,651.8599853515625,236.69259643554688,647.1953125,236.25271606445312,654.9598388671875,237.09857177734375,643.5401611328125,235.797607421875,657.82666015625,249.45419311523438,636.5433959960938,248.41513061523438,664.3251953125,267.2196044921875,630.1373291015625,266.7851257324219,668.2079467773438,284.40496826171875,632.2095336914062,284.3548278808594,652.4321899414062,280.00439453125,637.272216796875,279.7830810546875,665.7835083007812,306.6882019042969,630.5484619140625,306.63519287109375,672.744140625,336.01593017578125,626.7167358398438,336.036865234375
651.8302001953125,239.02963256835938,654.0430297851562,236.09414672851562,649.68359375,235.82821655273438,656.3280029296875,236.5350341796875,645.7153930664062,235.71221923828125,659.897705078125,249.1654052734375,638.2384643554688,248.728271484375,667.5729370117188,266.74920654296875,632.03564453125,267.330322265625,671.6123046875,284.3681640625,633.9282836914062,284.99859619140625,654.9968872070312,280.9250793457031,639.7488403320312,281.0091552734375,668.522216796875,306.5671691894531,632.85498046875,306.754638671875,673.5224609375,335.35089111328125,627.1595458984375,335.7601318359375
657.2501220703125,238.70513916015625,659.2686157226562,236.10989379882812,654.8193969726562,235.98492431640625,661.7640380859375,236.52127075195312,649.7163696289062,236.1025390625,665.8906860351562,248.47222900390625,641.2681884765625,248.59506225585938,671.7869873046875,264.4640197753906,633.7113647460938,265.6176452636719,672.5912475585938,280.88995361328125,635.2009887695312,282.943359375,661.2413330078125,278.86346435546875,643.7186279296875,279.1935729980469,670.5515747070312,305.14385986328125,636.447265625,305.923095703125,675.6973266601562,334.90325927734375,632.5189208984375,336.94647216796875
657.6941528320312,237.77777099609375,660.0245361328125,235.17620849609375,655.3261108398438,235.0233154296875,663.7211303710938,235.59426879882812,650.9108276367188,235.12716674804688,667.7587280273438,247.69989013671875,644.2200927734375,247.70062255859375,673.12646484375,263.9151306152344,636.9725952148438,264.6666259765625,672.2318725585938,278.8736267089844,638.2550048828125,280.6822204589844,663.4273071289062,278.56005859375,646.6183471679688,278.6690368652344,671.5845947265625,305.0851135253906,638.4563598632812,305.6423645019531,675.6294555664062,334.947021484375,632.5100708007812,336.79327392578125
657.7005615234375,237.75201416015625,660.0286865234375,235.14816284179688,655.32763671875,235.00125122070312,663.7174072265625,235.573486328125,650.904052734375,235.12173461914062,667.731201171875,247.64797973632812,644.223876953125,247.71365356445312,673.1278686523438,263.8181457519531,636.9699096679688,264.7559509277344,672.2175903320312,278.7436218261719,638.2242431640625,280.943115234375,663.39892578125,278.42340087890625,646.6129150390625,278.5644226074219,671.5679931640625,305.0036926269531,638.497314453125,305.5909729003906,675.6091918945312,334.9017028808594,632.5381469726562,336.7865295410156
658.7437133789062,237.73135375976562,660.778076171875,235.16574096679688,656.4271240234375,235.11160278320312,664.0269775390625,235.29721069335938,652.1561889648438,235.08035278320312,668.57568359375,246.71148681640625,645.8147583007812,246.96145629882812,675.0286865234375,261.8221740722656,638.883056640625,263.0440979003906,674.7542114257812,275.54534912109375,639.5955810546875,278.3304748535156,664.6773681640625,277.5003662109375,648.47607421875,277.6534118652344,671.9930419921875,304.7554931640625,640.2012939453125,305.1974182128906,675.836669921875,334.87957763671875,633.9150390625,336.3063049316406
661.1949462890625,235.11077880859375,662.71142578125,232.60595703125,658.68603515625,232.7576904296875,664.5892333984375,233.63662719726562,654.0269775390625,233.88714599609375,669.58154296875,246.23257446289062,647.3814697265625,246.77285766601562,677.187744140625,260.7694396972656,640.450439453125,262.2576599121094,677.9132080078125,273.7126770019531,640.858642578125,276.5111083984375,665.6412963867188,278.1290283203125,649.9116821289062,278.3641662597656,672.2166748046875,305.3253173828125,641.890869140625,305.60614013671875,675.9283447265625,335.3779602050781,635.8106079101562,335.9670104980469
662.2483520507812,234.83450317382812,663.4418334960938,232.3646240234375,659.7227172851562,232.56591796875,664.3336181640625,233.6148681640625,654.7549438476562,233.96316528320312,669.123291015625,246.05661010742188,647.9005126953125,246.9210205078125,678.1096801757812,259.8944396972656,640.812255859375,262.03594970703125,679.0153198242188,271.91082763671875,641.076416015625,275.2291259765625,665.501220703125,278.176025390625,650.4284057617188,278.6077575683594,671.9395141601562,305.7880554199219,642.6668701171875,306.33575439453125,676.2958374023438,335.57049560546875,636.2904052734375,336.4534606933594
663.1832885742188,234.78598022460938,664.0771484375,232.34823608398438,660.68896484375,232.61648559570312,664.2901611328125,233.80657958984375,655.4766235351562,234.238525390625,669.06494140625,245.99307250976562,648.31591796875,247.5546875,678.6510009765625,258.19329833984375,641.040283203125,263.32879638671875,679.5606079101562,266.7225341796875,642.1427612304688,278.131591796875,666.2028198242188,278.3973083496094,651.6535034179688,279.2044982910156,672.014404296875,305.7567138671875,644.8443603515625,306.3143310546875,676.4370727539062,335.1584167480469,639.7597045898438,335.722412109375
663.0960083007812,235.3515625,663.8405151367188,232.92584228515625,660.7440795898438,233.21151733398438,663.819580078125,234.32144165039062,655.6607055664062,234.77645874023438,668.6056518554688,246.0826416015625,648.315185546875,247.94378662109375,678.5053100585938,258.0752868652344,640.605712890625,264.1402893066406,679.0278930664062,265.9909362792969,642.056396484375,279.3586730957031,666.2461547851562,278.1902770996094,652.1235961914062,279.2039794921875,671.9276123046875,305.52923583984375,646.1082153320312,306.30047607421875,676.5813598632812,334.6292724609375,641.7876586914062,335.4819030761719
663.04150390625,235.3778076171875,663.81298828125,232.94876098632812,660.6879272460938,233.23190307617188,663.8707275390625,234.31973266601562,655.62646484375,234.77191162109375,668.6633911132812,246.08175659179688,648.3159790039062,247.9188232421875,678.517822265625,258.11572265625,640.6149291992188,264.10150146484375,679.0772705078125,266.16961669921875,642.0799560546875,279.3548278808594,666.2889404296875,278.1895446777344,652.1342163085938,279.1884460449219,671.9351806640625,305.5278015136719,646.1083374023438,306.2887878417969,676.5306396484375,334.6557312011719,641.7909545898438,335.5030212402344
662.3964233398438,235.41961669921875,663.0631713867188,232.974853515625,660.213134765625,233.34576416015625,663.1859741210938,234.42755126953125,655.8867797851562,235.11627197265625,668.2035522460938,246.37796020507812,648.8978881835938,248.16799926757812,677.3213500976562,259.5076904296875,640.674072265625,264.0080871582031,678.1551513671875,269.86932373046875,640.9532470703125,277.8218994140625,666.492919921875,278.1357421875,653.1434326171875,279.16290283203125,671.7642211914062,305.6969909667969,647.4390869140625,306.8179931640625,676.7386474609375,334.7606506347656,643.904052734375,336.37652587890625
661.2852172851562,236.341552734375,662.3878173828125,233.85122680664062,658.9821166992188,234.214599609375,663.5899658203125,235.09027099609375,654.6495971679688,235.82769775390625,668.6202392578125,246.94097900390625,647.753662109375,249.06808471679688,676.8616333007812,260.10076904296875,640.024169921875,265.3612365722656,678.2417602539062,271.0494689941406,640.6591796875,279.7171325683594,666.915771484375,278.3293762207031,652.671630859375,279.5715026855469,672.14501953125,305.9305419921875,647.7764282226562,307.4334411621094,676.473388671875,335.4833068847656,645.5543212890625,337.91693115234375
660.0370483398438,237.45718383789062,661.2713012695312,234.89886474609375,657.6630859375,235.28475952148438,662.7974243164062,235.84255981445312,653.1497802734375,236.635986328125,667.613037109375,247.56414794921875,646.0521240234375,250.01947021484375,675.9581909179688,260.8000183105469,637.848388671875,266.8266296386719,678.6649169921875,273.40179443359375,639.281494140625,282.3368835449219,665.9270629882812,278.9909973144531,651.3528442382812,280.48858642578125,672.0687866210938,306.30035400390625,647.540283203125,308.21417236328125,675.634521484375,335.4520263671875,645.2902221679688,338.55084228515625
660.2133178710938,238.42242431640625,661.6131591796875,235.79647827148438,657.6668090820312,236.1083984375,663.2064208984375,236.393310546875,652.4151000976562,236.92642211914062,667.2152099609375,247.72186279296875,644.747314453125,250.53790283203125,676.0781860351562,259.934814453125,635.3314819335938,268.04461669921875,678.0491333007812,270.84869384765625,638.0449829101562,285.5225830078125,665.3223876953125,279.66632080078125,650.2095947265625,281.44830322265625,672.262939453125,306.5458068847656,647.1415405273438,308.7508544921875,675.259033203125,335.1055603027344,644.2158813476562,338.8624572753906
660.9130249023438,238.16604614257812,662.2431030273438,235.49417114257812,658.388671875,235.82565307617188,663.2926635742188,235.73007202148438,652.7880249023438,236.39700317382812,666.8667602539062,246.30035400390625,644.1156005859375,249.66629028320312,675.5012817382812,258.2912292480469,634.1019287109375,267.0339050292969,677.3329467773438,268.2470703125,635.948486328125,281.6081237792969,663.9988403320312,278.9217224121094,648.746337890625,281.07244873046875,671.5471801757812,306.424072265625,646.8424682617188,309.4288635253906,674.9300537109375,335.2047424316406,644.4694213867188,340.3382568359375
660.8339233398438,238.18746948242188,662.1727905273438,235.51937866210938,658.3047485351562,235.84591674804688,663.241455078125,235.77481079101562,652.715576171875,236.4283447265625,666.8377075195312,246.41769409179688,644.073486328125,249.71127319335938,675.4598388671875,258.53466796875,634.0982666015625,267.0286865234375,677.34521484375,268.7640380859375,635.9407958984375,281.55078125,664.02880859375,278.9873352050781,648.76953125,281.1047058105469,671.533447265625,306.4414978027344,646.7849731445312,309.4264221191406,674.9384155273438,335.17413330078125,644.457275390625,340.30010986328125
658.2447509765625,238.21456909179688,660.1958618164062,235.54861450195312,656.0001220703125,235.62881469726562,662.8784790039062,235.25411987304688,651.1306762695312,235.47119140625,666.6121215820312,244.48822021484375,642.8377685546875,248.06948852539062,676.1278686523438,255.99444580078125,634.0678100585938,266.0894470214844,677.0900268554688,264.888916015625,635.6652221679688,280.3484191894531,663.1729736328125,275.8177185058594,647.1934814453125,278.0929870605469,671.236572265625,304.2552795410156,646.2112426757812,307.6559143066406,675.0728149414062,333.66741943359375,644.7493286132812,339.5557861328125
658.9982299804688,236.24383544921875,660.7200927734375,233.5596923828125,656.9130859375,233.77386474609375,662.53662109375,233.39389038085938,651.9803466796875,234.11334228515625,665.917724609375,241.55780029296875,642.431640625,246.84030151367188,675.5750122070312,252.75469970703125,634.8178100585938,265.6664733886719,676.8314208984375,262.6015930175781,634.8638916015625,278.8624572753906,662.09716796875,270.6747131347656,645.98779296875,273.9402160644531,671.7556762695312,299.6874084472656,645.6148681640625,304.7882385253906,676.62646484375,329.80316162109375,644.3081665039062,338.53302001953125
658.7631225585938,235.7593994140625,660.5531616210938,233.079833984375,656.8798828125,233.25653076171875,662.42626953125,232.96981811523438,652.3028564453125,233.6888427734375,665.927978515625,240.66357421875,642.1514282226562,245.93951416015625,675.2584838867188,252.29837036132812,634.9920654296875,264.1844482421875,676.9218139648438,264.11163330078125,634.7420654296875,276.0234375,661.843017578125,267.81494140625,645.12646484375,271.1546936035156,672.461669921875,296.9013977050781,643.4837646484375,302.4879455566406,678.6889038085938,326.8981018066406,641.7984008789062,336.8005676269531
657.9588623046875,235.65618896484375,659.884521484375,233.08615112304688,656.17529296875,233.06637573242188,662.3927612304688,232.9447021484375,652.0797729492188,233.11215209960938,666.186279296875,241.39093017578125,642.9552001953125,244.5201416015625,675.18798828125,254.41824340820312,635.153564453125,261.8293762207031,677.2647094726562,267.6953430175781,633.6695556640625,275.80426025390625,661.799560546875,268.0414733886719,645.1420288085938,270.1704406738281,673.2000732421875,297.34088134765625,641.3853759765625,300.9942321777344,681.61962890625,328.4773254394531,638.9507446289062,335.3896179199219
657.7178344726562,236.168701171875,659.854736328125,233.70623779296875,655.9270629882812,233.47781372070312,663.0006103515625,233.75885009765625,651.95361328125,233.30715942382812,667.2268676757812,243.07220458984375,643.1611938476562,244.44790649414062,675.4805908203125,257.16278076171875,634.5448608398438,261.8016052246094,677.565673828125,269.52764892578125,632.9796752929688,277.7838439941406,662.4225463867188,269.3990173339844,644.633056640625,270.5398254394531,675.6954345703125,298.39483642578125,637.6071166992188,300.25927734375,686.2230834960938,330.53802490234375,633.192138671875,334.4477233886719
657.71240234375,236.12542724609375,659.8402709960938,233.6649169921875,655.9165649414062,233.437255859375,662.9489135742188,233.70846557617188,651.9286499023438,233.2598876953125,667.1489868164062,243.03720092773438,643.1535034179688,244.42462158203125,675.4267578125,257.081787109375,634.5816040039062,261.7737731933594,677.5457153320312,269.2916564941406,632.92724609375,277.7170104980469,662.3643188476562,269.55767822265625,644.6195068359375,270.6998596191406,675.6793212890625,298.52392578125,637.5855102539062,300.3770446777344,686.2425537109375,330.6216125488281,633.111328125,334.49407958984375
657.1311645507812,238.796875,659.5391845703125,236.13787841796875,654.8944091796875,235.989013671875,663.1712646484375,235.11065673828125,650.493408203125,234.80642700195312,668.3470458984375,245.21826171875,641.6450805664062,245.4154052734375,674.951171875,263.86016845703125,632.3472290039062,265.7212219238281,677.865966796875,282.1627197265625,632.2244262695312,284.54559326171875,662.0753173828125,270.33343505859375,641.67578125,270.7759704589844,675.4605712890625,301.4502258300781,630.2959594726562,302.21026611328125,688.3262329101562,331.0550842285156,623.130126953125,332.9404602050781
657.357666015625,240.2276611328125,659.6490478515625,237.55197143554688,654.9895629882812,237.49725341796875,662.9696044921875,237.2095947265625,650.3336181640625,237.074951171875,667.7330932617188,248.9952392578125,641.7493896484375,249.29119873046875,674.3654174804688,268.8983459472656,631.9259643554688,269.4039611816406,677.9207763671875,289.1205749511719,631.76904296875,287.1169128417969,662.4414672851562,276.50946044921875,641.876220703125,277.1537780761719,679.0942993164062,305.7747802734375,627.4239501953125,307.0129699707031,693.7767333984375,334.01861572265625,616.69189453125,336.56829833984375
657.9676513671875,241.37939453125,659.7424926757812,238.71047973632812,655.8960571289062,238.84341430664062,661.4495849609375,239.71157836914062,652.0848388671875,240.05728149414062,666.96142578125,252.9403076171875,643.4768676757812,253.66732788085938,673.0606079101562,270.2488098144531,633.4820556640625,271.9647216796875,675.2360229492188,286.7174377441406,633.0208740234375,287.5557861328125,664.2962646484375,284.8278503417969,644.23193359375,284.7077941894531,683.104736328125,310.45733642578125,625.5507202148438,310.5294189453125,698.8556518554688,339.20513916015625,611.3240966796875,338.9814453125
656.7199096679688,258.826904296875,658.8287353515625,256.32220458984375,655.3358764648438,256.1787109375,661.8736572265625,255.81106567382812,652.5014038085938,255.61050415039062,666.03759765625,264.6826171875,645.8930053710938,264.83978271484375,675.1532592773438,277.9591369628906,635.6704711914062,279.1451110839844,677.4247436523438,291.5635070800781,635.7184448242188,291.10443115234375,661.3480834960938,291.5435791015625,643.1262817382812,291.13995361328125,681.0255126953125,316.2410888671875,625.74365234375,316.0192565917969,699.9793090820312,340.34808349609375,609.6064453125,339.83709716796875
661.1932983398438,264.4076843261719,663.3221435546875,261.947265625,659.7527465820312,261.75177001953125,665.7241821289062,260.91619873046875,656.451416015625,260.52093505859375,667.3303833007812,268.5909118652344,649.4209594726562,269.16107177734375,673.4891357421875,281.96197509765625,644.7998046875,286.8501892089844,676.3564453125,293.42425537109375,654.7950439453125,299.0978088378906,659.18505859375,294.0830383300781,642.1536865234375,293.81829833984375,681.6077270507812,317.77142333984375,627.2597045898438,317.6221923828125,698.2327880859375,341.512939453125,610.1408081054688,341.4091491699219
661.2254638671875,264.0926208496094,663.3556518554688,261.63092041015625,659.775634765625,261.4383544921875,665.7520751953125,260.6433410644531,656.4537353515625,260.25201416015625,667.3717041015625,268.4078063964844,649.3672485351562,268.9785461425781,673.4869384765625,281.8268127441406,644.6981201171875,286.736328125,676.3346557617188,293.3006591796875,654.8123779296875,299.03411865234375,659.2019653320312,294.020751953125,642.1138916015625,293.759765625,681.5938110351562,317.7330627441406,627.2743530273438,317.5815124511719,698.1694946289062,341.51446533203125,610.2295532226562,341.4022521972656
671.0499877929688,262.47515869140625,672.9120483398438,260.1347351074219,668.7608642578125,259.7379150390625,672.2576293945312,260.64398193359375,663.0390625,259.6614685058594,667.1439819335938,270.9675598144531,657.833251953125,271.033203125,672.8228149414062,281.6976623535156,662.4373168945312,284.5188293457031,679.1988525390625,289.7385559082031,675.4140625,294.09881591796875,658.8880615234375,299.06646728515625,647.8549194335938,299.1795349121094,678.4891967773438,320.7258605957031,630.0817260742188,321.2505187988281,691.7257690429688,341.6418151855469,608.7718505859375,344.2542419433594
676.2561645507812,256.02166748046875,678.2353515625,253.418212890625,673.4552001953125,253.40316772460938,677.5776977539062,254.03399658203125,667.3911743164062,254.0501708984375,670.7222900390625,265.32635498046875,663.0340576171875,267.04718017578125,674.7924194335938,277.266357421875,666.3501586914062,284.5712585449219,683.00341796875,280.8522033691406,680.533203125,291.7208251953125,660.1889038085938,296.1914978027344,651.4991455078125,296.66412353515625,673.4408569335938,319.17608642578125,636.5654296875,320.16986083984375,678.1281127929688,342.49462890625,614.4969482421875,345.7952880859375
682.0676879882812,253.4139404296875,683.27734375,251.11688232421875,679.8182983398438,251.1282958984375,681.887939453125,252.16796875,674.5783081054688,252.17782592773438,677.69189453125,263.7486572265625,669.131103515625,264.87554931640625,684.75439453125,275.8863525390625,672.39892578125,281.3604431152344,696.940185546875,279.0335388183594,688.9019775390625,288.2618408203125,669.5459594726562,291.56884765625,658.33935546875,292.2008056640625,691.282958984375,316.31982421875,636.6315307617188,316.9478759765625,702.65185546875,342.34027099609375,608.8778076171875,344.62774658203125
691.9082641601562,248.60983276367188,691.9307861328125,246.05355834960938,690.2532348632812,246.36489868164062,687.72705078125,246.8961181640625,685.8760986328125,247.77679443359375,682.222900390625,259.97344970703125,681.4296875,260.9468994140625,691.460205078125,273.066650390625,690.6441650390625,277.1483459472656,712.8685302734375,276.35809326171875,715.1173095703125,282.2763366699219,669.7723388671875,292.6697998046875,663.390625,292.96563720703125,691.3888549804688,318.2088623046875,641.4210815429688,317.7416076660156,701.3604736328125,345.4913330078125,611.1051025390625,345.86474609375
699.9722900390625,245.53555297851562,701.852783203125,242.35745239257812,697.8244018554688,242.22482299804688,700.755859375,243.28121948242188,693.3277587890625,243.24871826171875,694.8330078125,256.6673278808594,686.9740600585938,256.65289306640625,686.8778076171875,264.45281982421875,687.9837036132812,264.6405029296875,695.6334228515625,257.792724609375,703.0081787109375,265.4114074707031,680.1268920898438,290.649658203125,668.1300048828125,291.42608642578125,696.566650390625,318.2261657714844,645.7166137695312,318.67047119140625,701.9067993164062,343.1686706542969,613.5604248046875,345.13134765625
700.013916015625,245.5020751953125,701.8660888671875,242.31610107421875,697.8693237304688,242.1973876953125,700.716796875,243.220947265625,693.3739013671875,243.22259521484375,694.819091796875,256.58642578125,686.98095703125,256.6133728027344,686.79931640625,264.3797607421875,687.929443359375,264.6197509765625,695.5829467773438,257.7408142089844,702.9491577148438,265.36376953125,680.1198120117188,290.5931091308594,668.1268310546875,291.3949279785156,696.7050170898438,318.2226867675781,645.739013671875,318.69244384765625,702.0555419921875,343.1738586425781,613.5519409179688,345.1607360839844
703.1771240234375,249.54452514648438,703.5059814453125,246.74359130859375,700.6175537109375,246.93179321289062,700.0433959960938,247.45803833007812,693.5482788085938,247.7181396484375,694.1356811523438,260.7026062011719,689.4998779296875,259.5360107421875,696.7020263671875,271.6612548828125,693.2084350585938,270.1018371582031,707.9041137695312,268.373291015625,710.8971557617188,271.24365234375,680.929931640625,293.80828857421875,671.8278198242188,293.281005859375,703.1649780273438,315.92376708984375,651.8319091796875,314.2328796386719,708.3508911132812,341.2857971191406,617.135009765625,339.8121337890625
705.8120727539062,249.5611572265625,706.3435668945312,246.89984130859375,703.3204345703125,247.35406494140625,703.3430786132812,247.72366333007812,697.3522338867188,248.86923217773438,699.575439453125,259.4448547363281,691.3064575195312,260.99609375,709.7029418945312,262.5687561035156,699.8359375,269.10174560546875,729.5015869140625,256.9613037109375,723.5587768554688,267.78179931640625,681.0111694335938,293.85333251953125,671.2301635742188,294.11358642578125,691.0978393554688,315.92352294921875,653.105712890625,315.6563720703125,690.4716186523438,339.9052429199219,626.50048828125,340.8841857910156
706.6014404296875,247.50234985351562,708.591796875,244.7381591796875,704.6675415039062,244.65411376953125,707.5517578125,246.24978637695312,700.5426025390625,246.47756958007812,702.7702026367188,257.6938171386719,692.4760131835938,259.738525390625,707.5215454101562,260.47625732421875,703.71240234375,265.92333984375,725.03515625,259.4994201660156,726.740234375,268.2651062011719,685.118896484375,290.40570068359375,672.2625732421875,291.9447326660156,705.1517944335938,314.28326416015625,653.7273559570312,316.05169677734375,711.7611083984375,337.0848388671875,628.3715209960938,341.4715576171875
710.07861328125,246.31033325195312,711.715087890625,243.56439208984375,708.4879150390625,243.48739624023438,710.5521240234375,244.54464721679688,705.0875244140625,244.75357055664062,707.2316284179688,255.1961669921875,696.6381225585938,256.84600830078125,712.6760864257812,260.4324035644531,705.1696166992188,264.421630859375,727.5897216796875,262.429931640625,726.1739501953125,268.64080810546875,689.3077392578125,287.9508056640625,676.9757080078125,289.2714538574219,706.9227294921875,313.3174743652344,660.1588745117188,314.7707824707031,710.8413696289062,338.69866943359375,636.806640625,342.47210693359375
715.086181640625,239.66928100585938,715.6781005859375,236.60308837890625,713.6615600585938,236.84820556640625,711.742431640625,236.9359130859375,710.07177734375,238.00006103515625,707.1444091796875,248.48501586914062,701.9266357421875,251.13638305664062,709.413330078125,260.22344970703125,708.3307495117188,264.3150634765625,725.38134765625,266.89154052734375,727.6065673828125,270.33038330078125,691.2459716796875,284.2845764160156,682.8927001953125,286.24749755859375,708.3546752929688,311.5589904785156,667.319580078125,313.8091125488281,711.7443237304688,338.6717529296875,643.880126953125,343.3256530761719
714.979736328125,239.76406860351562,715.580078125,236.70318603515625,713.53515625,236.93963623046875,711.6727905273438,237.08074951171875,709.9412841796875,238.11166381835938,707.0750732421875,248.65692138671875,701.8786010742188,251.22552490234375,709.4027099609375,260.27850341796875,708.369140625,264.24945068359375,725.2349853515625,266.869140625,727.5537109375,270.2896728515625,691.1322021484375,284.417236328125,682.786376953125,286.3332214355469,708.315185546875,311.7475280761719,667.2615966796875,313.9230041503906,711.6758422851562,339.09063720703125,643.78369140625,343.6341857910156
716.9053955078125,238.71136474609375,716.9995727539062,235.81387329101562,715.8536376953125,235.92709350585938,711.997314453125,235.41348266601562,712.9071655273438,235.80419921875,706.1409301757812,244.2723388671875,704.6884155273438,245.98541259765625,708.1571044921875,255.55133056640625,711.9992065429688,259.6189880371094,720.4733276367188,264.0045471191406,726.0269775390625,269.54840087890625,690.72021484375,279.2189636230469,686.03759765625,279.8612365722656,705.288818359375,308.389892578125,671.4426879882812,309.4684143066406,704.9367065429688,335.33795166015625,648.2288818359375,339.24810791015625
716.8399658203125,242.9134521484375,716.8867797851562,239.944091796875,715.57861328125,240.42205810546875,712.2713012695312,239.83004760742188,713.064208984375,241.23947143554688,706.9793701171875,247.12783813476562,705.5723876953125,252.73904418945312,704.476318359375,250.90191650390625,713.9038696289062,265.45660400390625,708.389892578125,253.43069458007812,724.931884765625,276.77862548828125,693.6685791015625,281.1457214355469,688.9232177734375,283.8313293457031,708.3618774414062,308.3435363769531,676.0454711914062,311.868896484375,707.7631225585938,335.28045654296875,656.0650634765625,341.53338623046875
721.4691772460938,230.3489532470703,721.2948608398438,227.49710083007812,719.6917724609375,227.83984375,716.5949096679688,228.6143341064453,715.623291015625,229.24383544921875,713.024658203125,241.1790771484375,707.1900634765625,242.6474609375,713.97412109375,258.0311279296875,709.6708984375,260.63189697265625,720.0405883789062,270.0876770019531,721.6065063476562,274.33575439453125,701.0299682617188,277.4039306640625,694.1138916015625,278.4720153808594,716.2096557617188,306.9793701171875,684.091064453125,308.3612976074219,715.363037109375,336.525146484375,664.798583984375,340.1246643066406
724.8806762695312,229.617431640625,724.9946899414062,226.6676025390625,722.673095703125,226.96726989746094,719.70166015625,227.249267578125,716.7764282226562,227.88992309570312,713.8432006835938,239.5889892578125,707.9556274414062,241.86337280273438,715.3434448242188,256.6124267578125,709.262939453125,261.8041687011719,725.8380737304688,263.8982238769531,723.9432373046875,273.1146240234375,703.6534423828125,276.2842102050781,696.9747924804688,277.96240234375,718.7577514648438,306.22491455078125,688.1730346679688,308.1202697753906,718.7669677734375,337.0088806152344,669.7657470703125,341.3067321777344
725.7265625,229.61947631835938,725.35205078125,226.47698974609375,723.474609375,226.89805603027344,718.9908447265625,227.11622619628906,718.126953125,227.8736572265625,712.858154296875,239.45196533203125,711.1392211914062,241.30670166015625,713.2111206054688,253.73239135742188,710.6028442382812,260.1349792480469,721.4522705078125,262.15362548828125,720.6834716796875,276.2137451171875,701.9140014648438,276.387451171875,702.0841674804688,277.3647155761719,703.0646362304688,306.3731384277344,708.21630859375,306.64288330078125,694.42041015625,337.8740234375,706.9232177734375,338.7113342285156
725.7838134765625,229.57437133789062,725.4104614257812,226.42552185058594,723.5149536132812,226.84494018554688,719.0088500976562,227.03013610839844,718.12353515625,227.7787628173828,712.7785034179688,239.34259033203125,711.187744140625,241.19488525390625,713.0820922851562,253.50762939453125,710.5758666992188,260.04541015625,721.456298828125,261.6976623535156,720.6455688476562,276.17279052734375,701.8233642578125,276.355224609375,702.193115234375,277.31329345703125,702.5286865234375,306.440185546875,708.6392822265625,306.65093994140625,693.621337890625,338.0005798339844,707.7085571289062,338.7189636230469
727.3594970703125,231.76719665527344,728.2265625,229.0177764892578,725.52001953125,229.14492797851562,724.7589111328125,229.67552185058594,720.3818359375,230.26864624023438,719.2242431640625,240.69644165039062,710.6548461914062,244.97247314453125,720.7042236328125,253.12588500976562,710.154541015625,264.7656555175781,726.1011352539062,251.84152221679688,721.18310546875,273.1604919433594,708.8116455078125,278.19354248046875,700.2744140625,281.09686279296875,724.9993896484375,308.76751708984375,693.7512817382812,312.3782958984375,733.0390625,340.03448486328125,682.8139038085938,346.66070556640625
726.0353393554688,241.1502685546875,727.8388061523438,238.40213012695312,724.5150756835938,238.23443603515625,726.4356689453125,238.07095336914062,720.5773315429688,238.0201416015625,719.3182373046875,245.64010620117188,713.3470458984375,249.32754516601562,722.19677734375,252.58331298828125,718.0283813476562,263.2150573730469,730.691650390625,249.87777709960938,728.10498046875,266.14984130859375,709.8121337890625,281.0160827636719,702.9728393554688,283.1133117675781,727.7988891601562,308.226806640625,699.9673461914062,311.6527404785156,734.4952392578125,335.97235107421875,686.089599609375,343.74676513671875
724.7728271484375,244.82049560546875,725.2657470703125,242.09881591796875,723.673095703125,242.24942016601562,722.6170043945312,241.52175903320312,721.2616577148438,241.96148681640625,718.9104614257812,248.01309204101562,714.3787231445312,251.21295166015625,721.748291015625,252.7987060546875,719.881591796875,262.3069763183594,729.6806640625,247.19647216796875,729.0831909179688,263.38824462890625,710.5554809570312,281.6703796386719,705.3038940429688,283.5588073730469,728.1085205078125,309.11639404296875,706.8427734375,311.5948791503906,730.3123168945312,336.6658935546875,694.4164428710938,342.1891174316406
722.4634399414062,245.3984375,722.6177978515625,242.70703125,721.2760620117188,243.12313842773438,719.8570556640625,242.67440795898438,719.263671875,243.7730712890625,717.38330078125,248.77032470703125,713.3229370117188,253.03414916992188,719.4229736328125,248.65695190429688,719.0715942382812,258.8843688964844,723.9176635742188,240.61285400390625,724.7281494140625,254.08334350585938,712.2845458984375,282.42901611328125,706.8009643554688,284.8441162109375,731.1235961914062,308.86724853515625,706.8922729492188,312.5321960449219,733.297119140625,335.1375732421875,691.8351440429688,342.57861328125
724.7933349609375,243.0355224609375,724.8663330078125,239.84805297851562,722.6171875,240.0765380859375,719.9336547851562,239.63287353515625,716.2567749023438,239.84341430664062,714.3311767578125,250.18948364257812,710.6194458007812,251.55120849609375,716.8182983398438,263.2711486816406,710.852294921875,267.290771484375,727.8800048828125,257.02294921875,721.263916015625,260.1302490234375,712.7867431640625,284.6375732421875,710.4978637695312,286.34332275390625,729.677490234375,308.1438293457031,719.0165405273438,309.4232177734375,722.1804809570312,343.5290832519531,707.7583618164062,345.9521789550781
722.6693725585938,243.2044677734375,722.9837646484375,240.70474243164062,721.4956665039062,240.9332275390625,720.31201171875,240.74227905273438,719.1915893554688,241.32443237304688,717.540283203125,247.41641235351562,712.3828735351562,249.75592041015625,719.9302978515625,249.28805541992188,713.3490600585938,254.90020751953125,727.3693237304688,241.15283203125,718.9889526367188,249.07952880859375,710.9852905273438,280.33209228515625,706.8255004882812,281.937255859375,723.7131958007812,308.32501220703125,713.8136596679688,310.7366027832031,720.65869140625,335.08868408203125,704.4376220703125,340.70111083984375
723.4012451171875,243.4400634765625,723.8603515625,240.44622802734375,721.056640625,240.51858520507812,720.8202514648438,240.50180053710938,714.8809814453125,240.20263671875,716.2633056640625,251.17172241210938,707.9415893554688,251.96377563476562,719.7825317382812,265.3134460449219,707.7970581054688,269.4524841308594,729.9100952148438,265.1265869140625,718.9793090820312,268.7406005859375,713.5159912109375,283.1727600097656,707.4226684570312,284.6085205078125,731.4220581054688,308.15625,712.1390380859375,309.37420654296875,728.7452392578125,342.06488037109375,702.0482788085938,344.3905944824219
721.4324340820312,245.06210327148438,722.5015258789062,242.4891357421875,719.3704223632812,242.42205810546875,720.4105224609375,242.003173828125,713.8247680664062,241.965576171875,717.96044921875,248.55215454101562,706.37646484375,250.0755615234375,721.29541015625,252.58929443359375,710.0812377929688,254.35494995117188,723.9067993164062,248.40289306640625,716.4159545898438,244.6439208984375,712.04052734375,280.47882080078125,701.6453247070312,281.8714294433594,729.3510131835938,308.16925048828125,701.2777099609375,311.13568115234375,736.77783203125,336.2958679199219,691.8084716796875,343.1579284667969
720.6490478515625,241.57534790039062,722.0450439453125,239.01654052734375,718.9424438476562,238.8660888671875,720.1511840820312,238.263427734375,713.7001953125,238.12530517578125,716.126953125,245.12753295898438,704.1383666992188,247.2684326171875,718.0640258789062,254.055908203125,704.3900756835938,259.1901550292969,723.4338989257812,251.57916259765625,714.5885620117188,255.79306030273438,707.9461669921875,277.3170166015625,697.6826171875,278.9730529785156,724.5247802734375,306.85784912109375,697.9349975585938,309.9361877441406,732.0551147460938,337.05035400390625,690.4533081054688,344.1253967285156
719.7824096679688,237.35592651367188,720.698974609375,234.68560791015625,718.3938598632812,234.683349609375,717.9271850585938,234.57379150390625,712.9268188476562,234.67025756835938,714.1937866210938,242.87728881835938,701.1467895507812,247.05221557617188,717.3304443359375,255.0955810546875,695.0691528320312,268.6197509765625,723.1143798828125,259.8116760253906,702.3261108398438,287.14654541015625,705.5692138671875,276.0652160644531,695.4314575195312,278.6092529296875,721.216064453125,306.5235595703125,697.438232421875,309.5935974121094,726.341064453125,337.401123046875,690.1708984375,343.5513610839844
718.2966918945312,232.032470703125,719.2022094726562,229.324462890625,716.454345703125,229.47589111328125,716.3865356445312,229.53404235839844,710.8102416992188,230.13038635253906,713.0423583984375,238.60772705078125,699.354248046875,243.13198852539062,716.4287719726562,250.71142578125,692.95458984375,262.4637451171875,722.4602661132812,257.358154296875,697.1578369140625,275.8858642578125,704.158203125,271.6114501953125,694.06591796875,274.59814453125,717.1354370117188,303.04766845703125,694.3505859375,307.26409912109375,718.935302734375,333.3174133300781,686.5339965820312,341.1719665527344
718.3042602539062,232.2591552734375,719.2155151367188,229.5614471435547,716.4954223632812,229.6982879638672,716.4183349609375,229.74038696289062,710.9005126953125,230.30516052246094,713.0580444335938,238.75762939453125,699.38818359375,243.21237182617188,716.3213500976562,250.92401123046875,692.939208984375,262.4971618652344,722.2341918945312,257.7725524902344,697.09130859375,276.0670471191406,704.1038818359375,271.6224365234375,694.021484375,274.5797119140625,717.15087890625,303.0247802734375,694.3367309570312,307.21429443359375,718.9652709960938,333.21722412109375,686.567626953125,341.0582275390625
715.6487426757812,231.35153198242188,716.7007446289062,228.59864807128906,713.7156372070312,228.70925903320312,714.0450439453125,228.94949340820312,708.3199462890625,229.4486846923828,709.9801635742188,239.0111083984375,697.6412353515625,242.15890502929688,712.2482299804688,254.16607666015625,694.3882446289062,260.8913879394531,719.3548583984375,261.94085693359375,701.431396484375,268.9881896972656,699.2672729492188,271.8990478515625,690.3978881835938,274.0666809082031,710.5701293945312,303.641357421875,692.7635498046875,307.2222595214844,706.1093139648438,333.423583984375,682.6533203125,340.8272399902344
712.3308715820312,237.04556274414062,713.86279296875,234.489013671875,710.381103515625,234.29776000976562,712.4442749023438,234.68402099609375,704.9631958007812,234.36883544921875,708.5628662109375,243.49972534179688,694.615966796875,246.44747924804688,712.857177734375,255.72970581054688,688.7952880859375,265.2710266113281,719.6732177734375,260.37469482421875,692.1886596679688,276.6900634765625,696.7835693359375,274.6675109863281,687.42431640625,276.5379638671875,705.2669677734375,304.8233642578125,690.0077514648438,307.82818603515625,698.5714111328125,332.55401611328125,678.772705078125,338.5485534667969
710.9802856445312,242.02923583984375,711.611572265625,239.29876708984375,709.2479248046875,239.04962158203125,709.8547973632812,239.38418579101562,703.9703369140625,238.34991455078125,706.9094848632812,249.69314575195312,694.190673828125,248.41729736328125,708.1197509765625,262.4929504394531,684.8966674804688,261.79119873046875,712.8414306640625,265.66162109375,688.4651489257812,266.7005615234375,697.0390625,278.9934387207031,688.6979370117188,278.8055114746094,701.1197509765625,307.4310302734375,687.0911254882812,307.5492248535156,693.545166015625,339.23565673828125,675.6763916015625,340.3537292480469
708.4202880859375,248.54141235351562,709.6234741210938,246.27066040039062,707.60595703125,245.67083740234375,707.7955322265625,245.63360595703125,702.5050659179688,244.18841552734375,703.3035888671875,250.901611328125,689.728271484375,254.476318359375,706.6146850585938,253.14520263671875,677.4751586914062,271.300048828125,709.1171264648438,247.28900146484375,677.4976806640625,293.9295959472656,690.6672973632812,281.03338623046875,681.744873046875,282.9886474609375,695.9883422851562,309.3265075683594,682.4243774414062,311.16156005859375,690.55859375,335.859619140625,672.0131225585938,339.33984375
707.3072509765625,250.0552978515625,708.3458251953125,248.01953125,706.3089599609375,247.28225708007812,705.4633178710938,249.48687744140625,701.890625,247.71917724609375,700.5745239257812,256.4986877441406,690.5698852539062,255.70309448242188,704.0455322265625,245.42269897460938,691.6514892578125,249.29306030273438,709.332763671875,223.3155975341797,699.12255859375,237.10134887695312,683.3989868164062,286.44183349609375,675.805908203125,286.1746520996094,690.2454833984375,314.57501220703125,679.959716796875,314.5566101074219,682.9138793945312,338.6966857910156,670.4745483398438,341.11669921875
706.6334228515625,250.94281005859375,707.6279907226562,248.84991455078125,705.5896606445312,248.1363525390625,704.638427734375,250.2894287109375,701.0634155273438,248.58441162109375,699.780029296875,257.2129211425781,689.928466796875,256.68048095703125,704.09521484375,245.1737060546875,691.7135009765625,249.51351928710938,709.3419189453125,223.24815368652344,699.0908813476562,237.09063720703125,682.8916625976562,287.3127136230469,675.465576171875,287.2069396972656,689.9141845703125,314.98443603515625,680.4837646484375,315.260498046875,682.2112426757812,338.54949951171875,671.1489868164062,341.48712158203125
704.055908203125,252.1065673828125,704.66455078125,249.37808227539062,702.3032836914062,249.06832885742188,700.03857421875,249.65496826171875,697.6625366210938,248.81564331054688,690.61376953125,258.8495788574219,690.224853515625,256.4163818359375,690.8610229492188,261.04052734375,690.361572265625,255.6263427734375,701.7496337890625,252.79083251953125,695.9409790039062,246.21975708007812,670.93310546875,289.0451354980469,671.7548828125,288.34674072265625,682.0858764648438,316.98870849609375,690.5823364257812,316.14556884765625,667.9890747070312,343.4158935546875,683.0680541992188,344.3203125
700.7691040039062,259.809326171875,700.548095703125,256.9833068847656,699.5835571289062,257.0784606933594,692.487548828125,255.7635498046875,694.44677734375,255.92019653320312,687.1240844726562,262.4196472167969,686.5855102539062,263.6314697265625,691.2249145507812,274.83837890625,686.8748168945312,277.753662109375,703.1669921875,277.5183410644531,697.0861206054688,279.6733093261719,677.0280151367188,292.06329345703125,676.8455200195312,293.14764404296875,689.6329956054688,312.2717590332031,688.3295288085938,313.3158874511719,676.3155517578125,343.80596923828125,674.2484741210938,346.4405212402344
697.0472412109375,256.985595703125,698.4830322265625,254.38360595703125,695.7918701171875,254.2904052734375,698.2597045898438,254.141845703125,692.4578857421875,254.31332397460938,696.6629638671875,262.38427734375,682.0460815429688,264.536376953125,702.861572265625,274.57183837890625,674.6393432617188,279.24102783203125,709.8375854492188,288.4097595214844,669.9528198242188,292.3090515136719,681.9428100585938,290.41229248046875,672.0846557617188,291.68719482421875,694.0587158203125,317.2558898925781,677.1939697265625,320.02197265625,688.5750732421875,342.9598083496094,666.813720703125,349.09307861328125
695.9166870117188,260.0125427246094,697.2542724609375,257.58721923828125,694.4758911132812,257.2601623535156,697.0916137695312,257.01605224609375,689.4657592773438,255.71438598632812,695.8226928710938,263.9878845214844,677.8623657226562,263.0074768066406,698.8049926757812,279.6129150390625,669.3587036132812,279.8514099121094,704.6985473632812,291.614990234375,676.99853515625,293.2087097167969,684.4019775390625,290.20025634765625,671.8147583007812,290.3779602050781,699.9580078125,308.2748107910156,675.1796875,309.0464782714844,696.7081909179688,339.2936096191406,666.1407470703125,340.8719177246094
685.346435546875,268.02691650390625,686.9247436523438,265.1889953613281,684.141357421875,265.2615051269531,688.5851440429688,262.48095703125,680.514892578125,263.1485595703125,690.5882568359375,266.3603515625,671.7119750976562,268.78948974609375,699.5892333984375,275.22344970703125,659.6981201171875,275.64605712890625,704.8284912109375,294.7916259765625,650.112060546875,280.24688720703125,682.35009765625,288.3211364746094,668.8510131835938,290.2898254394531,693.0068969726562,312.8218994140625,666.193359375,317.5219421386719,701.15087890625,339.6792297363281,662.37353515625,349.0225830078125
685.294921875,268.12939453125,686.8759765625,265.29107666015625,684.0900268554688,265.36102294921875,688.538330078125,262.5533142089844,680.44677734375,263.2185363769531,690.558349609375,266.37103271484375,671.6002807617188,268.85791015625,699.6820068359375,275.1873779296875,659.5282592773438,275.84619140625,704.949951171875,294.6556396484375,649.8154296875,280.5543212890625,682.2894897460938,288.3491516113281,668.7589721679688,290.3421936035156,692.9679565429688,312.82965087890625,666.1947631835938,317.5565185546875,701.1025390625,339.6629638671875,662.4359741210938,349.0337219238281
684.7881469726562,246.73223876953125,687.0530395507812,244.66763305664062,684.2996826171875,243.77874755859375,690.201171875,245.37216186523438,682.3790283203125,243.39608764648438,692.510498046875,257.1075134277344,672.5838623046875,253.33547973632812,699.1337890625,274.9529724121094,656.1768798828125,264.7440490722656,699.5677490234375,291.3902282714844,642.263427734375,277.73297119140625,682.784912109375,287.01776123046875,668.5725708007812,285.2378234863281,691.1863403320312,314.1463317871094,662.685546875,312.9012451171875,700.4946899414062,343.25201416015625,657.5944213867188,343.6197204589844
680.7351684570312,241.87734985351562,682.9530029296875,239.81851196289062,680.224365234375,239.12960815429688,686.8135986328125,241.50518798828125,679.533447265625,239.96176147460938,690.1704711914062,255.67620849609375,672.1856079101562,252.11929321289062,695.468994140625,273.9569091796875,659.8754272460938,262.677001953125,698.0294189453125,288.585693359375,652.9117431640625,267.2228698730469,680.5234375,287.1545715332031,666.544921875,285.7294616699219,689.4505004882812,314.0610046386719,653.2015380859375,313.28973388671875,700.4722290039062,343.6279602050781,645.2401123046875,343.971923828125
678.3359375,245.3052978515625,680.3925170898438,243.31210327148438,677.2177734375,242.42181396484375,683.2218627929688,244.82061767578125,674.9283447265625,242.43203735351562,686.147216796875,259.3831481933594,667.113037109375,252.417724609375,689.3216552734375,278.72589111328125,650.259033203125,258.0638122558594,692.0087280273438,293.2740173339844,632.9634399414062,261.66973876953125,679.7892456054688,287.4090881347656,665.2966918945312,284.4839172363281,687.9864501953125,313.94903564453125,649.873046875,310.9110412597656,699.4769287109375,342.4632263183594,642.0404052734375,339.5397033691406
671.3577270507812,243.50222778320312,674.6871337890625,240.99942016601562,670.5535278320312,239.98410034179688,679.4503173828125,241.92337036132812,668.5303955078125,239.25875854492188,683.7177124023438,253.099853515625,661.1361083984375,250.10714721679688,688.8163452148438,266.9235534667969,653.07861328125,262.42626953125,688.4542846679688,270.42144775390625,651.3656616210938,267.20452880859375,673.699951171875,282.594970703125,656.8204345703125,281.1684875488281,690.232666015625,309.2974548339844,647.1800537109375,308.4405517578125,702.9651489257812,340.96722412109375,644.14306640625,339.5484619140625
663.6485595703125,232.60302734375,665.5618286132812,230.5205535888672,662.635498046875,230.13729858398438,669.38720703125,232.01531982421875,660.6990356445312,231.0028839111328,675.9901733398438,244.12335205078125,654.1351928710938,241.59963989257812,682.2135009765625,257.2235107421875,651.53759765625,248.09051513671875,678.4682006835938,258.16510009765625,663.6178588867188,241.9202880859375,674.1426391601562,280.2059631347656,656.6235961914062,279.7467041015625,684.2115478515625,309.82049560546875,645.4518432617188,309.2618408203125,699.203369140625,339.329345703125,643.2579956054688,338.9859924316406
663.6961059570312,232.61294555664062,665.5902099609375,230.53347778320312,662.6522216796875,230.15643310546875,669.3533325195312,232.03692626953125,660.6481323242188,231.0303192138672,675.93310546875,244.19598388671875,654.064208984375,241.62368774414062,682.2460327148438,257.3306884765625,650.9902954101562,247.9888916015625,678.562744140625,258.336669921875,662.56201171875,241.7525634765625,674.1205444335938,280.2468566894531,656.630126953125,279.7713623046875,684.2579345703125,309.8661193847656,645.5377807617188,309.2831726074219,699.2474365234375,339.4576110839844,643.2365112304688,339.0479736328125
653.8952026367188,232.03060913085938,656.0579833984375,230.0333709716797,656.0325927734375,229.3023681640625,660.1712036132812,232.25177001953125,664.5712280273438,231.3173828125,656.9935302734375,241.85879516601562,665.983154296875,241.6842041015625,640.3316040039062,239.04913330078125,662.0568237304688,236.2071533203125,628.1138305664062,228.708740234375,650.38037109375,223.53182983398438,659.7684936523438,279.0469665527344,663.2278442382812,279.26300048828125,665.2315673828125,307.0248718261719,657.482666015625,309.0190734863281,680.4537353515625,334.91717529296875,657.8823852539062,339.60211181640625
654.6904296875,230.3168487548828,657.1026000976562,228.49366760253906,654.5814819335938,227.71278381347656,662.1229248046875,230.23770141601562,654.9139404296875,228.45462036132812,666.772216796875,241.06185913085938,648.066650390625,237.27590942382812,672.1129150390625,245.87112426757812,630.896484375,232.84671020507812,669.8330688476562,242.40664672851562,619.6633911132812,221.8318634033203,664.5717163085938,276.25640869140625,650.9309692382812,275.156494140625,672.9029541015625,306.0143127441406,646.2864990234375,305.704345703125,687.459716796875,334.43341064453125,645.203857421875,335.95404052734375
651.7184448242188,226.8702392578125,654.8448486328125,225.0641326904297,651.1715698242188,223.92147827148438,659.6144409179688,227.40521240234375,650.6503295898438,224.85321044921875,661.0768432617188,239.0611572265625,644.5678100585938,234.58224487304688,666.7991333007812,241.87411499023438,631.454833984375,226.59115600585938,665.552734375,239.7501220703125,619.4130249023438,214.10549926757812,657.5116577148438,275.1125793457031,645.62890625,273.7580871582031,664.7034912109375,305.21697998046875,644.0387573242188,305.00579833984375,676.451171875,332.5341796875,642.5790405273438,334.6303405761719
647.9457397460938,218.86769104003906,651.2588500976562,216.63267517089844,646.7442016601562,215.84738159179688,656.24267578125,220.95455932617188,645.0360717773438,219.35882568359375,658.8948364257812,234.0443115234375,640.5714111328125,232.145751953125,668.3695068359375,226.43919372558594,636.1312866210938,219.58837890625,667.8008422851562,215.8878173828125,635.1051025390625,200.95486450195312,653.9469604492188,271.5982971191406,640.637939453125,271.1382141113281,657.041748046875,303.1330261230469,638.4619750976562,303.77166748046875,667.8802490234375,329.95367431640625,642.4143676757812,332.5122985839844
640.7339477539062,215.23760986328125,643.9557495117188,213.148193359375,639.880859375,212.6287841796875,650.0328369140625,216.61474609375,640.5617065429688,215.60531616210938,653.3217163085938,229.51487731933594,636.9973754882812,227.6812286376953,650.4773559570312,229.3939666748047,628.8002319335938,224.30043029785156,645.1277465820312,217.193603515625,626.08203125,210.27743530273438,647.4517211914062,268.4755859375,636.2155151367188,267.6492004394531,647.3136596679688,300.1787414550781,637.0799560546875,299.4642028808594,652.9244384765625,329.57550048828125,641.379150390625,328.701904296875
640.6690673828125,215.3880157470703,643.8794555664062,213.29852294921875,639.8248901367188,212.77340698242188,649.9219360351562,216.78128051757812,640.5151977539062,215.74952697753906,653.2362060546875,229.63296508789062,636.9037475585938,227.72561645507812,650.4093017578125,229.24411010742188,628.6928100585938,223.93991088867188,645.0598754882812,216.90377807617188,625.9192504882812,209.7382049560547,647.4256591796875,268.4950256347656,636.18603515625,267.6430358886719,647.1668701171875,300.1953125,637.05029296875,299.44482421875,652.7371826171875,329.49261474609375,641.4356079101562,328.5775451660156
634.7222290039062,214.99151611328125,637.9549560546875,212.79513549804688,634.7207641601562,212.17633056640625,644.5535278320312,216.70541381835938,638.516845703125,215.5023193359375,646.5891723632812,229.65371704101562,637.4451904296875,227.59759521484375,636.7318725585938,224.9561309814453,630.7459716796875,220.22561645507812,629.8738403320312,209.06781005859375,627.39111328125,203.46734619140625,643.721435546875,269.0544738769531,636.640625,267.9279479980469,638.8475952148438,301.4825744628906,630.23095703125,300.29296875,647.1475219726562,331.8617858886719,636.5958251953125,329.42657470703125
630.7337036132812,214.1901092529297,633.9588012695312,212.35092163085938,630.70556640625,211.63577270507812,640.4161987304688,216.25350952148438,634.3546752929688,214.90438842773438,643.4616088867188,228.87294006347656,633.7459106445312,227.7635040283203,639.5784301757812,229.64320373535156,632.77685546875,228.561279296875,636.3446655273438,216.74668884277344,633.3336181640625,215.99826049804688,640.433837890625,267.7855529785156,632.5354614257812,266.97015380859375,635.5530395507812,298.9232482910156,621.6767578125,298.2144470214844,648.0148315429688,326.74639892578125,627.32373046875,325.36749267578125
628.663330078125,214.34474182128906,631.7168579101562,212.623046875,628.5899658203125,211.83787536621094,637.385986328125,217.33106994628906,633.0665283203125,215.7061767578125,639.6727294921875,230.09564208984375,633.2786865234375,228.205078125,633.8214721679688,228.30917358398438,633.2208251953125,225.0874481201172,627.8834838867188,212.37010192871094,628.414306640625,209.16690063476562,636.0885009765625,267.33782958984375,629.5439453125,266.0726623535156,632.5833740234375,296.2751770019531,614.1084594726562,295.17620849609375,646.9932861328125,323.38299560546875,616.5279541015625,321.5636291503906
627.1550903320312,217.4503631591797,630.7135620117188,215.87722778320312,626.4349975585938,214.6029052734375,637.2628173828125,220.21824645996094,628.4771728515625,216.92465209960938,639.2908325195312,233.51617431640625,628.395263671875,227.1549530029297,634.4639282226562,231.52757263183594,630.618408203125,221.51332092285156,630.1182250976562,211.92333984375,630.1006469726562,210.9807891845703,634.0146484375,268.757568359375,623.571533203125,265.20037841796875,635.7416381835938,296.6519775390625,608.1944580078125,290.8682861328125,651.68310546875,321.2198791503906,607.3710327148438,312.36279296875
628.9044799804688,221.48573303222656,631.5463256835938,219.6397705078125,626.8828125,218.80221557617188,635.040283203125,222.28945922851562,624.8394165039062,219.95054626464844,637.2703857421875,234.81884765625,622.79638671875,228.4188232421875,641.6553955078125,235.61337280273438,624.4754028320312,222.81353759765625,640.737548828125,221.69114685058594,626.1121215820312,211.9872283935547,630.38134765625,266.71234130859375,617.8689575195312,263.0782165527344,635.1469116210938,292.08740234375,603.7168579101562,286.58697509765625,645.982421875,315.6735534667969,595.5703735351562,308.0506591796875
628.9137573242188,221.38406372070312,631.558837890625,219.53619384765625,626.883544921875,218.7067108154297,635.0433959960938,222.19769287109375,624.8177490234375,219.883056640625,637.2119140625,234.7447509765625,622.7628173828125,228.42303466796875,641.5795288085938,235.54727172851562,624.3841552734375,222.8523406982422,640.7379150390625,221.73780822753906,625.97021484375,211.95248413085938,630.3427734375,266.6397705078125,617.8574829101562,263.0541687011719,635.14501953125,291.9791259765625,603.7587890625,286.58001708984375,645.912109375,315.5795593261719,595.5179443359375,308.14569091796875
620.6481323242188,212.94619750976562,623.3953857421875,211.2376251220703,619.5354614257812,210.2379150390625,626.7266845703125,214.77737426757812,619.5359497070312,212.5428466796875,628.0964965820312,227.21388244628906,616.872802734375,223.38986206054688,632.0790405273438,227.7097930908203,621.9503173828125,217.825439453125,626.4860229492188,214.8324432373047,619.4573974609375,199.77374267578125,621.0304565429688,262.60711669921875,613.0257568359375,260.90203857421875,620.6393432617188,288.77545166015625,614.1613159179688,287.5559997558594,624.9363403320312,311.06103515625,616.7821044921875,310.76824951171875
615.8887939453125,209.78985595703125,618.2611083984375,207.6183319091797,615.9996337890625,206.9114532470703,622.1683959960938,209.76629638671875,619.9110717773438,208.6239776611328,623.2776489257812,222.68162536621094,619.4153442382812,222.6609649658203,630.5370483398438,237.11578369140625,620.8403930664062,236.6990966796875,625.931396484375,248.75808715820312,612.9482421875,243.215576171875,611.8276977539062,257.852294921875,614.16796875,257.6679382324219,594.0864868164062,283.7987976074219,628.2613525390625,285.26910400390625,585.056640625,308.9413146972656,646.500244140625,312.3978271484375
613.6309204101562,212.43174743652344,615.637939453125,210.56626892089844,613.8818969726562,209.73123168945312,619.4224853515625,212.438232421875,617.1529541015625,210.5938262939453,622.4842529296875,224.31369018554688,614.9805297851562,221.9513702392578,628.4560546875,240.10379028320312,618.4900512695312,237.40188598632812,624.8259887695312,249.13726806640625,618.8751220703125,246.55569458007812,615.1537475585938,257.6433410644531,607.486083984375,255.97528076171875,624.9677124023438,284.53118896484375,597.0709838867188,282.8766784667969,640.4932861328125,310.1434631347656,593.2931518554688,307.9847412109375
609.6647338867188,213.45486450195312,611.7158203125,211.66627502441406,610.4666137695312,210.9201202392578,614.7489624023438,213.9231719970703,614.992919921875,212.47943115234375,615.0269165039062,225.41897583007812,612.5303344726562,223.38812255859375,614.4934692382812,237.48651123046875,608.8995361328125,233.56292724609375,614.2565307617188,244.56268310546875,605.0302124023438,238.66796875,612.0714111328125,258.3099670410156,607.2968139648438,256.8125305175781,620.5374145507812,285.2980041503906,591.947265625,284.3115234375,637.947509765625,308.4067687988281,584.470947265625,307.9912109375
603.6014404296875,215.02369689941406,606.6976318359375,213.2442169189453,604.70703125,212.09042358398438,611.7116088867188,216.02171325683594,610.8701171875,213.3826904296875,610.7510986328125,226.91415405273438,606.6660766601562,222.66629028320312,589.0885620117188,229.09185791015625,587.7083129882812,223.62135314941406,563.9585571289062,217.7714385986328,565.8619384765625,220.46595764160156,609.7064208984375,259.064208984375,602.359130859375,256.0118713378906,620.9423828125,287.6629638671875,585.4920043945312,284.66766357421875,639.1259155273438,310.8022155761719,575.84326171875,307.0493469238281
603.628662109375,214.97264099121094,606.7271728515625,213.19590759277344,604.718505859375,212.0380096435547,611.7509765625,215.9800262451172,610.8357543945312,213.32467651367188,610.8428344726562,226.8874053955078,606.6350708007812,222.5694122314453,589.2537231445312,229.15127563476562,587.667724609375,223.52528381347656,564.1746215820312,217.86460876464844,565.8668212890625,220.43621826171875,609.8068237304688,258.9868469238281,602.4118041992188,255.90313720703125,620.8462524414062,287.59954833984375,585.5942993164062,284.5382080078125,639.0156860351562,310.8721923828125,576.1568603515625,307.0029296875
597.1753540039062,217.3313751220703,600.3678588867188,215.6109161376953,597.7998657226562,214.48117065429688,605.5076293945312,218.35122680664062,602.8192138671875,215.7328643798828,606.47119140625,229.89833068847656,600.0872802734375,225.89288330078125,591.0720825195312,234.03390502929688,588.6574096679688,228.16537475585938,571.4034423828125,226.34390258789062,573.4104614257812,225.17739868164062,606.26416015625,264.0931396484375,597.5072631835938,261.2523193359375,615.1553955078125,293.2127990722656,578.682373046875,290.1475830078125,639.8497924804688,315.6891784667969,577.14892578125,311.59765625
589.452392578125,221.00994873046875,593.1925659179688,219.21295166015625,589.96044921875,218.07180786132812,598.3025512695312,221.53109741210938,594.7261352539062,219.42123413085938,597.70361328125,233.044189453125,593.5460815429688,231.70738220214844,589.926513671875,242.83724975585938,588.4591674804688,242.54510498046875,580.9918212890625,243.823486328125,581.1032104492188,243.89151000976562,599.6370849609375,265.7786560058594,592.8355712890625,264.44940185546875,608.4793090820312,293.10736083984375,575.4829711914062,292.4292297363281,637.1157836914062,313.4320068359375,577.7058715820312,312.7880859375
588.9534301757812,220.74951171875,591.8511352539062,218.82333374023438,589.4639892578125,218.03968811035156,597.44970703125,220.87356567382812,595.3408813476562,219.36764526367188,597.2896728515625,231.9179229736328,597.3320922851562,230.355712890625,583.5051879882812,243.640869140625,591.227294921875,240.53628540039062,570.3450317382812,246.01571655273438,578.8358154296875,242.7481689453125,597.3411254882812,263.32122802734375,593.8562622070312,262.2866516113281,602.7174072265625,289.158447265625,572.809326171875,288.545166015625,628.5986938476562,309.82330322265625,574.1986083984375,308.7069396972656
587.535400390625,221.2960662841797,590.6036376953125,219.349853515625,587.5574951171875,218.40089416503906,596.66259765625,221.21109008789062,591.4848022460938,219.1282501220703,597.2843627929688,232.40859985351562,592.4695434570312,230.03550720214844,585.3072509765625,245.00747680664062,583.6022338867188,241.67861938476562,568.5104370117188,250.49362182617188,567.5858154296875,250.705810546875,596.72998046875,262.3155822753906,590.4998168945312,260.8144226074219,602.1673583984375,288.6559753417969,572.5523681640625,287.297119140625,625.9121704101562,310.73773193359375,574.0115356445312,308.61077880859375
588.3616333007812,219.6134796142578,591.3571166992188,217.38253784179688,587.89697265625,216.57528686523438,595.430908203125,218.81597900390625,590.3004760742188,217.14474487304688,597.1505737304688,232.07171630859375,588.749755859375,230.0647430419922,589.400146484375,248.9271240234375,581.9573974609375,246.80609130859375,575.3226928710938,263.158203125,569.92529296875,261.65631103515625,598.5487670898438,263.0393371582031,589.904541015625,261.2227783203125,603.6118774414062,290.9201354980469,574.5853881835938,289.3637390136719,625.5899658203125,314.4229736328125,577.5255126953125,312.01519775390625
588.1587524414062,219.32931518554688,591.0963745117188,216.9931640625,587.2951049804688,216.2347869873047,596.3004150390625,218.53565979003906,588.901123046875,216.8519744873047,596.9151611328125,231.6472625732422,589.560302734375,229.37875366210938,587.0621337890625,250.00588989257812,580.9456787109375,246.33551025390625,571.6339111328125,262.62286376953125,566.9470825195312,261.86962890625,597.5896606445312,261.4058532714844,590.1494750976562,260.006103515625,602.559326171875,288.69036865234375,573.9828491210938,287.0870056152344,622.8208618164062,313.1033020019531,574.6394653320312,309.7884216308594
590.8746337890625,216.5011749267578,593.2459106445312,214.21006774902344,590.6581420898438,213.48446655273438,595.124755859375,216.2058563232422,593.3883056640625,214.82398986816406,594.7548217773438,229.12042236328125,592.0098876953125,228.49267578125,590.0243530273438,244.42251586914062,588.7091674804688,243.0511474609375,579.5307006835938,256.7989807128906,579.769775390625,252.94912719726562,597.3558349609375,261.6061096191406,595.7254028320312,261.2217102050781,591.1770629882812,289.07666015625,592.5143432617188,289.8653869628906,599.2183837890625,313.0185852050781,602.7318725585938,315.16217041015625
0.0,0.0,0.0,0.0,0.0,0.0,0.0,0.0,0.0,0.0,0.0,0.0,0.0,0.0,0.0,0.0,0.0,0.0,0.0,0.0,0.0,0.0,0.0,0.0,0.0,0.0,0.0,0.0,0.0,0.0,0.0,0.0,0.0,0.0
0.0,0.0,0.0,0.0,0.0,0.0,0.0,0.0,0.0,0.0,0.0,0.0,0.0,0.0,0.0,0.0,0.0,0.0,0.0,0.0,0.0,0.0,0.0,0.0,0.0,0.0,0.0,0.0,0.0,0.0,0.0,0.0,0.0,0.0
590.9124145507812,208.27493286132812,592.7256469726562,205.66944885253906,589.40380859375,205.58819580078125,596.346923828125,206.59434509277344,590.0360107421875,206.21946716308594,602.2283935546875,218.92398071289062,590.6412353515625,217.75982666015625,603.43701171875,234.56619262695312,589.2708740234375,233.0809326171875,596.3870239257812,242.48431396484375,587.9046020507812,241.13372802734375,609.2763671875,253.4591064453125,598.8140869140625,252.41717529296875,617.3893432617188,284.4414978027344,587.740478515625,282.88055419921875,630.5411987304688,313.4814453125,582.0054931640625,309.8281555175781
590.863525390625,209.19326782226562,592.4633178710938,206.70492553710938,589.5875854492188,206.68362426757812,595.8991088867188,207.61785888671875,590.2574462890625,207.47409057617188,603.0897827148438,218.9401092529297,589.974365234375,218.9930419921875,607.588623046875,234.39605712890625,589.4857788085938,235.43344116210938,603.8125,245.911376953125,587.6915893554688,248.24725341796875,611.8353271484375,251.08340454101562,600.6978149414062,250.82318115234375,618.8878784179688,281.2099609375,589.0545654296875,280.6585998535156,633.4047241210938,310.8013916015625,586.371826171875,308.94451904296875
590.6986083984375,209.3531951904297,592.2948608398438,206.859130859375,589.452392578125,206.83746337890625,595.77197265625,207.7424774169922,590.2347412109375,207.59783935546875,603.02294921875,219.04176330566406,590.005615234375,219.12091064453125,607.4003295898438,234.60638427734375,589.6408081054688,235.76123046875,603.4532470703125,246.27212524414062,587.7792358398438,248.80477905273438,611.8390502929688,251.14361572265625,600.753662109375,250.88650512695312,618.9026489257812,281.2808837890625,589.0331420898438,280.7379455566406,633.4054565429688,310.9107666015625,586.351806640625,309.0518798828125
587.152587890625,215.56613159179688,588.5814208984375,213.07118225097656,586.9014282226562,212.93893432617188,592.79736328125,213.4705810546875,590.9610595703125,213.03289794921875,601.0689697265625,223.38983154296875,592.20166015625,223.18356323242188,603.2376098632812,238.73858642578125,592.951171875,239.98818969726562,595.729736328125,251.28466796875,591.0379028320312,253.52072143554688,613.194580078125,253.18994140625,604.84375,252.778564453125,618.535400390625,282.60589599609375,592.4564208984375,282.06268310546875,634.5965576171875,310.48468017578125,593.0739135742188,308.3849182128906
0.0,0.0,0.0,0.0,0.0,0.0,0.0,0.0,0.0,0.0,0.0,0.0,0.0,0.0,0.0,0.0,0.0,0.0,0.0,0.0,0.0,0.0,0.0,0.0,0.0,0.0,0.0,0.0,0.0,0.0,0.0,0.0,0.0,0.0
593.24365234375,218.8563690185547,595.041259765625,216.2365264892578,592.2081298828125,216.46383666992188,601.1673583984375,216.17640686035156,593.1334228515625,216.83251953125,613.2963256835938,226.5877685546875,591.9853515625,228.26416015625,625.3880004882812,239.33401489257812,590.8310546875,243.95745849609375,622.1740112304688,250.86395263671875,591.5525512695312,260.4744873046875,619.744384765625,259.2476806640625,603.989990234375,259.6719970703125,625.0679321289062,285.5150451660156,593.5457153320312,285.2919616699219,637.4092407226562,311.4203796386719,594.6036987304688,309.6373596191406
604.212646484375,214.8760986328125,605.734619140625,212.51451110839844,602.7423095703125,212.7057342529297,610.0478515625,213.33180236816406,601.7039794921875,213.8250732421875,619.9716796875,224.863037109375,598.2249145507812,225.25933837890625,629.6011352539062,237.34365844726562,593.34326171875,237.99105834960938,623.4381713867188,245.05615234375,594.3443603515625,247.72262573242188,621.8486938476562,257.9521484375,605.9396362304688,257.79632568359375,627.8263549804688,284.44879150390625,597.4710083007812,283.81500244140625,636.7703247070312,311.080078125,595.3806762695312,309.2975769042969
612.9450073242188,212.38352966308594,614.6815185546875,209.87205505371094,610.6585693359375,210.1908721923828,618.6145629882812,210.2015380859375,607.51171875,210.978759765625,626.0733032226562,221.6549072265625,603.6043701171875,222.67782592773438,634.9756469726562,234.46722412109375,596.5091552734375,236.32382202148438,630.9721069335938,242.1297607421875,597.61279296875,245.93460083007812,624.6575927734375,254.55892944335938,608.8895263671875,254.76516723632812,630.6035766601562,281.3387145996094,602.6590576171875,281.31683349609375,634.7763671875,309.8695373535156,597.6725463867188,309.4317321777344
613.031005859375,212.35812377929688,614.768310546875,209.84947204589844,610.7349853515625,210.16656494140625,618.6759643554688,210.1947784423828,607.5570068359375,210.96458435058594,626.0991821289062,221.67764282226562,603.613037109375,222.67831420898438,634.9425048828125,234.51992797851562,596.5005493164062,236.31228637695312,630.9607543945312,242.12957763671875,597.6498413085938,245.79367065429688,624.6712036132812,254.604736328125,608.8959350585938,254.80560302734375,630.5767822265625,281.39453125,602.6710815429688,281.3739318847656,634.761474609375,309.87738037109375,597.7341918945312,309.4553527832031
618.4325561523438,214.37767028808594,620.1129760742188,211.9637451171875,616.096923828125,212.1622772216797,623.4011840820312,212.26284790039062,612.332763671875,212.6527099609375,629.660888671875,222.9577178955078,607.48876953125,223.823486328125,639.5867919921875,234.88223266601562,600.745849609375,237.90487670898438,638.79833984375,242.51226806640625,602.97216796875,249.99859619140625,626.7802124023438,253.44073486328125,611.2997436523438,253.65029907226562,633.319091796875,279.9117431640625,605.1624145507812,279.76641845703125,636.3704223632812,309.1986999511719,599.2098999023438,308.7718200683594
625.9983520507812,213.1942596435547,627.342529296875,210.52227783203125,623.5134887695312,210.7552490234375,628.718017578125,211.25244140625,618.9154052734375,211.90708923339844,633.1858520507812,223.1924285888672,611.7079467773438,224.25836181640625,640.9913940429688,237.39004516601562,604.9192504882812,239.6741943359375,641.4757080078125,247.82662963867188,607.6360473632812,249.695068359375,630.1620483398438,255.64364624023438,615.50244140625,256.2652893066406,635.7622680664062,280.6451416015625,608.136474609375,281.00177001953125,635.0781860351562,304.7201843261719,601.6585693359375,305.5539855957031
630.4129638671875,214.42103576660156,632.0963134765625,212.30764770507812,628.521240234375,212.15467834472656,634.9563598632812,213.42201232910156,625.362548828125,212.893798828125,639.9452514648438,225.93881225585938,619.1202392578125,224.89895629882812,645.0499877929688,239.77139282226562,611.5697631835938,239.71551513671875,645.55078125,248.16339111328125,609.6276245117188,255.14495849609375,634.991455078125,256.1634521484375,621.0848999023438,255.4373779296875,638.0799560546875,283.0380859375,615.0667724609375,281.5990905761719,636.8519897460938,309.198486328125,610.1532592773438,307.0865478515625
632.3384399414062,215.04681396484375,633.8419799804688,212.88214111328125,630.37939453125,212.85760498046875,636.49853515625,213.84994506835938,627.0953369140625,213.62721252441406,642.0645751953125,226.24156188964844,621.1465454101562,226.0022430419922,649.5643310546875,239.42337036132812,613.4022216796875,240.77447509765625,648.453369140625,247.70816040039062,612.6666870117188,255.59335327148438,638.4158935546875,259.1439514160156,624.7892456054688,258.8564453125,640.178955078125,286.7013244628906,620.458984375,285.9551086425781,638.3132934570312,312.3553466796875,616.2728881835938,311.30682373046875
636.572998046875,214.6073455810547,638.0355834960938,212.48533630371094,634.6007690429688,212.4071502685547,639.975341796875,213.53463745117188,630.906494140625,213.13357543945312,644.015625,225.09579467773438,624.257080078125,225.06883239746094,651.5030517578125,237.12081909179688,615.2447509765625,239.16754150390625,652.26220703125,245.35031127929688,613.7413940429688,253.41827392578125,640.6611328125,256.6456298828125,628.1298217773438,256.66522216796875,641.8901977539062,284.8436279296875,625.6688232421875,284.7769775390625,640.147216796875,311.9325256347656,622.8071899414062,312.4077453613281
636.47412109375,214.6897735595703,637.9463500976562,212.5664825439453,634.4960327148438,212.49069213867188,639.9142456054688,213.60171508789062,630.7998046875,213.2073974609375,643.9447021484375,225.13095092773438,624.1945190429688,225.14852905273438,651.4620971679688,237.11260986328125,615.2626342773438,239.298583984375,652.2504272460938,245.24038696289062,613.8427124023438,253.58123779296875,640.63232421875,256.6820373535156,628.1093139648438,256.72442626953125,641.8693237304688,284.87298583984375,625.6883544921875,284.8255615234375,640.1130981445312,311.92755126953125,622.8204956054688,312.42401123046875
638.5386352539062,215.25547790527344,640.0338745117188,212.94247436523438,636.3369140625,212.8921356201172,641.6748657226562,214.07363891601562,632.2772216796875,213.55795288085938,644.90966796875,225.69056701660156,626.184326171875,226.6986083984375,653.6963500976562,234.11956787109375,616.6889038085938,241.85238647460938,656.92041015625,232.18109130859375,615.9409790039062,255.48748779296875,643.274658203125,260.53607177734375,632.1657104492188,260.96185302734375,639.6115112304688,290.6478271484375,631.3074340820312,290.3230285644531,635.1451416015625,318.368896484375,628.9212646484375,317.76019287109375
642.3954467773438,214.1962890625,643.8428955078125,211.88015747070312,640.1055297851562,211.87936401367188,645.257080078125,213.34349060058594,635.2657470703125,213.05821228027344,648.1245727539062,225.92141723632812,628.236328125,226.83135986328125,655.9723510742188,235.28683471679688,618.0120239257812,242.05218505859375,660.6143798828125,238.65899658203125,615.6597290039062,254.03762817382812,646.11669921875,259.8340759277344,634.470458984375,260.1263427734375,642.3944091796875,289.0546875,635.5452880859375,289.32135009765625,636.6030883789062,314.7843933105469,634.2501220703125,315.65252685546875
647.01806640625,216.49700927734375,648.3978881835938,214.0918426513672,644.87841796875,214.16468811035156,649.580322265625,214.6370849609375,640.7349853515625,214.57666015625,652.198974609375,225.84710693359375,634.321044921875,226.69407653808594,660.5679321289062,235.99661254882812,622.078369140625,240.14764404296875,668.191650390625,239.05670166015625,620.62744140625,253.15182495117188,649.7548217773438,260.44921875,639.8697509765625,261.22991943359375,646.5751342773438,292.0220642089844,643.4638671875,292.3585510253906,641.3414306640625,320.95721435546875,642.7740478515625,321.54827880859375
648.4109497070312,218.69903564453125,650.0908203125,216.24205017089844,646.2670288085938,216.18594360351562,652.6365356445312,217.00064086914062,641.685302734375,216.6182861328125,656.672119140625,228.249755859375,634.4348754882812,229.25494384765625,668.236083984375,234.6866455078125,621.7320556640625,242.5699462890625,674.5614013671875,237.133544921875,621.1525268554688,253.40313720703125,655.3455810546875,262.0367126464844,642.1791381835938,262.4730224609375,654.8991088867188,295.5972595214844,648.1309814453125,295.95806884765625,647.9798583984375,325.14654541015625,645.6593017578125,325.7131652832031
653.7159423828125,219.26829528808594,655.1047973632812,216.82949829101562,651.54296875,216.912109375,656.9110717773438,217.65020751953125,646.8897705078125,217.56210327148438,660.2528076171875,228.09268188476562,638.7880249023438,229.5825958251953,670.7374267578125,236.69540405273438,624.9962768554688,243.81036376953125,676.0624389648438,236.78207397460938,625.7034912109375,253.78521728515625,655.9910888671875,262.1156311035156,643.4107666015625,263.15789794921875,656.7583618164062,295.32318115234375,650.6261596679688,296.362548828125,649.1475219726562,325.0208740234375,646.8253173828125,326.85888671875
653.7168579101562,219.263427734375,655.1047973632812,216.81922912597656,651.5401000976562,216.9066162109375,656.8936157226562,217.63182067871094,646.8707275390625,217.55740356445312,660.2294921875,228.05638122558594,638.7379150390625,229.59878540039062,670.6765747070312,236.71005249023438,625.0593872070312,243.95458984375,676.0319213867188,236.86923217773438,625.9746704101562,253.96487426757812,655.983154296875,262.06329345703125,643.3670043945312,263.13726806640625,656.8504028320312,295.2662353515625,650.5841064453125,296.34576416015625,649.3187255859375,324.9454345703125,646.8377685546875,326.829833984375
657.048095703125,218.64817810058594,658.8174438476562,216.08932495117188,654.6511840820312,216.21322631835938,661.3259887695312,217.22471618652344,649.5543212890625,217.2592315673828,664.5661010742188,228.53370666503906,640.564697265625,231.03733825683594,674.42626953125,238.50091552734375,627.62353515625,247.31759643554688,677.0883178710938,243.809326171875,633.3348388671875,258.5174865722656,659.4141845703125,262.2347412109375,644.1949462890625,263.96929931640625,665.3787231445312,293.80426025390625,649.5594482421875,296.3136291503906,661.2024536132812,320.93060302734375,645.43212890625,325.1805114746094
661.6072998046875,219.26657104492188,663.0906982421875,216.74166870117188,659.2581787109375,216.8901824951172,664.6065063476562,217.634033203125,653.8695068359375,217.8316650390625,667.35009765625,228.393310546875,644.5164184570312,231.45033264160156,677.262451171875,239.10369873046875,632.7158203125,248.74087524414062,679.1970825195312,245.21258544921875,635.9992065429688,260.8170166015625,662.654296875,261.2325439453125,647.502197265625,263.324951171875,673.1260986328125,290.1767883300781,651.4723510742188,293.1656188964844,672.9702758789062,319.3328857421875,646.3033447265625,324.3296203613281
664.3657836914062,220.91567993164062,665.9923095703125,218.42088317871094,662.1461181640625,218.56971740722656,667.5,219.13356018066406,657.1068115234375,219.624755859375,669.98974609375,230.09124755859375,648.1364135742188,233.96502685546875,678.897216796875,239.572265625,638.1091918945312,251.957275390625,680.3007202148438,246.40908813476562,639.4530029296875,263.5994567871094,665.5181884765625,264.0446472167969,650.5764770507812,266.38018798828125,677.1024169921875,289.73541259765625,651.7906494140625,293.49969482421875,680.8042602539062,314.78680419921875,647.0609130859375,321.3581848144531
668.3663330078125,223.84523010253906,669.518798828125,221.15403747558594,666.3927612304688,221.4009246826172,670.755126953125,220.66539001464844,661.387451171875,221.42071533203125,675.7966918945312,229.61334228515625,651.585205078125,234.43118286132812,687.3601684570312,238.06317138671875,642.771484375,253.12640380859375,687.2251586914062,245.6014404296875,643.61181640625,266.9320373535156,673.0840454101562,264.4704895019531,655.5706787109375,267.2790222167969,686.3767700195312,290.3451843261719,651.5011596679688,294.7229919433594,693.15087890625,316.5377197265625,644.489013671875,323.89013671875
670.9414672851562,231.61477661132812,671.8223266601562,228.6007080078125,668.8858642578125,229.12014770507812,672.448974609375,227.02867126464844,663.40576171875,228.29624938964844,677.1080322265625,233.55303955078125,653.2476196289062,239.38128662109375,686.8235473632812,242.57916259765625,644.8287353515625,257.07366943359375,686.965576171875,251.38748168945312,647.8412475585938,272.9368591308594,674.7550659179688,266.90386962890625,656.62744140625,270.6036682128906,690.4307861328125,293.7039794921875,649.334228515625,298.6898193359375,700.2862548828125,322.04376220703125,641.44873046875,330.1175231933594
670.882080078125,231.80996704101562,671.8004150390625,228.79771423339844,668.876220703125,229.30145263671875,672.5525512695312,227.1566162109375,663.4641723632812,228.4090118408203,677.246337890625,233.45046997070312,653.2733154296875,239.45526123046875,687.1975708007812,242.09548950195312,644.8453979492188,257.2498474121094,686.9660034179688,250.25665283203125,647.8650512695312,273.10784912109375,674.7521362304688,266.8375244140625,656.546630859375,270.6058044433594,690.404052734375,293.6029052734375,649.3402099609375,298.68243408203125,700.2193603515625,321.9046630859375,641.3941040039062,330.11041259765625
675.3450927734375,239.70892333984375,676.5833129882812,236.39141845703125,673.3161010742188,236.89822387695312,677.9512329101562,233.3538818359375,668.15185546875,234.72634887695312,682.4892578125,238.42291259765625,658.2298583984375,243.22348022460938,690.5202026367188,252.75967407226562,650.6204833984375,261.4478454589844,692.9059448242188,272.8204345703125,655.1040649414062,277.3798522949219,678.6572265625,267.0389709472656,659.260986328125,270.5014953613281,697.220458984375,297.18072509765625,647.770751953125,302.54583740234375,711.5025024414062,326.6041564941406,639.3056640625,335.6131286621094
679.5424194335938,239.58160400390625,681.5332641601562,236.7344970703125,678.032470703125,236.72525024414062,684.181884765625,234.875732421875,674.5173950195312,235.10568237304688,687.1452026367188,242.07247924804688,666.0694580078125,244.52035522460938,692.1372680664062,256.2339782714844,658.2664184570312,261.6426086425781,691.8565673828125,272.1315002441406,656.0617065429688,278.71282958984375,682.0772094726562,271.87744140625,664.255859375,273.2050476074219,701.6528930664062,302.262451171875,651.2072143554688,304.76824951171875,716.6797485351562,333.058349609375,637.6583862304688,338.2056579589844
681.0947875976562,255.68927001953125,682.9188842773438,253.04074096679688,679.1085205078125,253.13946533203125,685.5028076171875,250.69729614257812,675.0568237304688,251.03768920898438,688.5755615234375,255.09811401367188,669.373291015625,256.7181396484375,692.7657470703125,257.7691345214844,665.6802978515625,261.7119140625,692.6262817382812,258.7722473144531,669.9013061523438,262.4556884765625,685.0296020507812,281.02392578125,667.6302490234375,281.85723876953125,704.60693359375,307.1861572265625,651.3737182617188,308.683837890625,720.996337890625,334.72412109375,635.9708251953125,337.64825439453125
689.8091430664062,237.23440551757812,691.5850830078125,234.7998046875,687.5856323242188,234.86911010742188,692.8890991210938,236.27545166015625,683.482666015625,236.405029296875,693.3602294921875,248.27008056640625,677.5518798828125,247.50604248046875,691.2998657226562,253.802978515625,671.0498657226562,248.8114013671875,684.8530883789062,251.285400390625,669.844482421875,240.23892211914062,686.55126953125,284.5882568359375,671.4899291992188,284.10064697265625,702.9901123046875,311.28326416015625,654.86572265625,311.6605529785156,717.7183837890625,336.616943359375,637.4656372070312,338.777587890625
0.0,0.0,0.0,0.0,0.0,0.0,0.0,0.0,0.0,0.0,0.0,0.0,0.0,0.0,0.0,0.0,0.0,0.0,0.0,0.0,0.0,0.0,0.0,0.0,0.0,0.0,0.0,0.0,0.0,0.0,0.0,0.0,0.0,0.0
0.0,0.0,0.0,0.0,0.0,0.0,0.0,0.0,0.0,0.0,0.0,0.0,0.0,0.0,0.0,0.0,0.0,0.0,0.0,0.0,0.0,0.0,0.0,0.0,0.0,0.0,0.0,0.0,0.0,0.0,0.0,0.0,0.0,0.0
705.8662719726562,250.62109375,706.724853515625,247.79721069335938,703.8945922851562,247.8524169921875,704.1693115234375,247.9012451171875,699.4063720703125,247.88775634765625,699.0303344726562,257.6623840332031,694.4306030273438,259.110107421875,704.6256713867188,270.92706298828125,700.2669677734375,276.88287353515625,714.4757080078125,276.56268310546875,713.8683471679688,288.85650634765625,685.8460693359375,285.4003601074219,683.9476928710938,286.4323425292969,688.0740966796875,308.721923828125,695.2254638671875,309.8614501953125,678.2957763671875,333.49395751953125,693.0308837890625,337.20172119140625
716.4640502929688,247.03857421875,717.0313110351562,244.25079345703125,715.222412109375,244.27569580078125,713.7066040039062,244.31793212890625,710.9133911132812,244.17633056640625,707.8452758789062,253.81423950195312,702.0697631835938,254.22976684570312,707.7559814453125,267.58514404296875,700.3551635742188,270.7398681640625,715.9113159179688,277.82818603515625,712.4030151367188,285.33038330078125,694.5816650390625,283.45550537109375,687.724609375,283.2403564453125,711.0109252929688,309.6806640625,680.3842163085938,309.64984130859375,708.9600219726562,335.20135498046875,657.4859619140625,337.92083740234375
723.292236328125,248.89846801757812,722.4575805664062,245.71783447265625,721.0543823242188,246.03701782226562,714.1871337890625,245.29864501953125,713.5813598632812,246.04116821289062,705.89599609375,257.14208984375,707.8043823242188,257.38677978515625,710.2325439453125,269.3009948730469,711.4232788085938,271.7954406738281,729.3350219726562,273.37835693359375,730.6580810546875,277.6802978515625,689.8595581054688,289.1256103515625,692.4976806640625,288.8163757324219,682.68408203125,313.4227600097656,699.4893798828125,312.151611328125,661.059326171875,339.1280822753906,686.687744140625,338.0794982910156
730.423095703125,248.958740234375,730.579345703125,245.70980834960938,727.308349609375,246.15460205078125,724.7720336914062,246.99127197265625,719.678466796875,248.14712524414062,718.9800415039062,260.2674865722656,713.4298095703125,261.879638671875,722.1934814453125,270.1307067871094,723.487548828125,271.87432861328125,741.4560546875,272.2007141113281,747.2129516601562,275.22320556640625,703.7568359375,291.5273132324219,693.5695190429688,293.4839782714844,727.6961059570312,312.6668701171875,678.087890625,314.27923583984375,731.4227905273438,336.49810791015625,644.7196044921875,340.0275573730469
736.6951904296875,249.40399169921875,737.3876953125,246.68270874023438,733.4031372070312,246.87429809570312,732.8995361328125,248.52386474609375,725.9422607421875,248.761962890625,725.29833984375,262.34466552734375,720.8458251953125,261.7734680175781,735.6334838867188,274.14215087890625,733.7760620117188,273.04534912109375,760.1232299804688,282.1376037597656,758.8923950195312,281.2221984863281,706.5404663085938,291.9471740722656,697.71337890625,291.96466064453125,732.0203857421875,316.0964050292969,681.4662475585938,315.2257995605469,733.8624267578125,337.12432861328125,645.75634765625,337.4432373046875
736.7886352539062,249.36578369140625,737.4719848632812,246.6446533203125,733.4871826171875,246.83688354492188,732.95654296875,248.4951171875,725.9840087890625,248.73385620117188,725.3956298828125,262.354736328125,720.8897094726562,261.7978515625,735.916748046875,274.20166015625,733.8955078125,273.1611022949219,760.54931640625,282.1657409667969,759.1669921875,281.3193054199219,706.7239379882812,291.9822998046875,697.8378295898438,292.0093994140625,732.220458984375,316.1194763183594,681.4492797851562,315.24859619140625,734.1923828125,337.2889404296875,645.6986694335938,337.5896301269531
742.7510375976562,248.6881103515625,743.2910766601562,246.07626342773438,740.0123901367188,246.11669921875,737.9558715820312,247.91473388671875,732.5516357421875,247.97314453125,729.4564208984375,260.84979248046875,725.13330078125,260.62646484375,736.3859252929688,271.0216064453125,736.3583984375,271.7078552246094,760.078369140625,278.4235534667969,761.3408813476562,282.24884033203125,708.0580444335938,293.8958435058594,699.6559448242188,294.18756103515625,734.36474609375,318.5071716308594,689.7611694335938,317.8619689941406,729.9818115234375,332.8363342285156,652.2232055664062,333.01129150390625
747.9569091796875,247.44891357421875,747.1915283203125,244.836181640625,746.0816040039062,244.702880859375,739.7347412109375,245.70452880859375,739.6614990234375,245.08828735351562,731.3214111328125,256.5415344238281,733.6887817382812,256.0562744140625,750.2611694335938,270.27569580078125,749.0623168945312,270.9715270996094,775.2849731445312,281.61138916015625,772.216064453125,282.8512268066406,704.1361694335938,287.89996337890625,708.9180908203125,288.36602783203125,708.0256958007812,310.370849609375,738.5857543945312,310.72174072265625,675.8544921875,329.9210205078125,727.005859375,332.7193603515625
750.5636596679688,247.93252563476562,749.3927001953125,245.34664916992188,749.362060546875,245.42922973632812,741.6289672851562,245.67495727539062,744.4801635742188,245.74566650390625,732.775634765625,255.39791870117188,737.8057250976562,255.702880859375,749.362548828125,268.92425537109375,753.5293579101562,271.0615234375,774.43701171875,279.5599060058594,777.1627807617188,282.8116149902344,704.3648681640625,286.1902770996094,709.4515380859375,286.97943115234375,719.706787109375,308.7809753417969,740.8457641601562,309.37091064453125,692.7344970703125,330.34844970703125,726.0621948242188,333.5450439453125
752.31591796875,248.61605834960938,750.653076171875,245.99517822265625,751.4927368164062,246.37640380859375,742.3348388671875,246.11587524414062,747.4093627929688,247.03302001953125,734.1064453125,254.71536254882812,740.5697021484375,256.5225524902344,747.999267578125,267.0604553222656,756.1847534179688,272.17877197265625,770.9130859375,276.9173889160156,779.605712890625,283.6898193359375,708.90234375,283.2391662597656,713.4800415039062,284.7207946777344,731.5758056640625,304.4759521484375,741.9403076171875,305.7347106933594,713.071044921875,329.2610168457031,727.4168701171875,333.1988830566406
758.523681640625,246.60369873046875,757.4484252929688,243.853271484375,757.2701416015625,244.4708251953125,749.972412109375,243.89447021484375,752.7723999023438,245.68142700195312,741.1474609375,253.16986083984375,745.0060424804688,256.60345458984375,754.150634765625,267.7017517089844,757.1713256835938,273.9742736816406,775.9500122070312,278.89111328125,777.3193969726562,281.6016845703125,715.0413818359375,282.1725158691406,717.8389282226562,284.41766357421875,739.4403076171875,305.1822509765625,745.2219848632812,308.152099609375,723.37548828125,330.0462646484375,731.0048217773438,336.95361328125
758.6375732421875,246.60769653320312,757.564208984375,243.85382080078125,757.3690795898438,244.47918701171875,750.0765380859375,243.90560913085938,752.8497924804688,245.71621704101562,741.2144165039062,253.19912719726562,745.1085815429688,256.6933898925781,754.2267456054688,267.78314208984375,757.2877197265625,274.1524963378906,776.0444946289062,278.9137268066406,777.4357299804688,281.65997314453125,715.1018676757812,282.2204284667969,717.9269409179688,284.49603271484375,739.5123901367188,305.2489929199219,745.3384399414062,308.2685852050781,723.3484497070312,330.0647277832031,731.0014038085938,337.03997802734375
761.1630249023438,247.37750244140625,760.9705200195312,244.587646484375,759.2053833007812,244.832275390625,755.2119750976562,244.68667602539062,753.6244506835938,245.4517822265625,746.619384765625,254.948486328125,744.8344116210938,256.1163330078125,757.03662109375,269.44390869140625,753.5748901367188,271.9874267578125,774.2030029296875,280.59625244140625,769.3370361328125,280.7080383300781,722.1310424804688,284.1396789550781,721.4310913085938,285.36773681640625,750.5022583007812,302.62646484375,750.9563598632812,303.8828125,733.7246704101562,328.8475341796875,737.395751953125,332.61279296875
764.7493286132812,246.94769287109375,764.760009765625,244.04473876953125,762.9725341796875,244.3367919921875,759.4093627929688,244.09701538085938,757.9996948242188,244.884765625,750.90478515625,255.59686279296875,750.1848754882812,256.9376525878906,760.8115844726562,273.19976806640625,756.5732421875,276.692138671875,779.30126953125,279.83465576171875,774.7516479492188,283.1006164550781,728.5029296875,286.049560546875,730.8819580078125,287.36163330078125,742.5347900390625,309.5544738769531,762.5230102539062,310.8165588378906,729.2793579101562,336.06622314453125,766.018310546875,339.9008483886719
764.9557495117188,247.03518676757812,764.886962890625,244.1434326171875,763.2023315429688,244.43475341796875,759.4537353515625,244.24542236328125,758.4732055664062,244.87786865234375,752.1331787109375,256.277099609375,751.3567504882812,256.8149719238281,759.5750732421875,274.2744445800781,755.867919921875,276.6702575683594,777.1884155273438,281.1504821777344,773.7067260742188,285.06732177734375,735.0896606445312,287.74969482421875,738.4962158203125,288.5534973144531,742.6295776367188,311.82080078125,769.7894897460938,311.8852844238281,733.226806640625,336.79315185546875,782.8273315429688,338.52825927734375
765.864990234375,247.011962890625,765.8649291992188,244.07546997070312,764.0986328125,244.3934326171875,760.8323974609375,243.98342895507812,759.8364868164062,244.65020751953125,753.3941650390625,256.41943359375,753.6197509765625,256.6887512207031,757.1842041015625,274.86810302734375,755.4171142578125,276.5839538574219,771.3137817382812,286.1266174316406,768.9390258789062,290.12994384765625,738.6974487304688,288.7709655761719,742.994873046875,289.331787109375,746.0448608398438,312.5561828613281,774.243896484375,312.2459716796875,736.9080810546875,335.6419677734375,787.8360595703125,336.5674743652344
768.0239868164062,246.42532348632812,768.2843627929688,243.58172607421875,766.476318359375,243.62420654296875,762.7568359375,243.67147827148438,761.7929077148438,243.9249267578125,754.69580078125,254.84515380859375,754.6025390625,255.41717529296875,756.2164306640625,273.3329162597656,753.727783203125,275.1919250488281,766.02734375,284.4122314453125,764.3261108398438,289.1272888183594,740.7849731445312,287.06689453125,743.912353515625,288.38592529296875,747.1219482421875,309.3525695800781,773.68017578125,310.4619445800781,740.197509765625,333.2464599609375,787.1546630859375,336.57659912109375
768.0485229492188,246.4764404296875,768.314697265625,243.6400146484375,766.4970703125,243.67083740234375,762.7962646484375,243.73867797851562,761.7982177734375,243.960205078125,754.7418212890625,254.89340209960938,754.6302490234375,255.434814453125,756.3486938476562,273.30242919921875,753.823486328125,275.1385803222656,766.0866088867188,284.3544006347656,764.2828369140625,289.12750244140625,740.7909545898438,287.0570068359375,743.9180297851562,288.3614196777344,747.087158203125,309.35662841796875,773.7477416992188,310.4500732421875,740.1019287109375,333.2642517089844,787.2034301757812,336.574462890625
765.15478515625,246.91281127929688,766.3763427734375,244.0972900390625,763.6712036132812,243.83935546875,763.1751098632812,243.78948974609375,759.6685791015625,243.41049194335938,754.8912963867188,254.5489501953125,752.9602661132812,254.49609375,756.0542602539062,272.7502136230469,752.5379638671875,274.0192565917969,764.0299072265625,282.5347900390625,763.4368286132812,286.9727478027344,741.7360229492188,286.443603515625,743.3694458007812,287.5328063964844,749.8001708984375,308.89447021484375,774.2222900390625,309.934814453125,743.761962890625,333.4197998046875,787.3240966796875,336.7812805175781
0.0,0.0,0.0,0.0,0.0,0.0,0.0,0.0,0.0,0.0,0.0,0.0,0.0,0.0,0.0,0.0,0.0,0.0,0.0,0.0,0.0,0.0,0.0,0.0,0.0,0.0,0.0,0.0,0.0,0.0,0.0,0.0,0.0,0.0
0.0,0.0,0.0,0.0,0.0,0.0,0.0,0.0,0.0,0.0,0.0,0.0,0.0,0.0,0.0,0.0,0.0,0.0,0.0,0.0,0.0,0.0,0.0,0.0,0.0,0.0,0.0,0.0,0.0,0.0,0.0,0.0,0.0,0.0
758.1895751953125,244.494384765625,758.7169799804688,241.63882446289062,756.6561279296875,241.70001220703125,750.0529174804688,241.489990234375,751.4808959960938,241.1358642578125,742.5830078125,251.17037963867188,745.9470825195312,252.48529052734375,751.0293579101562,264.98126220703125,753.6974487304688,268.91400146484375,768.474853515625,264.205322265625,769.4741821289062,267.8198547363281,738.7794799804688,283.67022705078125,740.8665161132812,285.3734436035156,757.517333984375,305.7967224121094,764.3358764648438,306.9382629394531,761.1312866210938,334.6322326660156,768.8326416015625,336.8663330078125
756.677490234375,246.92959594726562,757.6331787109375,243.93060302734375,755.0498046875,243.86276245117188,751.1838989257812,243.45199584960938,749.8138427734375,242.98931884765625,745.2330932617188,252.33322143554688,743.6325073242188,253.42703247070312,754.0279541015625,264.49871826171875,750.4562377929688,268.3458251953125,769.6409912109375,263.11981201171875,765.7013549804688,266.1387023925781,740.3258666992188,281.5235290527344,738.9765625,283.230712890625,759.9658203125,302.893310546875,760.1456909179688,304.26397705078125,759.82177734375,335.3583984375,759.1920166015625,337.824462890625
756.7118530273438,246.84616088867188,757.66259765625,243.8431396484375,755.0882568359375,243.775634765625,751.1630859375,243.37646484375,749.8436889648438,242.91036987304688,745.1832885742188,252.29278564453125,743.6261596679688,253.379638671875,753.8296508789062,264.5065612792969,750.2841796875,268.33349609375,769.3428344726562,263.15301513671875,765.4335327148438,266.17352294921875,740.2894897460938,281.4991760253906,738.9708251953125,283.1978454589844,759.8714599609375,302.89691162109375,760.0621337890625,304.26300048828125,759.7409057617188,335.3274230957031,759.113037109375,337.7884826660156
753.21630859375,244.58993530273438,753.9579467773438,241.69342041015625,751.4476318359375,241.66238403320312,750.029541015625,241.75634765625,746.596435546875,241.33544921875,746.1524047851562,251.409423828125,740.9937744140625,252.29205322265625,753.6830444335938,262.9753723144531,745.4599609375,266.93243408203125,766.1075439453125,259.4419250488281,760.6605834960938,262.32769775390625,743.7300415039062,281.8753967285156,740.3617553710938,283.32745361328125,757.8229370117188,306.30035400390625,755.7798461914062,307.538818359375,756.5425415039062,337.80401611328125,753.8552856445312,339.96392822265625
752.4872436523438,242.99911499023438,752.7811279296875,240.24420166015625,750.3016967773438,240.384033203125,747.4442749023438,240.07534790039062,744.6341552734375,240.24395751953125,744.0864868164062,249.46267700195312,739.0468139648438,250.81976318359375,752.0189208984375,261.9356994628906,744.7455444335938,265.7276306152344,763.6127319335938,257.64129638671875,759.7001953125,260.39947509765625,740.672119140625,282.63348388671875,736.9766845703125,284.2339172363281,756.5154418945312,305.15948486328125,749.8865356445312,306.26336669921875,751.1524047851562,337.23541259765625,742.2172241210938,339.5712890625
749.8395385742188,244.4697265625,750.4345703125,241.8271484375,747.4075317382812,241.91452026367188,748.320556640625,242.14669799804688,742.2015991210938,242.07400512695312,745.4493408203125,251.8487548828125,735.933837890625,252.95831298828125,752.8826293945312,262.0310974121094,740.2803955078125,267.0621337890625,763.8878173828125,257.14263916015625,756.2619018554688,261.1652526855469,741.968994140625,283.72283935546875,734.739501953125,285.21990966796875,757.6888427734375,306.7857360839844,739.2760009765625,308.01495361328125,752.6951904296875,336.19964599609375,727.0478515625,338.8653259277344
746.2142333984375,235.70297241210938,747.5166625976562,233.1829833984375,743.8397216796875,233.29437255859375,746.41162109375,233.88092041015625,739.01708984375,234.35281372070312,744.7525024414062,244.21795654296875,731.5028076171875,246.43728637695312,750.7843627929688,257.0,738.1793823242188,259.7527770996094,758.5277709960938,258.9198913574219,751.7633666992188,255.64614868164062,736.6482543945312,276.95074462890625,725.4712524414062,279.031005859375,755.9275512695312,305.54693603515625,727.1583251953125,309.0373840332031,754.8955078125,332.5946044921875,713.2105102539062,339.4456481933594
745.4331665039062,235.08523559570312,746.54638671875,232.58905029296875,743.4327392578125,232.7047119140625,744.1006469726562,232.65313720703125,738.3671875,233.1695556640625,740.0955810546875,241.13885498046875,731.0114135742188,244.11962890625,743.9535522460938,252.67587280273438,736.83447265625,258.31695556640625,749.7120361328125,253.20529174804688,748.4198608398438,253.93096923828125,732.1275634765625,274.011962890625,723.2581176757812,275.6437683105469,748.7757568359375,305.4214172363281,720.9991455078125,308.7791748046875,753.8685302734375,332.8671569824219,708.338623046875,340.5745544433594
745.4170532226562,235.07757568359375,746.5231323242188,232.577392578125,743.4068603515625,232.70321655273438,744.0712280273438,232.64712524414062,738.3230590820312,233.188232421875,740.0867309570312,241.13116455078125,730.9724731445312,244.165283203125,743.968505859375,252.618896484375,736.7955322265625,258.3587951660156,749.6756591796875,253.1649169921875,748.39892578125,253.95095825195312,732.1189575195312,274.01068115234375,723.226318359375,275.6683044433594,748.7734375,305.41229248046875,720.97119140625,308.8089294433594,753.8690185546875,332.8686218261719,708.3092041015625,340.62872314453125
743.632080078125,236.01168823242188,744.715087890625,233.419677734375,741.4691772460938,233.45578002929688,741.93798828125,233.5655517578125,735.8502197265625,233.93515014648438,738.4443969726562,241.4547119140625,727.2954711914062,245.70849609375,744.4618530273438,250.94668579101562,732.0228881835938,260.0632019042969,749.337158203125,252.0679931640625,742.2372436523438,259.65789794921875,730.9822387695312,274.25677490234375,721.3639526367188,277.06488037109375,743.859375,304.7373046875,718.1187133789062,309.6260986328125,745.3570556640625,331.0885009765625,705.7949829101562,340.6390075683594
739.5867919921875,232.63247680664062,739.9032592773438,230.31399536132812,737.8509521484375,230.1395721435547,736.2240600585938,231.16944885253906,732.63916015625,230.65740966796875,735.64990234375,239.89779663085938,723.57080078125,240.62115478515625,743.8917846679688,249.33676147460938,732.5250854492188,251.1075439453125,750.1925659179688,246.17904663085938,748.704345703125,245.27786254882812,727.5787963867188,273.5451354980469,717.8128051757812,274.40570068359375,736.7931518554688,305.0633544921875,716.8009643554688,306.7480163574219,733.2112426757812,332.50897216796875,706.0204467773438,336.94439697265625
735.8765258789062,231.7484130859375,736.40234375,229.44009399414062,734.2470703125,229.21107482910156,733.30029296875,230.36062622070312,729.2869262695312,229.70021057128906,732.8850708007812,239.73388671875,719.4042358398438,240.22882080078125,740.5054321289062,249.09259033203125,724.2963256835938,251.77066040039062,747.6737670898438,245.46377563476562,740.2366943359375,247.61459350585938,723.0625,273.3356018066406,713.2120361328125,273.9231262207031,728.6224365234375,304.4591064453125,713.2366943359375,305.57879638671875,722.7799682617188,331.88934326171875,704.3134155273438,334.85028076171875
734.6526489257812,232.1663818359375,735.0404052734375,229.85545349121094,733.0097045898438,229.51702880859375,731.7279052734375,230.80633544921875,727.8885498046875,229.65426635742188,730.4814453125,240.23123168945312,718.101806640625,239.18295288085938,737.6053466796875,249.68270874023438,720.4783325195312,250.27743530273438,745.8927612304688,245.3680419921875,734.8637084960938,248.97537231445312,718.7451171875,272.23638916015625,710.1032104492188,271.955322265625,723.772216796875,304.50433349609375,712.7735595703125,304.0075988769531,713.7142333984375,332.9005126953125,701.4851684570312,333.3133544921875
731.8264770507812,234.48782348632812,732.6381225585938,232.03567504882812,729.9149780273438,231.71896362304688,730.3692626953125,232.45730590820312,724.4766235351562,231.30137634277344,728.0170288085938,241.80032348632812,715.0838012695312,239.89474487304688,734.6080322265625,251.65774536132812,716.1173706054688,249.6820068359375,744.601318359375,247.28713989257812,732.1788330078125,246.15496826171875,712.9121704101562,273.2163391113281,704.2196044921875,272.52044677734375,717.96044921875,305.664306640625,709.6065673828125,304.6999816894531,705.1087036132812,334.64361572265625,697.2247314453125,334.6009521484375
731.8095703125,234.4736328125,732.6290893554688,232.02789306640625,729.900390625,231.71295166015625,730.3846435546875,232.45150756835938,724.4804077148438,231.31141662597656,728.0562133789062,241.76470947265625,715.1027221679688,239.94903564453125,734.649658203125,251.59445190429688,716.1672973632812,249.85430908203125,744.506591796875,247.24533081054688,732.0490112304688,246.43377685546875,713.0203247070312,273.17584228515625,704.3048095703125,272.5240173339844,718.2203979492188,305.4884338378906,709.7540893554688,304.5920104980469,705.4608764648438,334.33660888671875,697.3817138671875,334.37493896484375
730.6436157226562,237.215087890625,731.4434814453125,234.60284423828125,728.6409912109375,234.29486083984375,728.3604125976562,234.99176025390625,723.041015625,233.919921875,724.1207885742188,245.39495849609375,714.1397094726562,243.49929809570312,730.6790771484375,258.13153076171875,717.3704223632812,255.04196166992188,744.77099609375,258.535400390625,734.11865234375,253.64849853515625,707.8634033203125,278.44830322265625,701.3350830078125,277.7341003417969,712.0484619140625,310.43975830078125,705.8163452148438,309.71429443359375,695.7716064453125,339.28387451171875,690.783935546875,340.1747741699219
724.9302368164062,239.81912231445312,725.2229614257812,237.16632080078125,723.3595581054688,236.973876953125,720.9176635742188,237.96792602539062,719.2841186523438,237.41586303710938,717.5707397460938,247.51614379882812,710.4972534179688,247.4102783203125,723.5158081054688,253.18353271484375,717.4356079101562,254.8980712890625,735.5487060546875,241.366455078125,731.147705078125,244.77273559570312,702.9832763671875,281.0986328125,697.9061279296875,281.1521301269531,706.5048828125,312.82281494140625,701.0385131835938,312.9316101074219,690.4268188476562,341.2445983886719,686.6739501953125,343.0027770996094
724.0927734375,246.66024780273438,724.7122802734375,244.18124389648438,722.4807739257812,243.69781494140625,721.1603393554688,244.43194580078125,716.5511474609375,242.80096435546875,715.9004516601562,254.0672607421875,705.2645263671875,253.75299072265625,719.0366821289062,266.75018310546875,693.697021484375,273.3667907714844,727.6896362304688,263.5800476074219,698.7693481445312,288.23321533203125,701.4435424804688,286.7364501953125,695.49609375,286.56500244140625,701.3510131835938,316.9886779785156,698.1248779296875,315.9931335449219,681.55419921875,345.1882629394531,679.8954467773438,344.32843017578125
719.662841796875,253.445068359375,720.3080444335938,250.86248779296875,718.0567016601562,250.57427978515625,717.3910522460938,250.670166015625,712.7031860351562,249.55853271484375,711.841796875,258.90667724609375,702.9883422851562,260.8070983886719,715.5391845703125,266.4996643066406,690.84326171875,279.5830993652344,721.2029418945312,262.2465515136719,692.2521362304688,299.9114990234375,696.6824951171875,293.1448974609375,692.0224609375,293.8765563964844,695.6273803710938,324.19818115234375,694.0574951171875,324.284912109375,675.6849975585938,349.6125793457031,674.213134765625,350.0655517578125
718.1788940429688,253.59405517578125,719.2022705078125,250.69705200195312,716.3552856445312,250.52618408203125,716.1531982421875,250.42681884765625,711.3302001953125,249.95486450195312,708.5043334960938,260.90057373046875,702.3544921875,261.2821044921875,708.157470703125,278.94232177734375,702.0250854492188,280.9464111328125,717.0677490234375,281.3897399902344,714.9047241210938,285.70733642578125,691.2446899414062,295.6954345703125,687.0607299804688,296.1517333984375,701.0699462890625,323.64569091796875,694.5507202148438,324.766845703125,679.7813110351562,347.1231689453125,671.6911010742188,350.83001708984375
718.1314086914062,253.65264892578125,719.1790161132812,250.76348876953125,716.29541015625,250.58389282226562,716.1588745117188,250.538818359375,711.3055419921875,250.042236328125,708.3925170898438,261.03411865234375,702.4816284179688,261.339599609375,708.0208129882812,278.88189697265625,702.1376342773438,280.7126770019531,716.9743041992188,281.0482177734375,714.896484375,285.15997314453125,691.1657104492188,295.8213806152344,687.1604614257812,296.23419189453125,700.8511962890625,323.74462890625,694.7293701171875,324.8138427734375,679.489501953125,347.08648681640625,671.7664184570312,350.7277526855469
717.0160522460938,254.27755737304688,717.5682373046875,251.42349243164062,715.7279663085938,251.2427978515625,713.1534423828125,251.35638427734375,711.7431640625,250.77688598632812,706.1658325195312,261.91436767578125,703.6947631835938,261.130615234375,702.2164306640625,275.6397399902344,696.9848022460938,275.0023498535156,707.2179565429688,277.75054931640625,701.1673583984375,278.5099182128906,692.9683837890625,294.1916809082031,691.298095703125,293.9989929199219,696.0459594726562,319.7190856933594,692.8370971679688,319.91131591796875,679.33349609375,350.6803894042969,674.16943359375,352.1807861328125
718.6267700195312,250.008056640625,719.3893432617188,247.46664428710938,717.2213745117188,246.9156494140625,717.765869140625,247.65704345703125,712.5254516601562,245.97256469726562,713.6227416992188,257.5470275878906,703.472900390625,255.177001953125,712.6652221679688,272.49749755859375,697.470947265625,270.3774108886719,711.7489013671875,271.44091796875,703.60009765625,270.7434387207031,697.3670654296875,288.9786071777344,690.0360717773438,287.8466491699219,701.49560546875,317.2407531738281,686.8259887695312,316.9030456542969,688.78564453125,349.1819763183594,670.163330078125,349.87109375
720.4959716796875,251.212158203125,720.9868774414062,248.43783569335938,718.6321411132812,248.0341796875,716.7505493164062,248.1605224609375,712.3184814453125,246.9876708984375,710.3633422851562,256.9117431640625,700.957275390625,255.75543212890625,709.3573608398438,268.2073974609375,695.5294189453125,267.948486328125,713.4026489257812,257.2400207519531,708.0393676757812,258.3167419433594,697.2432861328125,290.1210632324219,689.7215576171875,290.2059020996094,710.359130859375,313.45318603515625,691.1033935546875,313.7383117675781,694.7642822265625,345.9103088378906,669.2278442382812,347.79229736328125
715.0631713867188,240.51898193359375,715.8488159179688,238.05615234375,713.4519653320312,237.74130249023438,713.75390625,238.16445922851562,707.9188842773438,237.09945678710938,712.884521484375,248.69467163085938,696.2527465820312,247.80438232421875,716.59033203125,262.120849609375,696.4588012695312,260.9809875488281,719.7421875,258.05865478515625,714.2227783203125,256.7706298828125,702.30029296875,285.88677978515625,689.6798706054688,285.94342041015625,710.458984375,315.9933166503906,686.6809692382812,316.6911926269531,701.4041748046875,341.9897766113281,670.4011840820312,345.2277526855469
717.09765625,235.818115234375,718.0897827148438,233.59060668945312,715.5144653320312,233.17791748046875,716.9163818359375,234.91131591796875,710.59619140625,233.4354248046875,716.8717041015625,246.81488037109375,700.2012329101562,244.22113037109375,720.21435546875,259.4948425292969,698.5516357421875,255.13571166992188,725.1495361328125,258.3741760253906,714.3824462890625,252.60980224609375,705.8394775390625,282.6848449707031,693.6074829101562,281.44207763671875,709.3296508789062,314.4594421386719,689.4655151367188,313.3629150390625,697.9661254882812,342.06182861328125,672.3389892578125,342.13165283203125
716.9757080078125,235.82281494140625,718.0230102539062,233.59341430664062,715.391357421875,233.18234252929688,716.9887084960938,234.9085693359375,710.5545043945312,233.46246337890625,716.9822387695312,246.83773803710938,700.2366943359375,244.29107666015625,720.3109130859375,259.6333923339844,698.4547729492188,255.26568603515625,725.1359252929688,258.8739013671875,713.8632202148438,252.827392578125,705.8727416992188,282.67742919921875,693.6084594726562,281.4470520019531,709.2328491210938,314.4541015625,689.370849609375,313.4093322753906,698.0999755859375,342.1525573730469,672.49462890625,342.2776794433594
719.5481567382812,231.01104736328125,720.3968505859375,228.97740173339844,717.7108154296875,228.4181671142578,718.4605712890625,231.68894958496094,712.7964477539062,229.73291015625,718.2831420898438,245.681640625,702.0596313476562,241.57870483398438,723.7329711914062,258.1668395996094,695.4082641601562,252.26043701171875,732.484130859375,250.25900268554688,705.3876342773438,248.01239013671875,705.0375366210938,282.0258483886719,693.7300415039062,279.9120788574219,706.0984497070312,314.28436279296875,689.5906982421875,311.1880798339844,691.8108520507812,343.153076171875,670.541015625,338.8683166503906
722.9036254882812,228.3445281982422,723.568359375,226.3214111328125,720.7788696289062,225.87176513671875,721.0317993164062,229.307861328125,714.2307739257812,227.4298553466797,720.5625610351562,243.73846435546875,703.3837890625,239.45132446289062,726.2405395507812,255.08856201171875,695.5029907226562,247.95327758789062,734.451416015625,248.16082763671875,707.4127197265625,243.94613647460938,707.216796875,280.863037109375,695.36279296875,278.6052551269531,706.3109130859375,311.9796142578125,689.7269897460938,308.748046875,694.6152954101562,339.7221374511719,672.18994140625,336.0668640136719
723.9243774414062,229.12319946289062,724.29443359375,226.8253936767578,721.4699096679688,226.5903778076172,720.27099609375,229.14698791503906,714.7222290039062,228.03964233398438,719.3089599609375,242.34719848632812,705.3607177734375,239.51876831054688,727.3175048828125,252.15838623046875,706.4872436523438,247.60903930664062,738.9265747070312,244.85711669921875,723.6420288085938,240.44882202148438,706.4227905273438,278.3517150878906,696.2803344726562,276.8603515625,705.2822875976562,309.6641845703125,689.8677368164062,307.25640869140625,694.964599609375,338.0577697753906,675.4989624023438,335.2642822265625
723.8490600585938,229.32260131835938,724.472412109375,227.17044067382812,721.4989624023438,226.91404724121094,721.8236083984375,229.54226684570312,715.6466674804688,228.4504852294922,723.1439208984375,241.93447875976562,706.3251953125,239.24786376953125,734.0143432617188,247.04376220703125,702.3717651367188,244.74713134765625,744.7672119140625,234.7598876953125,712.549560546875,236.40029907226562,709.666015625,277.845703125,698.382568359375,276.124755859375,705.9901123046875,308.7915344238281,693.1743774414062,305.7120361328125,697.2647705078125,337.0525817871094,682.9111328125,332.1324157714844
724.4999389648438,227.4214630126953,723.8506469726562,225.069580078125,722.306396484375,224.89588928222656,717.7913818359375,227.72613525390625,716.7113647460938,226.64300537109375,716.2464599609375,239.43338012695312,713.2908935546875,237.0848388671875,728.1533203125,241.3477783203125,726.4447021484375,236.6778564453125,741.1739501953125,232.1748046875,738.8991088867188,226.4377899169922,707.470458984375,276.0303039550781,704.9073486328125,274.722412109375,703.135009765625,307.89691162109375,699.1331787109375,305.922119140625,697.4561767578125,336.15380859375,689.7152709960938,335.46588134765625
724.4028930664062,227.43307495117188,723.7753295898438,225.08583068847656,722.1986694335938,224.9114532470703,717.8126220703125,227.74827575683594,716.5933837890625,226.65765380859375,716.4130249023438,239.47244262695312,713.1212158203125,237.08709716796875,728.4060668945312,241.42050170898438,726.1278076171875,236.6756591796875,741.2769165039062,232.25360107421875,738.5863037109375,226.43258666992188,707.6425170898438,276.0809020996094,704.8626098632812,274.7532958984375,703.231201171875,307.93927001953125,699.073974609375,305.9354248046875,697.5633544921875,336.19818115234375,689.7247314453125,335.444580078125
726.56201171875,224.56057739257812,727.6111450195312,222.4485321044922,724.1111450195312,222.1514129638672,725.7498779296875,225.4497528076172,718.8495483398438,224.2833709716797,725.219482421875,238.19448852539062,712.7890014648438,235.99530029296875,735.3153686523438,238.75454711914062,716.2106323242188,235.16403198242188,743.61767578125,228.28619384765625,726.3368530273438,225.13812255859375,712.8833618164062,275.1748352050781,704.7573852539062,273.8369445800781,704.7249755859375,306.8172607421875,699.0253295898438,305.17822265625,697.948974609375,336.2375793457031,692.2192993164062,335.6140441894531
726.6312255859375,221.81283569335938,727.9552612304688,219.519287109375,723.7550659179688,219.32843017578125,727.0022583007812,222.82406616210938,718.3211669921875,221.96713256835938,726.7020263671875,236.18255615234375,714.037841796875,234.51611328125,737.5887451171875,236.64324951171875,720.84912109375,234.01239013671875,742.341064453125,227.68714904785156,731.5059204101562,225.3580322265625,713.9933471679688,273.279296875,705.74169921875,272.1557312011719,705.9923095703125,305.0487365722656,702.4928588867188,303.7304382324219,698.2966918945312,333.98541259765625,697.0782470703125,333.68011474609375
726.1920776367188,217.28074645996094,727.9352416992188,215.08169555664062,723.5318603515625,214.74649047851562,728.126953125,218.5440216064453,718.5491943359375,217.52456665039062,728.284423828125,232.00033569335938,712.910888671875,230.8049774169922,743.0450439453125,231.14468383789062,701.22119140625,231.19679260253906,747.2732543945312,221.8310089111328,693.8388061523438,227.70803833007812,715.7362060546875,270.4107360839844,706.947265625,269.349365234375,706.2049560546875,302.9027099609375,704.2363891601562,301.70440673828125,703.130859375,332.85040283203125,700.1302490234375,331.7777099609375
727.78515625,218.4757080078125,729.1836547851562,216.18630981445312,725.58544921875,215.982666015625,728.5010986328125,219.82798767089844,723.1326904296875,219.30874633789062,727.7150268554688,232.98257446289062,720.4328002929688,232.8541259765625,740.6174926757812,226.10379028320312,726.1749877929688,228.44358825683594,750.5101928710938,212.46627807617188,728.302978515625,218.25868225097656,715.4850463867188,270.5690002441406,711.1423950195312,270.10198974609375,709.3609008789062,301.7571105957031,710.1705932617188,301.3136291503906,702.7645874023438,330.9373474121094,704.337890625,331.292724609375
725.3190307617188,218.36093139648438,727.5157470703125,216.11883544921875,723.0595092773438,215.675048828125,728.6052856445312,219.19830322265625,720.0018310546875,218.28285217285156,729.40380859375,230.8881378173828,717.1519775390625,231.4757080078125,744.6207275390625,227.30299377441406,724.747802734375,232.2391357421875,751.159912109375,213.7046356201172,731.3577270507812,222.41590881347656,720.5671997070312,267.2959289550781,713.1403198242188,267.330078125,712.2554321289062,299.1572265625,712.8888549804688,299.365966796875,710.7198486328125,329.5750732421875,715.1749267578125,330.3194580078125
725.3392944335938,218.22506713867188,727.5443725585938,215.98704528808594,723.0632934570312,215.54107666015625,728.643310546875,219.07652282714844,719.9525756835938,218.15036010742188,729.4160766601562,230.8387451171875,717.0762939453125,231.38430786132812,744.5267333984375,227.41635131835938,724.515869140625,232.24456787109375,750.98583984375,213.83303833007812,731.1287231445312,222.4378204345703,720.5817260742188,267.31298828125,713.1121215820312,267.3302307128906,712.2415771484375,299.2134094238281,712.8963623046875,299.39642333984375,710.6299438476562,329.66790771484375,715.1433715820312,330.3714904785156
722.4733276367188,216.97549438476562,724.6953735351562,214.7081298828125,721.0361938476562,214.29856872558594,726.0737915039062,218.29708862304688,721.4451293945312,217.76177978515625,726.0394897460938,230.1343994140625,722.3204345703125,231.2001495361328,741.432861328125,221.97898864746094,737.6070556640625,226.36033630371094,753.12158203125,208.92832946777344,745.24755859375,212.03781127929688,719.7592163085938,268.0333251953125,717.2119750976562,268.2729187011719,710.6452026367188,297.9958801269531,714.624755859375,298.8967590332031,716.8355712890625,323.7976989746094,720.9216918945312,326.1064453125
722.61376953125,214.92532348632812,724.6138916015625,212.4046630859375,722.0299072265625,211.7936248779297,725.560302734375,213.86338806152344,722.9662475585938,212.7148895263672,726.4696044921875,222.9449462890625,720.3670043945312,222.44322204589844,742.8900146484375,217.91712951660156,733.8294677734375,219.45864868164062,759.1604614257812,213.49171447753906,751.1810302734375,211.8350830078125,719.96875,259.5320739746094,716.397705078125,259.3062438964844,709.6513671875,291.8858947753906,716.0599975585938,291.73919677734375,717.5474853515625,316.1248779296875,730.1876220703125,316.5874328613281
729.2627563476562,211.4324188232422,731.7158813476562,209.34072875976562,728.8771362304688,208.66110229492188,735.2222900390625,212.041748046875,728.908203125,210.70481872558594,738.024169921875,222.6048583984375,722.3382568359375,221.0699462890625,749.27099609375,219.82666015625,718.9274291992188,218.20718383789062,750.1279907226562,214.0947265625,726.8775024414062,209.7971954345703,725.24560546875,257.24566650390625,715.0084228515625,256.324462890625,720.673095703125,287.6967468261719,715.8784790039062,287.1917724609375,727.8145141601562,312.9828186035156,724.2520751953125,312.96124267578125
722.6463623046875,209.81248474121094,724.6769409179688,207.84510803222656,722.9674072265625,207.25930786132812,729.1303100585938,209.94284057617188,727.9666137695312,208.79147338867188,734.4695434570312,219.22329711914062,728.058837890625,219.40875244140625,749.3961791992188,223.4817657470703,743.577880859375,227.09579467773438,755.2578125,222.81924438476562,749.87353515625,225.9058380126953,727.3139038085938,250.72817993164062,720.9989013671875,250.37908935546875,732.6975708007812,280.43603515625,715.9595336914062,280.739990234375,745.3060913085938,305.9922180175781,717.7136840820312,307.34490966796875
735.3899536132812,200.7957305908203,737.0301513671875,198.63621520996094,736.2719116210938,197.90504455566406,738.1439819335938,201.8291473388672,742.3385620117188,200.42813110351562,736.6531372070312,213.99569702148438,740.7904663085938,213.941162109375,742.3349609375,229.59812927246094,748.2593994140625,231.5701446533203,744.7176513671875,241.3231201171875,749.7471313476562,243.79129028320312,726.034423828125,245.28726196289062,730.39501953125,245.35189819335938,717.9407958984375,275.53765869140625,735.253662109375,276.656005859375,721.6588745117188,301.6828918457031,749.9121704101562,304.6985778808594
735.7254638671875,200.90383911132812,737.2839965820312,198.73468017578125,736.5444946289062,198.01731872558594,738.0752563476562,201.88873291015625,742.4247436523438,200.497314453125,736.322265625,213.94630432128906,740.888916015625,213.83865356445312,742.067138671875,229.12623596191406,748.6928100585938,231.05043029785156,745.021240234375,240.22006225585938,750.5816040039062,242.91055297851562,725.701904296875,245.23410034179688,730.3856811523438,245.29855346679688,717.6627197265625,275.5664978027344,735.6947631835938,276.5996398925781,721.1690063476562,301.7553405761719,750.4678955078125,304.6139221191406
756.9280395507812,206.102294921875,757.6229248046875,204.07861328125,756.0365600585938,203.16287231445312,751.3649291992188,205.80592346191406,752.1530151367188,203.998779296875,746.0458374023438,214.3337860107422,742.353271484375,210.68601989746094,752.363525390625,217.92840576171875,752.1978149414062,207.5731658935547,760.281494140625,218.29713439941406,759.362548828125,195.99160766601562,726.8533935546875,243.82342529296875,725.43212890625,242.20401000976562,719.605712890625,273.6922607421875,730.8812866210938,272.5239562988281,725.68212890625,294.74591064453125,749.44287109375,295.7842712402344
748.318359375,201.54225158691406,750.830322265625,200.1641082763672,748.932861328125,198.77207946777344,752.698486328125,204.3397216796875,751.540283203125,201.386962890625,752.1616821289062,214.0708770751953,744.919677734375,210.17176818847656,760.9129638671875,213.34288024902344,758.1397094726562,206.75120544433594,764.39453125,205.79696655273438,764.0505981445312,197.00454711914062,732.7788696289062,245.38143920898438,726.5759887695312,243.4940185546875,732.8804321289062,272.5770263671875,728.3435668945312,271.1247863769531,747.9354248046875,291.8812561035156,742.668701171875,292.4148254394531
761.7416381835938,213.31573486328125,763.0811767578125,211.41738891601562,760.9169921875,210.29519653320312,759.6087646484375,212.89385986328125,757.770263671875,210.4405059814453,755.4957275390625,218.3084716796875,748.4793090820312,215.66111755371094,765.524658203125,205.98507690429688,762.1624755859375,203.56561279296875,774.653564453125,186.28765869140625,769.0109252929688,185.82913208007812,734.509521484375,244.90771484375,729.5853881835938,243.939208984375,738.2094116210938,267.2547607421875,739.6436157226562,266.4263916015625,740.9806518554688,285.9591064453125,749.654052734375,288.1018981933594
764.6822509765625,222.17880249023438,766.891845703125,220.73594665527344,763.5114135742188,218.6951446533203,764.2423095703125,224.23358154296875,759.248291015625,219.01849365234375,758.3418579101562,231.5048370361328,749.6595458984375,222.5747833251953,767.1693725585938,210.10952758789062,762.423095703125,199.10311889648438,781.6076049804688,179.04061889648438,774.5300903320312,179.5244903564453,739.1298217773438,251.99334716796875,727.7479248046875,247.70541381835938,761.4717407226562,271.8808288574219,719.5960083007812,264.8895568847656,779.73193359375,293.1224365234375,712.0540161132812,284.7050476074219
0.0,0.0,0.0,0.0,0.0,0.0,0.0,0.0,0.0,0.0,0.0,0.0,0.0,0.0,0.0,0.0,0.0,0.0,0.0,0.0,0.0,0.0,0.0,0.0,0.0,0.0,0.0,0.0,0.0,0.0,0.0,0.0,0.0,0.0
0.0,0.0,0.0,0.0,0.0,0.0,0.0,0.0,0.0,0.0,0.0,0.0,0.0,0.0,0.0,0.0,0.0,0.0,0.0,0.0,0.0,0.0,0.0,0.0,0.0,0.0,0.0,0.0,0.0,0.0,0.0,0.0,0.0,0.0
776.0159301757812,221.49081420898438,778.823486328125,219.4698944091797,774.5545654296875,218.48648071289062,781.6636962890625,217.74855041503906,770.0123291015625,215.45762634277344,779.3209228515625,223.14633178710938,762.4916381835938,220.21005249023438,786.3201293945312,232.87417602539062,758.6405639648438,230.8616485595703,790.1812744140625,236.58096313476562,762.9554443359375,238.7646484375,757.7268676757812,245.13128662109375,743.4808349609375,242.879150390625,765.0048217773438,271.13177490234375,726.0419311523438,268.4638366699219,774.646240234375,298.54351806640625,711.877197265625,296.3680725097656
775.0611572265625,222.85513305664062,777.5020141601562,220.69879150390625,773.7267456054688,220.05642700195312,780.904052734375,220.77203369140625,770.7147216796875,219.18211364746094,781.1502685546875,229.65065002441406,764.609619140625,226.20883178710938,786.3912963867188,239.15591430664062,755.9171752929688,235.74139404296875,788.0867309570312,243.954833984375,754.9476318359375,247.84844970703125,761.670654296875,251.51693725585938,747.9010620117188,248.5899658203125,766.525634765625,275.00048828125,727.3588256835938,270.7315368652344,773.5886840820312,300.89373779296875,711.4563598632812,295.30633544921875
779.7035522460938,224.2364044189453,781.5427856445312,222.43136596679688,778.267822265625,221.7235565185547,781.9745483398438,222.6664276123047,773.9623413085938,220.76629638671875,777.3662719726562,232.7249755859375,765.9793701171875,228.85885620117188,777.9443969726562,244.22665405273438,763.9223022460938,240.42626953125,781.5877685546875,246.81430053710938,771.264404296875,251.83596801757812,755.8367309570312,257.3689270019531,744.6565551757812,254.698486328125,768.9115600585938,279.03143310546875,727.5006713867188,274.94744873046875,775.510986328125,302.3099670410156,708.6710815429688,297.79327392578125
783.1721801757812,227.58154296875,785.4275512695312,225.5033416748047,781.9382934570312,224.71177673339844,786.788330078125,226.17041015625,777.72998046875,224.2977752685547,782.4966430664062,237.30911254882812,768.1961059570312,234.38140869140625,782.2072143554688,253.31710815429688,765.1787719726562,248.787109375,780.86474609375,265.8663330078125,769.0428466796875,264.7762451171875,759.252685546875,259.8579406738281,746.2396850585938,257.955322265625,773.1334228515625,281.71453857421875,731.562744140625,279.836669921875,776.053466796875,303.60870361328125,712.050048828125,303.453125
783.343994140625,227.90989685058594,785.8836669921875,225.49156188964844,781.3370361328125,225.16278076171875,788.1254272460938,226.01931762695312,776.4812622070312,225.02230834960938,784.406982421875,237.02090454101562,767.3137817382812,235.59597778320312,781.076904296875,253.94073486328125,761.2481079101562,253.1798095703125,778.19873046875,268.10272216796875,766.5214233398438,268.8128662109375,763.0803833007812,258.1084289550781,748.1172485351562,256.57781982421875,777.8461303710938,284.6045227050781,736.2991333007812,283.5609436035156,778.95361328125,308.7083435058594,715.3949584960938,309.8953552246094
783.4566040039062,227.95703125,785.984619140625,225.53842163085938,781.4685668945312,225.20962524414062,788.1567993164062,226.0518035888672,776.6285400390625,225.06361389160156,784.42431640625,237.08377075195312,767.3374633789062,235.5670166015625,780.8501586914062,254.22042846679688,761.107177734375,252.92306518554688,777.9747314453125,268.7975158691406,766.1298217773438,268.34088134765625,763.0410766601562,258.1782531738281,748.0989379882812,256.62286376953125,777.7723388671875,284.61492919921875,736.2999877929688,283.5735168457031,778.9041137695312,308.7156982421875,715.5904541015625,309.9374084472656
784.4716186523438,227.90655517578125,786.4851684570312,225.60409545898438,782.9119262695312,224.99208068847656,786.0787963867188,226.178466796875,777.1744384765625,225.15846252441406,782.18359375,237.91952514648438,764.9884033203125,236.98663330078125,780.6437377929688,258.04718017578125,757.904541015625,256.27630615234375,777.3050537109375,271.04449462890625,762.7072143554688,272.9522705078125,762.0066528320312,259.1233825683594,747.27685546875,259.2711486816406,776.8724365234375,285.0481262207031,739.1209716796875,285.503662109375,779.9625854492188,310.1058044433594,724.6874389648438,313.0652770996094
782.9171142578125,227.71304321289062,785.2086181640625,225.32797241210938,781.0332641601562,225.0449981689453,787.2821044921875,226.21347045898438,776.284423828125,225.26470947265625,783.8152465820312,237.86669921875,766.0415649414062,236.37554931640625,781.0911254882812,255.43585205078125,756.6961669921875,255.30877685546875,779.42919921875,270.6835632324219,760.6142578125,275.3388366699219,762.932861328125,258.8938293457031,748.0878295898438,257.60723876953125,781.1785278320312,285.7281188964844,742.968505859375,284.6112365722656,780.7988891601562,309.73297119140625,723.5436401367188,310.5892028808594
781.302001953125,227.5013427734375,783.5950317382812,225.19137573242188,779.4331665039062,224.85833740234375,785.91943359375,225.98690795898438,774.63720703125,224.86465454101562,783.1998291015625,236.76852416992188,764.5928955078125,235.55633544921875,783.6861572265625,251.91912841796875,754.1987915039062,253.92987060546875,783.7153930664062,263.4111328125,759.8496704101562,272.48944091796875,763.198486328125,257.32781982421875,747.969970703125,256.1528625488281,779.4181518554688,284.3902893066406,741.4798583984375,283.2723083496094,779.9564819335938,309.15447998046875,722.5789184570312,309.67559814453125
0.0,0.0,0.0,0.0,0.0,0.0,0.0,0.0,0.0,0.0,0.0,0.0,0.0,0.0,0.0,0.0,0.0,0.0,0.0,0.0,0.0,0.0,0.0,0.0,0.0,0.0,0.0,0.0,0.0,0.0,0.0,0.0,0.0,0.0
0.0,0.0,0.0,0.0,0.0,0.0,0.0,0.0,0.0,0.0,0.0,0.0,0.0,0.0,0.0,0.0,0.0,0.0,0.0,0.0,0.0,0.0,0.0,0.0,0.0,0.0,0.0,0.0,0.0,0.0,0.0,0.0,0.0,0.0
0.0,0.0,0.0,0.0,0.0,0.0,0.0,0.0,0.0,0.0,0.0,0.0,0.0,0.0,0.0,0.0,0.0,0.0,0.0,0.0,0.0,0.0,0.0,0.0,0.0,0.0,0.0,0.0,0.0,0.0,0.0,0.0,0.0,0.0
0.0,0.0,0.0,0.0,0.0,0.0,0.0,0.0,0.0,0.0,0.0,0.0,0.0,0.0,0.0,0.0,0.0,0.0,0.0,0.0,0.0,0.0,0.0,0.0,0.0,0.0,0.0,0.0,0.0,0.0,0.0,0.0,0.0,0.0
0.0,0.0,0.0,0.0,0.0,0.0,0.0,0.0,0.0,0.0,0.0,0.0,0.0,0.0,0.0,0.0,0.0,0.0,0.0,0.0,0.0,0.0,0.0,0.0,0.0,0.0,0.0,0.0,0.0,0.0,0.0,0.0,0.0,0.0
744.1285400390625,224.74356079101562,746.1851196289062,222.55844116210938,742.8255004882812,222.39328002929688,750.1351928710938,222.86190795898438,740.1800537109375,222.5946807861328,754.6206665039062,231.70533752441406,732.9068603515625,232.02203369140625,763.0399780273438,242.609375,721.9526977539062,239.99072265625,761.8760986328125,255.826416015625,718.7206420898438,244.58889770507812,750.2530517578125,256.28936767578125,734.2669677734375,257.0224609375,763.5820922851562,279.19024658203125,729.995849609375,281.7158508300781,775.2144775390625,302.8343505859375,726.8107299804688,309.02630615234375
742.0078735351562,223.84556579589844,743.7742919921875,221.26898193359375,740.5203857421875,221.07766723632812,746.114501953125,221.1123046875,737.4992065429688,220.37954711914062,751.995361328125,230.7667236328125,730.1456909179688,229.75518798828125,758.3729858398438,243.70248413085938,719.5222778320312,241.66622924804688,757.8969116210938,252.14468383789062,717.8785400390625,251.29159545898438,748.0474853515625,256.5829772949219,733.1580810546875,256.2180480957031,757.531005859375,282.0883483886719,727.1231689453125,281.83233642578125,765.0130615234375,309.10443115234375,726.6507568359375,308.470947265625
741.6798095703125,230.4258270263672,742.96337890625,227.6787567138672,739.220458984375,227.7877197265625,743.3766479492188,225.36500549316406,732.7583618164062,225.4971923828125,745.1834716796875,230.74513244628906,724.0791625976562,232.67990112304688,752.30517578125,239.68133544921875,710.5303344726562,242.2083740234375,751.1383666992188,252.7012939453125,709.0823364257812,250.40896606445312,744.1238403320312,256.4859924316406,729.615478515625,258.53387451171875,753.9195556640625,279.7530517578125,728.1046752929688,283.5722961425781,760.8306274414062,302.588134765625,726.3613891601562,309.75555419921875
741.5113525390625,230.25518798828125,742.79052734375,227.49964904785156,739.0531616210938,227.62750244140625,743.2732543945312,225.16519165039062,732.6620483398438,225.3487548828125,745.2453002929688,230.59210205078125,724.0760498046875,232.549072265625,752.4698486328125,239.68862915039062,710.5492553710938,242.15872192382812,751.4522705078125,253.10226440429688,709.053955078125,250.45657348632812,744.2307739257812,256.3876037597656,729.6963500976562,258.431884765625,753.9531860351562,279.6883239746094,728.1613159179688,283.4985656738281,760.7747802734375,302.5037841796875,726.427001953125,309.6024169921875
735.5574951171875,217.96983337402344,737.3389892578125,215.486083984375,733.71826171875,215.5015869140625,740.0590209960938,215.4486083984375,729.470703125,215.45916748046875,743.4947509765625,224.70248413085938,721.9752197265625,226.1216278076172,749.1917724609375,234.53201293945312,709.7293090820312,236.11251831054688,745.8756713867188,244.40499877929688,708.128173828125,242.39535522460938,741.6142578125,255.71365356445312,727.4755859375,257.0014343261719,746.3015747070312,281.57733154296875,727.738525390625,284.357177734375,748.4754028320312,305.65020751953125,726.8433837890625,311.2783203125
735.635986328125,214.58868408203125,736.7337646484375,212.05123901367188,734.18994140625,211.91819763183594,737.420654296875,210.77285766601562,730.2147216796875,210.3701934814453,740.052734375,219.2044219970703,721.3236694335938,218.3826446533203,746.7738037109375,229.70761108398438,707.5324096679688,225.6783447265625,748.2791748046875,241.40887451171875,700.5411987304688,230.33106994628906,736.0675659179688,251.22833251953125,724.6276245117188,251.20455932617188,738.15576171875,279.69866943359375,726.1155395507812,281.0286560058594,735.0242309570312,306.10406494140625,723.2758178710938,310.0857849121094
735.02587890625,220.78956604003906,736.5166015625,218.21902465820312,733.3846435546875,217.65170288085938,736.66845703125,215.6528778076172,727.944580078125,214.1282501220703,736.3785400390625,221.30101013183594,718.2100219726562,219.532958984375,742.3662109375,231.3715057373047,704.1858520507812,228.3311004638672,745.6693115234375,241.4393310546875,697.2093505859375,238.86492919921875,730.4789428710938,248.90789794921875,719.9010620117188,248.48709106445312,731.3272094726562,278.9557189941406,723.608154296875,279.30780029296875,726.4794921875,307.0364685058594,721.7986450195312,309.80596923828125
733.3660888671875,220.77713012695312,734.9367065429688,218.37339782714844,731.8201293945312,217.5667266845703,734.8983764648438,216.58950805664062,726.3533935546875,214.34371948242188,733.7103271484375,223.79055786132812,716.2421264648438,220.0313720703125,739.7222290039062,232.70758056640625,700.8367309570312,226.0450897216797,743.7177734375,237.1015625,695.09619140625,233.15301513671875,725.8089599609375,252.15667724609375,715.7235717773438,250.712646484375,725.8611450195312,282.0774841308594,719.5390014648438,280.6998291015625,721.631103515625,307.7799987792969,717.755859375,308.0177307128906
727.40234375,216.82472229003906,728.8883056640625,214.29055786132812,726.3941650390625,213.74539184570312,729.9634399414062,212.8953857421875,722.6519165039062,211.3881378173828,730.8169555664062,219.54420471191406,712.240966796875,217.6419219970703,736.592041015625,229.86033630371094,697.0103149414062,228.0953826904297,740.3997802734375,236.84994506835938,691.6914672851562,242.07745361328125,722.4122924804688,247.41009521484375,711.3715209960938,246.74264526367188,722.1338500976562,280.685302734375,714.8113403320312,279.9984436035156,715.99658203125,309.9070129394531,711.7269897460938,310.6873474121094
727.4556274414062,216.87680053710938,728.9202880859375,214.33485412597656,726.4437255859375,213.80242919921875,729.9246826171875,212.91798400878906,722.665283203125,211.44488525390625,730.7411499023438,219.49362182617188,712.1992797851562,217.69577026367188,736.500244140625,229.71852111816406,696.9510498046875,228.17620849609375,740.3177490234375,236.78244018554688,691.6073608398438,242.30242919921875,722.3259887695312,247.33819580078125,711.2975463867188,246.72891235351562,722.1593627929688,280.5999755859375,714.7633056640625,279.99456787109375,716.042236328125,309.8000793457031,711.6276245117188,310.7120056152344
721.5894165039062,216.4036407470703,723.3396606445312,213.9510955810547,720.2823486328125,213.49176025390625,725.1970825195312,213.3164825439453,716.7567749023438,211.98463439941406,726.52490234375,220.9110870361328,707.747802734375,219.79335021972656,732.3985595703125,230.39361572265625,693.133544921875,232.40399169921875,736.27197265625,230.7627716064453,689.0234985351562,246.84347534179688,717.8943481445312,249.59066772460938,706.7620239257812,249.10079956054688,715.0288696289062,283.242919921875,708.436279296875,282.0185546875,708.0781860351562,313.2030944824219,704.5119018554688,312.17962646484375
717.8729248046875,217.9495849609375,719.4628295898438,215.634033203125,716.3797607421875,215.2503204345703,721.8219604492188,215.98379516601562,712.9052124023438,214.72789001464844,725.9282836914062,225.7676544189453,704.3126831054688,223.6525115966797,736.87451171875,236.52252197265625,688.9024658203125,235.06121826171875,739.9841918945312,239.34765625,687.5055541992188,247.3016357421875,715.50146484375,256.57940673828125,703.0162963867188,255.42184448242188,709.431396484375,289.42425537109375,704.5254516601562,287.53021240234375,698.0275268554688,318.5941467285156,698.8919677734375,316.2171325683594
713.7059326171875,219.04904174804688,715.349853515625,216.72679138183594,712.3550415039062,216.3885498046875,717.72900390625,217.62088012695312,709.48193359375,216.54757690429688,721.3593139648438,229.18084716796875,701.1783447265625,226.8798065185547,731.3140869140625,238.69677734375,686.4194946289062,236.19317626953125,737.156005859375,243.48959350585938,682.4859619140625,242.86953735351562,709.7763671875,263.08489990234375,698.3858032226562,261.3824157714844,701.6336669921875,294.2057189941406,698.6554565429688,292.07177734375,690.5234375,321.7304382324219,694.7039794921875,318.7515869140625
717.791015625,226.74374389648438,718.626953125,224.40127563476562,715.810791015625,224.11099243164062,717.0233764648438,224.92318725585938,710.1773681640625,223.7755584716797,717.238525390625,235.75411987304688,699.6173706054688,233.99899291992188,725.0946044921875,246.00106811523438,683.342041015625,245.54696655273438,734.1470947265625,248.07955932617188,678.9323120117188,252.54129028320312,704.82958984375,269.7381591796875,695.3529663085938,268.5408020019531,695.83642578125,299.93682861328125,694.100341796875,298.4038391113281,680.9871215820312,326.5314025878906,685.610107421875,324.7142028808594
716.0098266601562,230.12437438964844,716.8953857421875,227.72218322753906,714.3921508789062,227.1492462158203,714.922119140625,228.0522003173828,708.4834594726562,226.1017608642578,713.7185668945312,238.15716552734375,695.8267822265625,237.1939697265625,719.813720703125,248.35769653320312,679.1990356445312,253.93228149414062,729.2466430664062,247.1942138671875,675.9852294921875,270.1009216308594,701.5311279296875,273.7297668457031,691.1082763671875,272.9781494140625,695.1981811523438,304.4191589355469,686.953369140625,303.01214599609375,677.4267578125,329.8612060546875,670.7844848632812,328.4903564453125
715.3887939453125,229.91575622558594,716.3306884765625,227.52688598632812,713.7774047851562,226.97183227539062,714.5903930664062,227.9246826171875,708.0794677734375,226.03759765625,713.6201782226562,238.11605834960938,695.68017578125,237.07070922851562,719.697509765625,248.23431396484375,679.4379272460938,253.12741088867188,728.969970703125,247.12060546875,676.6705322265625,267.89727783203125,701.61962890625,273.6371765136719,691.099853515625,272.8447265625,695.1185913085938,304.3099670410156,686.6658325195312,302.9425048828125,677.7536010742188,329.84271240234375,670.7452392578125,328.5663146972656
709.6705932617188,238.10333251953125,710.9492797851562,235.8089599609375,708.6731567382812,235.35720825195312,710.4373779296875,235.9781494140625,705.7774658203125,234.86074829101562,709.8469848632812,244.63375854492188,695.5432739257812,244.11477661132812,716.9801025390625,254.19760131835938,685.0794677734375,254.25521850585938,725.2059326171875,262.7679443359375,680.7816772460938,262.38848876953125,696.8753051757812,275.8315124511719,687.0984497070312,275.36077880859375,697.9917602539062,304.69122314453125,679.3089599609375,305.40008544921875,688.9607543945312,328.3713073730469,661.65185546875,331.7075500488281
704.8442993164062,250.12786865234375,705.9313354492188,247.9090576171875,703.52392578125,247.49072265625,705.4935302734375,247.00424194335938,699.6168212890625,245.75949096679688,706.1452026367188,254.161865234375,689.4716186523438,253.41009521484375,713.6605834960938,260.65350341796875,677.4189453125,261.70806884765625,721.8504028320312,262.6346740722656,676.2265625,266.8695068359375,696.6598510742188,285.3446044921875,684.9884643554688,285.01959228515625,702.2772827148438,310.9320068359375,678.8098754882812,311.18603515625,694.2517700195312,328.97283935546875,659.3995361328125,330.487060546875
704.2769775390625,251.27166748046875,705.4708862304688,249.107666015625,702.7941284179688,248.85430908203125,704.99853515625,248.58035278320312,698.7916259765625,247.89019775390625,705.3724975585938,256.26104736328125,689.0687866210938,256.5196838378906,710.8323974609375,264.3708190917969,683.0479125976562,265.84735107421875,717.118408203125,264.9034118652344,689.6884155273438,264.36859130859375,696.29931640625,286.1343688964844,684.169189453125,286.48455810546875,703.7823486328125,310.8377685546875,677.2032470703125,312.33038330078125,698.6802978515625,328.8039855957031,660.38525390625,332.4539489746094
701.024169921875,249.61013793945312,702.7915649414062,247.37908935546875,699.83837890625,247.08599853515625,704.9843139648438,246.89788818359375,697.5226440429688,246.27398681640625,707.072998046875,255.2183837890625,690.1103515625,255.82925415039062,714.1956176757812,265.4242858886719,680.5494384765625,267.4221496582031,717.6422119140625,274.3232727050781,676.1947631835938,275.4099426269531,699.7164306640625,284.78656005859375,687.2725830078125,285.0021057128906,705.770263671875,309.6427917480469,676.6943359375,311.2234802246094,704.8536376953125,329.9632263183594,661.122314453125,333.8880615234375
707.5675048828125,253.34780883789062,709.1961669921875,250.91455078125,706.6217651367188,250.24929809570312,710.3779296875,249.93490600585938,703.5872802734375,248.0819091796875,713.980712890625,257.17376708984375,694.40478515625,254.81072998046875,717.6286010742188,270.55242919921875,683.7191162109375,267.0069885253906,717.9004516601562,284.8481750488281,680.8110961914062,282.8180236816406,704.1141967773438,280.78021240234375,689.7611694335938,279.5728454589844,713.8801879882812,307.0992126464844,675.5558471679688,306.349609375,714.7389526367188,333.0262145996094,663.09814453125,332.5893249511719
707.480712890625,253.59085083007812,709.1141357421875,251.15365600585938,706.5211791992188,250.49240112304688,710.282958984375,250.18222045898438,703.4652099609375,248.33462524414062,713.8389892578125,257.441162109375,694.2479858398438,255.09979248046875,717.5030517578125,270.7727355957031,683.5545043945312,267.28466796875,717.9047241210938,285.04058837890625,680.767578125,283.0704650878906,704.0304565429688,281.01953125,689.6696166992188,279.8342590332031,713.9711303710938,307.23443603515625,675.6071166992188,306.50006103515625,714.8739624023438,333.093017578125,663.1913452148438,332.6778564453125
708.9570922851562,242.39663696289062,710.91943359375,240.0321044921875,707.9093627929688,239.58663940429688,713.2203979492188,239.88922119140625,705.1407470703125,239.02752685546875,716.1818237304688,249.14697265625,696.2536010742188,248.92138671875,720.7632446289062,262.7130126953125,685.4796752929688,263.15771484375,718.4262084960938,277.8112487792969,676.345458984375,281.5281982421875,708.5482177734375,276.75439453125,693.0471801757812,276.11492919921875,716.531005859375,304.6115417480469,678.6949462890625,304.603271484375,720.4031372070312,331.1457214355469,664.8355712890625,332.24700927734375
715.5949096679688,237.67929077148438,717.8369750976562,235.00030517578125,714.4296875,234.24591064453125,720.5343627929688,234.65371704101562,711.4628295898438,232.69287109375,724.7965698242188,244.3416748046875,703.6419067382812,241.41009521484375,728.361572265625,258.44244384765625,693.6563110351562,253.623779296875,723.7674560546875,267.8934326171875,687.4176635742188,264.8146057128906,713.0543823242188,272.0304260253906,697.0567626953125,270.3162841796875,721.1920166015625,303.35321044921875,677.8875732421875,302.1373596191406,723.8786010742188,333.2703552246094,664.2529907226562,332.3075256347656
721.900146484375,233.75054931640625,723.9747924804688,231.89431762695312,721.5422973632812,230.85032653808594,727.0888061523438,233.82421875,720.2919921875,231.1597900390625,728.8031616210938,246.55429077148438,712.5897216796875,242.20611572265625,731.9953002929688,258.5670471191406,697.1596069335938,251.56494140625,727.9832153320312,263.276123046875,686.2250366210938,263.045654296875,717.5009155273438,277.0813903808594,704.0182495117188,274.5460510253906,719.2901611328125,305.4300537109375,681.5023803710938,302.420166015625,727.5529174804688,334.6822814941406,666.817138671875,331.25030517578125
726.1266479492188,229.99185180664062,728.6333618164062,228.3549041748047,724.9585571289062,227.34927368164062,731.7799072265625,230.99449157714844,722.7130737304688,228.35662841796875,734.0399169921875,242.8331298828125,714.67724609375,238.79537963867188,738.5023193359375,249.37710571289062,699.5369873046875,248.120849609375,739.2134399414062,239.34866333007812,688.3911743164062,257.3266906738281,722.3816528320312,275.2306823730469,708.0625610351562,272.0270690917969,718.93798828125,305.61260986328125,688.8583374023438,300.3983154296875,725.7489013671875,336.4004211425781,679.0620727539062,328.57476806640625
725.5797119140625,228.20594787597656,728.3885498046875,226.51820373535156,725.0006103515625,225.52354431152344,733.6453857421875,229.6105499267578,725.1121826171875,227.08526611328125,738.5858154296875,243.22479248046875,717.6142578125,237.90325927734375,733.992919921875,252.9390869140625,700.4457397460938,246.87802124023438,726.431396484375,244.39987182617188,683.3822631835938,256.2707824707031,727.1634521484375,276.7079772949219,711.9926147460938,272.70721435546875,719.9059448242188,305.8514099121094,690.998291015625,299.5155029296875,726.896484375,335.34381103515625,687.9718017578125,325.6098937988281
725.4171752929688,228.1283416748047,728.2327270507812,226.4479217529297,724.8613891601562,225.45404052734375,733.5535278320312,229.57577514648438,725.0795288085938,227.05349731445312,738.5196533203125,243.22171020507812,717.72607421875,237.87088012695312,733.616455078125,253.06182861328125,700.6734008789062,246.85797119140625,725.72900390625,244.50634765625,683.857666015625,255.968994140625,727.190185546875,276.61798095703125,712.1102905273438,272.599853515625,719.8716430664062,305.7525329589844,691.0519409179688,299.4027404785156,726.91796875,335.26763916015625,688.050537109375,325.4748840332031
724.6435546875,228.0626678466797,727.1115112304688,226.35269165039062,724.3994750976562,225.4755096435547,732.592041015625,229.51962280273438,726.10595703125,227.09518432617188,738.179931640625,242.97604370117188,721.40478515625,236.59002685546875,734.5924072265625,253.75592041015625,709.491455078125,243.45294189453125,727.8767700195312,247.25299072265625,703.6353149414062,246.97393798828125,728.8204956054688,275.78167724609375,716.5136108398438,271.4790344238281,720.2969970703125,305.8299865722656,698.4924926757812,299.0955810546875,727.7626342773438,333.74017333984375,697.9131469726562,322.9894714355469
729.7687377929688,225.7267303466797,732.323974609375,224.0219268798828,729.509765625,223.25279235839844,736.7271118164062,228.16859436035156,731.0155029296875,226.29327392578125,739.6063842773438,241.913330078125,725.9208374023438,237.5615234375,734.052490234375,248.91403198242188,715.9181518554688,242.37234497070312,726.9022827148438,238.63201904296875,712.9260864257812,239.48297119140625,730.2820434570312,276.4471435546875,721.3385009765625,273.66229248046875,718.7821655273438,306.66650390625,713.613037109375,302.3342590332031,726.9237060546875,333.3892822265625,724.3479614257812,326.20263671875
735.5223999023438,224.13388061523438,738.0001831054688,222.2235870361328,735.1395263671875,221.55691528320312,741.7360229492188,225.69485473632812,736.20751953125,224.14794921875,742.5960693359375,239.2305908203125,731.177490234375,235.42877197265625,730.6695556640625,248.61328125,719.801513671875,241.712158203125,720.6610717773438,240.40185546875,715.57861328125,237.7471923828125,734.7688598632812,273.3533630371094,727.2898559570312,271.0495300292969,725.506591796875,303.9066162109375,721.277099609375,300.4834899902344,729.8678588867188,334.4020690917969,729.1898193359375,328.14154052734375
739.4443359375,222.27064514160156,741.2288208007812,220.07884216308594,738.9386596679688,219.73965454101562,742.6024169921875,223.79342651367188,740.7059326171875,223.087646484375,741.6016845703125,236.28363037109375,736.7001342773438,235.11495971679688,731.4703369140625,238.50631713867188,726.4586181640625,237.52792358398438,725.2818603515625,230.2805938720703,719.2111206054688,232.8861083984375,737.296142578125,270.58953857421875,734.3024291992188,269.71234130859375,728.6650390625,302.33447265625,729.2677612304688,301.1893310546875,730.9581298828125,334.1861877441406,734.9931640625,331.17364501953125
741.830078125,219.25999450683594,743.98828125,217.2156982421875,740.6500244140625,216.77769470214844,744.7720947265625,221.86154174804688,740.5108032226562,221.04518127441406,743.2093505859375,233.89410400390625,737.3841552734375,233.08065795898438,744.7398071289062,227.5111846923828,739.4341430664062,227.14395141601562,751.3323364257812,212.94451904296875,745.6151733398438,214.23228454589844,739.3431396484375,269.4279479980469,735.4873657226562,269.2333068847656,733.4135131835938,302.4220275878906,736.3571166992188,301.927734375,737.6873168945312,331.707275390625,743.7091674804688,330.8782043457031
741.7740478515625,219.11476135253906,743.9429321289062,217.06796264648438,740.6043701171875,216.63168334960938,744.7710571289062,221.72897338867188,740.4925537109375,220.91795349121094,743.2413940429688,233.78500366210938,737.31884765625,232.9493408203125,744.6185302734375,227.53529357910156,738.9999389648438,227.09996032714844,751.0753173828125,213.05064392089844,745.0416259765625,214.2954864501953,739.3958129882812,269.353515625,735.490478515625,269.1473083496094,733.3579711914062,302.5076904296875,736.3353271484375,301.9884033203125,737.7128295898438,331.938232421875,743.835693359375,331.0337219238281
744.4335327148438,218.66412353515625,746.0719604492188,216.64051818847656,742.674560546875,216.1074981689453,746.0005493164062,221.6756591796875,741.328857421875,220.14450073242188,745.33642578125,234.6185302734375,739.6875610351562,231.93844604492188,749.5405883789062,227.3924102783203,745.9736328125,223.65673828125,753.4786987304688,211.0864715576172,751.026611328125,211.07237243652344,743.3067626953125,269.0439147949219,740.15771484375,268.0615539550781,737.818359375,300.0232849121094,746.08837890625,298.043701171875,739.5745849609375,327.2793273925781,755.029052734375,324.40399169921875
741.6489868164062,217.91213989257812,743.818359375,215.62985229492188,740.1851806640625,215.17091369628906,746.0433959960938,219.8623046875,740.938720703125,218.71359252929688,747.4136962890625,231.97067260742188,741.5586547851562,230.41819763183594,752.9879760742188,226.3901824951172,748.1997680664062,224.768310546875,756.6112060546875,213.96475219726562,752.6063842773438,213.0830078125,748.1221923828125,267.97039794921875,744.556640625,267.4061279296875,741.9541015625,299.70196533203125,747.2908935546875,298.5628967285156,749.251953125,325.8904113769531,758.9451904296875,323.53460693359375
740.452880859375,207.85813903808594,742.8444213867188,205.3096923828125,739.1632080078125,205.0015869140625,746.4608154296875,210.10159301757812,742.8214111328125,209.47283935546875,749.4249877929688,223.9291229248047,747.1970825195312,223.66160583496094,757.6939086914062,218.83058166503906,758.8186645507812,219.3968963623047,760.4703979492188,209.01400756835938,760.7169799804688,206.28106689453125,750.0406494140625,264.2424011230469,748.2822875976562,264.0790100097656,743.88671875,297.7409973144531,747.2463989257812,297.613525390625,760.015869140625,322.5399475097656,764.0752563476562,321.466796875
758.0463256835938,205.5488739013672,757.5621948242188,202.97499084472656,755.2852172851562,202.74609375,751.5863037109375,206.97369384765625,749.0477294921875,205.77215576171875,753.0730590820312,219.7535400390625,746.2557373046875,217.5839385986328,766.9470825195312,216.07667541503906,759.5933227539062,211.9591827392578,772.0589599609375,203.99375915527344,766.6354370117188,198.8804168701172,754.5936279296875,258.13763427734375,749.7481079101562,257.5555419921875,753.8659057617188,292.35076904296875,752.3927612304688,290.8507995605469,763.9957885742188,317.6773376464844,763.2009887695312,316.33489990234375
767.370361328125,203.04771423339844,767.339599609375,200.65438842773438,764.722900390625,200.2019500732422,761.0720825195312,204.12088012695312,756.99365234375,202.51416015625,758.8956298828125,216.10150146484375,751.3306274414062,213.58604431152344,769.2877197265625,213.0550079345703,759.2791137695312,208.8505859375,776.1397705078125,201.13629150390625,768.547607421875,197.40599060058594,756.345458984375,252.67556762695312,751.222900390625,252.02838134765625,757.1668701171875,285.1259765625,755.7145385742188,283.5534362792969,767.2774047851562,309.60638427734375,766.3414306640625,308.53839111328125
766.950927734375,203.0428009033203,767.0098876953125,200.64857482910156,764.3101806640625,200.19998168945312,761.0106811523438,204.13446044921875,756.7199096679688,202.5587921142578,758.9813842773438,216.1126708984375,751.0498046875,213.6510009765625,769.443359375,212.7763671875,758.996826171875,208.64913940429688,776.2036743164062,200.8147735595703,768.5005493164062,196.98622131347656,756.4458618164062,252.718017578125,751.0740966796875,252.0986328125,757.0986938476562,285.1822509765625,755.6216430664062,283.6726989746094,767.20703125,309.67425537109375,766.4442138671875,308.6543273925781
0.0,0.0,0.0,0.0,0.0,0.0,0.0,0.0,0.0,0.0,0.0,0.0,0.0,0.0,0.0,0.0,0.0,0.0,0.0,0.0,0.0,0.0,0.0,0.0,0.0,0.0,0.0,0.0,0.0,0.0,0.0,0.0,0.0,0.0
751.2010498046875,186.23995971679688,753.9196166992188,184.08074951171875,751.643798828125,183.39698791503906,759.5574951171875,188.9552459716797,758.5256958007812,187.823486328125,763.490966796875,203.4541778564453,760.3934326171875,201.78208923339844,773.1997680664062,207.64230346679688,769.2400512695312,200.4994354248047,776.2171020507812,217.55291748046875,769.8779907226562,193.13369750976562,755.4718627929688,239.95169067382812,753.3651123046875,239.2113037109375,756.027099609375,272.7696838378906,756.546142578125,273.36041259765625,769.2015380859375,300.13128662109375,770.3372192382812,301.5500793457031
774.4385375976562,193.97894287109375,776.7504272460938,192.31053161621094,774.4288940429688,191.09304809570312,776.367919921875,196.04476928710938,773.6627807617188,193.57916259765625,772.7353515625,208.65036010742188,763.6234741210938,202.91127014160156,777.1102294921875,216.5165557861328,763.7728881835938,197.8685302734375,783.991455078125,222.90411376953125,769.59716796875,187.6463165283203,759.5282592773438,240.27761840820312,751.6007690429688,238.33795166015625,771.2462768554688,272.9338684082031,756.6011352539062,271.7027893066406,785.5250244140625,299.4031677246094,762.6146240234375,299.953857421875
775.4966430664062,201.3076171875,776.96044921875,199.23316955566406,774.3726196289062,198.66485595703125,775.52880859375,199.51019287109375,771.1737670898438,198.58267211914062,773.116455078125,208.28082275390625,763.9866333007812,206.24105834960938,780.3759765625,221.78094482421875,770.9522094726562,210.10366821289062,783.89111328125,232.48675537109375,778.8480834960938,203.9015655517578,762.4283447265625,236.35699462890625,754.2327880859375,236.59429931640625,775.8091430664062,267.24029541015625,755.0078735351562,268.54736328125,791.7642822265625,294.0764465332031,759.63916015625,297.9730224609375
773.6921997070312,200.16452026367188,776.3770751953125,197.69085693359375,773.771728515625,197.0683135986328,780.2281494140625,197.79110717773438,772.9367065429688,196.15382385253906,778.153076171875,206.64013671875,768.8491821289062,204.60943603515625,778.1311645507812,216.42636108398438,768.1168823242188,213.64703369140625,772.4580688476562,204.61607360839844,771.2699584960938,203.33587646484375,763.3109130859375,233.57244873046875,756.5769653320312,232.46807861328125,770.070556640625,266.09271240234375,758.0042724609375,265.458740234375,780.1317138671875,298.02752685546875,764.7027587890625,296.9134521484375
773.18310546875,200.12046813964844,775.85107421875,197.63775634765625,773.2205200195312,197.04373168945312,779.8042602539062,197.744384765625,772.385009765625,196.18621826171875,778.1320190429688,206.64846801757812,768.3927001953125,204.70706176757812,778.5078735351562,216.44168090820312,767.7626953125,213.80221557617188,772.8058471679688,204.8978271484375,770.958984375,203.67405700683594,763.6983642578125,233.58447265625,756.6796264648438,232.52496337890625,770.4605102539062,266.0225830078125,757.7640991210938,265.40838623046875,780.49267578125,297.9727783203125,764.2730712890625,296.89044189453125
778.2530517578125,200.03021240234375,781.3922119140625,198.3465118408203,777.8346557617188,197.31814575195312,785.821533203125,199.8977813720703,776.3535766601562,197.71945190429688,786.4642944335938,209.21112060546875,767.9738159179688,203.97642517089844,789.41455078125,216.7633819580078,763.9239501953125,196.40869140625,786.8011474609375,218.7974395751953,765.8609619140625,174.6460418701172,771.6873168945312,238.00128173828125,756.9886474609375,235.94973754882812,780.9044799804688,266.27423095703125,752.3009643554688,266.35736083984375,792.9339599609375,292.21466064453125,750.7310791015625,296.5531921386719
777.1021118164062,197.972412109375,779.9067993164062,195.85609436035156,777.211669921875,195.1490478515625,785.8717041015625,196.66824340820312,776.6321411132812,195.35247802734375,790.365234375,208.31272888183594,769.0702514648438,204.5931396484375,797.9539184570312,222.54025268554688,761.9716186523438,204.49232482910156,796.8456420898438,234.80975341796875,766.5194702148438,193.63209533691406,775.4069213867188,240.8525390625,758.5604858398438,239.8590087890625,787.1353759765625,268.99749755859375,748.8361206054688,269.4764709472656,800.6063842773438,297.581298828125,744.5451049804688,301.0627136230469
784.6270751953125,202.00698852539062,787.0662841796875,199.93003845214844,783.4983520507812,199.08761596679688,790.2286376953125,200.21336364746094,779.8870239257812,198.35154724121094,792.6207885742188,211.26754760742188,771.00390625,208.20831298828125,799.1378173828125,223.924072265625,763.0042724609375,216.1002655029297,797.0623779296875,230.5348358154297,763.572509765625,220.75015258789062,780.50146484375,243.340087890625,763.115966796875,242.23858642578125,792.06005859375,271.61749267578125,749.3140258789062,270.6325988769531,803.4451904296875,300.8472900390625,739.0904541015625,301.0216064453125
786.6054077148438,203.43658447265625,788.942138671875,201.26165771484375,785.2939453125,200.7647247314453,792.8463134765625,202.49386596679688,782.8495483398438,201.2452392578125,795.3237915039062,214.60015869140625,777.1243286132812,212.31576538085938,801.3639526367188,228.923583984375,773.9241333007812,225.04116821289062,800.2109985351562,236.7418212890625,776.831787109375,232.43191528320312,782.5997924804688,247.49444580078125,767.5491333007812,245.56857299804688,791.896484375,275.3573913574219,753.1723022460938,273.17645263671875,798.619384765625,304.469970703125,737.3447265625,302.2693176269531
792.1151733398438,216.58889770507812,794.2304077148438,214.44906616210938,790.3685913085938,214.19482421875,797.3512573242188,215.3221893310547,786.9542236328125,214.59869384765625,798.2392578125,226.1228790283203,781.3822021484375,224.6676483154297,801.8685302734375,239.710205078125,778.302978515625,238.14959716796875,799.5570068359375,246.13763427734375,782.2356567382812,246.12374877929688,783.3535766601562,253.13107299804688,769.0033569335938,251.39569091796875,792.8157348632812,278.6669921875,752.633056640625,276.7296447753906,797.3173828125,305.27142333984375,734.1914672851562,303.76141357421875
792.4255981445312,216.6654052734375,794.54248046875,214.52752685546875,790.6810913085938,214.26564025878906,797.6163940429688,215.38157653808594,787.2239379882812,214.64247131347656,798.4229125976562,226.12728881835938,781.5248413085938,224.6718292236328,801.9068603515625,239.67892456054688,778.3012084960938,238.15985107421875,799.5249633789062,245.98275756835938,782.0211791992188,246.13894653320312,783.3616333007812,253.13644409179688,768.9864501953125,251.4017333984375,792.8516845703125,278.6589660644531,752.6551513671875,276.7313537597656,797.2986450195312,305.24066162109375,734.1710205078125,303.76068115234375
0.0,0.0,0.0,0.0,0.0,0.0,0.0,0.0,0.0,0.0,0.0,0.0,0.0,0.0,0.0,0.0,0.0,0.0,0.0,0.0,0.0,0.0,0.0,0.0,0.0,0.0,0.0,0.0,0.0,0.0,0.0,0.0,0.0,0.0
0.0,0.0,0.0,0.0,0.0,0.0,0.0,0.0,0.0,0.0,0.0,0.0,0.0,0.0,0.0,0.0,0.0,0.0,0.0,0.0,0.0,0.0,0.0,0.0,0.0,0.0,0.0,0.0,0.0,0.0,0.0,0.0,0.0,0.0
0.0,0.0,0.0,0.0,0.0,0.0,0.0,0.0,0.0,0.0,0.0,0.0,0.0,0.0,0.0,0.0,0.0,0.0,0.0,0.0,0.0,0.0,0.0,0.0,0.0,0.0,0.0,0.0,0.0,0.0,0.0,0.0,0.0,0.0
0.0,0.0,0.0,0.0,0.0,0.0,0.0,0.0,0.0,0.0,0.0,0.0,0.0,0.0,0.0,0.0,0.0,0.0,0.0,0.0,0.0,0.0,0.0,0.0,0.0,0.0,0.0,0.0,0.0,0.0,0.0,0.0,0.0,0.0
0.0,0.0,0.0,0.0,0.0,0.0,0.0,0.0,0.0,0.0,0.0,0.0,0.0,0.0,0.0,0.0,0.0,0.0,0.0,0.0,0.0,0.0,0.0,0.0,0.0,0.0,0.0,0.0,0.0,0.0,0.0,0.0,0.0,0.0
0.0,0.0,0.0,0.0,0.0,0.0,0.0,0.0,0.0,0.0,0.0,0.0,0.0,0.0,0.0,0.0,0.0,0.0,0.0,0.0,0.0,0.0,0.0,0.0,0.0,0.0,0.0,0.0,0.0,0.0,0.0,0.0,0.0,0.0
773.6030883789062,220.6640625,775.8800659179688,218.2811279296875,772.0936279296875,218.14654541015625,779.5364379882812,218.6497802734375,769.005126953125,218.4818878173828,782.8505859375,228.2440185546875,761.3345336914062,229.48846435546875,789.3402709960938,238.24200439453125,753.609130859375,243.55667114257812,788.1897583007812,247.93978881835938,756.1791381835938,255.35519409179688,774.39794921875,253.87246704101562,757.5718994140625,254.35000610351562,788.8026733398438,279.9278564453125,751.1644287109375,281.1007080078125,798.4853515625,304.33746337890625,742.9231567382812,307.41497802734375
764.06201171875,220.07701110839844,765.566650390625,217.63916015625,762.3245849609375,217.8158416748047,767.9954223632812,217.99737548828125,758.5928955078125,218.51026916503906,772.88330078125,227.77284240722656,750.59326171875,229.865234375,782.0411987304688,238.39703369140625,743.073974609375,243.09521484375,784.6871337890625,250.91839599609375,747.628662109375,254.08905029296875,770.0494384765625,252.83795166015625,753.0874633789062,254.72308349609375,787.2259521484375,278.50830078125,748.885986328125,281.18359375,798.8805541992188,302.38623046875,744.3091430664062,307.0521545410156
758.6428833007812,214.05972290039062,760.2089233398438,211.83567810058594,757.1982421875,212.02401733398438,763.3381958007812,212.68275451660156,754.6259765625,213.4097137451172,768.3804931640625,222.90594482421875,748.50634765625,225.84715270996094,774.69775390625,232.5595703125,740.42724609375,239.84133911132812,769.71044921875,235.39724731445312,739.8480224609375,244.67401123046875,767.2598266601562,252.24868774414062,752.1499633789062,254.189208984375,782.1439208984375,278.25054931640625,748.0765380859375,281.0920104980469,794.2084350585938,302.3351745605469,744.7301635742188,307.04779052734375
750.3031616210938,209.11534118652344,752.0846557617188,206.8563995361328,748.7823486328125,207.0161590576172,756.3613891601562,207.2735595703125,746.3206176757812,207.91851806640625,762.5867919921875,217.74147033691406,741.3042602539062,219.92572021484375,770.77587890625,231.29818725585938,732.0697631835938,232.376708984375,765.818359375,239.06546020507812,726.9852294921875,234.51126098632812,762.1279296875,248.92868041992188,747.0344848632812,250.60000610351562,774.2771606445312,275.0368957519531,745.053955078125,278.16375732421875,785.30615234375,302.0336608886719,744.18896484375,307.9701232910156
743.9210815429688,208.04879760742188,745.7262573242188,205.81320190429688,742.6262817382812,205.97280883789062,750.2345581054688,206.2711181640625,740.9222412109375,207.00624084472656,757.5213623046875,215.42185974121094,735.6373901367188,217.9898681640625,763.6439208984375,227.94639587402344,726.294677734375,230.88665771484375,750.3988037109375,230.9154510498047,722.0147094726562,232.35540771484375,758.0812377929688,245.087890625,742.86669921875,246.66851806640625,767.1243896484375,273.272216796875,743.3143920898438,276.302001953125,774.2845458984375,300.5094909667969,743.3977661132812,306.1339416503906
743.8768920898438,207.78843688964844,745.6973266601562,205.5499725341797,742.6034545898438,205.7047119140625,750.2662353515625,206.0017852783203,740.9536743164062,206.73263549804688,757.55712890625,215.21572875976562,735.713623046875,217.8228302001953,763.5902709960938,227.84567260742188,726.4630126953125,230.88796997070312,750.1723022460938,230.970703125,722.1477661132812,232.54501342773438,758.1119995117188,245.09014892578125,742.9063720703125,246.68499755859375,767.2045288085938,273.1991271972656,743.2409057617188,276.26104736328125,774.5079956054688,300.4900817871094,743.3673095703125,306.1737060546875
740.6226196289062,202.63259887695312,742.5762939453125,200.24200439453125,739.26904296875,200.27041625976562,747.191650390625,200.2670440673828,737.3001098632812,200.6122283935547,753.5825805664062,209.39447021484375,732.5948486328125,211.260986328125,760.0387573242188,222.31192016601562,723.7965087890625,224.6748046875,748.3597412109375,229.70944213867188,719.5330200195312,232.41412353515625,753.5993041992188,240.05972290039062,739.5003051757812,241.1884765625,759.1248168945312,270.1575927734375,741.2439575195312,272.3630065917969,764.402587890625,299.962158203125,742.7058715820312,304.3265380859375
737.7456665039062,201.9266815185547,739.2770385742188,199.59910583496094,735.9234008789062,199.63668823242188,741.9976806640625,199.8037109375,732.3468627929688,199.85821533203125,747.8214111328125,209.28414916992188,725.8543701171875,210.72769165039062,757.015625,220.21351623535156,715.7174072265625,223.9651336669922,753.1715087890625,222.79888916015625,717.9244995117188,230.21566772460938,748.6056518554688,242.72076416015625,734.534423828125,243.91070556640625,752.0123291015625,273.4454040527344,738.7088623046875,275.0058898925781,753.5279541015625,302.57232666015625,739.7990112304688,304.84210205078125
733.7963256835938,201.6466522216797,735.0811157226562,199.34255981445312,732.0286254882812,199.44906616210938,737.2081909179688,199.6290740966797,728.4779052734375,199.74224853515625,742.8924560546875,209.13558959960938,722.0441284179688,210.04579162597656,751.6133422851562,220.42469787597656,712.6227416992188,222.58908081054688,751.2389526367188,225.268310546875,717.2824096679688,230.21372985839844,743.788330078125,241.993408203125,730.7217407226562,242.95803833007812,744.0900268554688,272.71868896484375,734.17626953125,273.8178405761719,743.2492065429688,300.9048156738281,735.2113037109375,302.4911804199219
727.74951171875,203.19017028808594,729.4398803710938,200.61917114257812,725.8963623046875,200.72994995117188,733.2571411132812,200.3460235595703,722.9636840820312,200.56195068359375,740.11865234375,210.90420532226562,717.9002685546875,211.7489471435547,748.817626953125,223.40928649902344,710.7145385742188,226.57278442382812,747.9308471679688,233.83538818359375,710.263671875,241.22427368164062,739.1210327148438,244.74835205078125,725.2685546875,245.03485107421875,739.4856567382812,274.516845703125,725.2623901367188,274.5806884765625,737.7837524414062,303.56170654296875,726.4835815429688,303.61419677734375
723.9797973632812,205.10934448242188,725.633544921875,202.50491333007812,722.2736206054688,202.6085205078125,729.4910888671875,202.10311889648438,719.710693359375,202.3773956298828,736.4256591796875,212.77297973632812,714.9151611328125,213.6457061767578,746.22216796875,226.3809051513672,707.3909912109375,228.70533752441406,743.6026611328125,238.74124145507812,705.3391723632812,243.06219482421875,733.877197265625,247.75100708007812,720.506591796875,247.89462280273438,732.5223388671875,278.4685974121094,718.7694091796875,278.7601013183594,730.7620239257812,308.18560791015625,718.7449951171875,308.92950439453125
723.8851318359375,205.14251708984375,725.5341796875,202.53567504882812,722.1788330078125,202.64732360839844,729.39697265625,202.13775634765625,719.6282348632812,202.435546875,736.3717651367188,212.78955078125,714.858154296875,213.70823669433594,746.227294921875,226.36778259277344,707.3982543945312,228.7548828125,743.6031494140625,238.77944946289062,705.3859252929688,243.06585693359375,733.8507690429688,247.75042724609375,720.472900390625,247.91616821289062,732.53076171875,278.4380798339844,718.759765625,278.7657165527344,730.759033203125,308.0848083496094,718.70947265625,308.8752746582031
718.306884765625,209.46018981933594,720.3448486328125,206.79782104492188,716.958251953125,206.7830352783203,725.4178466796875,206.04660034179688,715.510986328125,206.11795043945312,732.63916015625,216.12709045410156,711.0699462890625,217.04306030273438,742.7872924804688,230.0192413330078,703.819580078125,233.61871337890625,743.824951171875,241.16983032226562,700.27294921875,249.2808837890625,727.7257080078125,250.99038696289062,714.3326416015625,250.9921875,725.5835571289062,282.2955627441406,711.2103271484375,282.2280578613281,723.9312133789062,313.0513916015625,710.3360595703125,313.19171142578125
714.6229858398438,211.150390625,716.5433959960938,208.1090087890625,712.7688598632812,208.29278564453125,720.2719116210938,208.21620178222656,710.0575561523438,208.78819274902344,728.6138916015625,220.576171875,705.3176879882812,221.23489379882812,738.8047485351562,236.35818481445312,697.9422607421875,237.14535522460938,738.3506469726562,251.37847900390625,694.0576171875,251.30014038085938,723.0004272460938,257.1156005859375,708.0519409179688,256.98980712890625,724.227294921875,286.807861328125,702.3552856445312,286.7515869140625,723.3839111328125,315.6226806640625,698.0462646484375,315.5269775390625
710.0128173828125,217.03494262695312,711.6173706054688,214.64564514160156,708.4107055664062,214.60409545898438,714.7711791992188,215.2125701904297,705.7645263671875,215.24349975585938,721.85546875,225.77137756347656,699.9439697265625,227.35899353027344,734.2103881835938,235.88430786132812,692.910400390625,242.58840942382812,734.1384887695312,243.02725219726562,691.5064086914062,258.4884338378906,718.5765991210938,256.5267028808594,703.1557006835938,257.001220703125,721.9368286132812,284.5069580078125,693.9552612304688,284.5641784667969,723.96826171875,313.27032470703125,688.5769653320312,312.728759765625
698.2284545898438,216.753173828125,700.1422119140625,214.45127868652344,696.6921997070312,214.3903045654297,704.7574462890625,215.61099243164062,695.7557373046875,215.5020751953125,713.4551391601562,228.2548828125,692.613525390625,227.771728515625,722.079833984375,243.12945556640625,687.92529296875,242.02728271484375,719.2791137695312,256.5171203613281,685.0613403320312,256.5248107910156,714.1321411132812,259.5438232421875,698.916015625,258.8638916015625,718.9606323242188,286.1172790527344,688.1986694335938,285.15582275390625,724.0781860351562,315.1685791015625,681.5789794921875,313.2919921875
691.9175415039062,223.24107360839844,693.3194580078125,220.82028198242188,690.7809448242188,220.8994598388672,697.2984619140625,220.2264862060547,690.3696899414062,220.46095275878906,705.78515625,229.05665588378906,686.9359741210938,228.5020294189453,717.7576904296875,241.49954223632812,679.477783203125,236.13323974609375,719.3406982421875,254.530517578125,676.8287963867188,235.89166259765625,707.9669189453125,258.70281982421875,693.9334106445312,258.6213684082031,713.9404296875,286.0287780761719,682.3308715820312,287.19744873046875,722.4769287109375,314.38385009765625,675.5410766601562,316.9408874511719
