x0,y0,x1,y1,x2,y2,x3,y3,x4,y4,x5,y5,x6,y6,x7,y7,x8,y8,x9,y9,x10,y10,x11,y11,x12,y12,x13,y13,x14,y14,x15,y15,x16,y16
638.8749389648438,385.89068603515625,636.4203491210938,382.14508056640625,638.7537231445312,382.9989318847656,625.0161743164062,383.7487487792969,640.7465209960938,386.3297119140625,614.6279907226562,400.0305480957031,644.273681640625,405.1519470214844,605.6369018554688,403.849365234375,656.1954956054688,414.815185546875,615.1875610351562,395.38580322265625,659.7877807617188,408.26165771484375,615.8438720703125,452.14935302734375,634.6498413085938,454.35028076171875,621.9652099609375,488.60992431640625,633.3189697265625,491.1446533203125,619.3963012695312,522.9739990234375,626.4327392578125,527.39453125
637.2050170898438,386.1488342285156,635.01171875,382.5479736328125,637.5089721679688,383.2222900390625,625.1650390625,384.6272888183594,641.6019287109375,386.67401123046875,615.718505859375,401.1927795410156,646.4151611328125,405.44091796875,606.624267578125,403.90655517578125,659.576904296875,413.15692138671875,613.4749755859375,393.8788146972656,660.9254150390625,404.335693359375,616.8676147460938,453.12530517578125,636.2366333007812,454.8719482421875,621.4049682617188,489.49822998046875,633.4362182617188,491.84375,619.5037231445312,523.930908203125,626.9249877929688,528.2042846679688
638.5947265625,386.052734375,636.27880859375,382.7708435058594,638.3003540039062,383.3457336425781,626.017578125,386.1385192871094,641.21240234375,387.921142578125,615.8402709960938,402.4432678222656,645.6640014648438,406.723388671875,607.693115234375,403.1814270019531,660.1639404296875,411.67645263671875,612.923095703125,393.86358642578125,659.3242797851562,402.3004150390625,617.2079467773438,453.0135498046875,635.5511474609375,455.1212463378906,621.4190673828125,489.5433349609375,632.0149536132812,492.9197998046875,621.198974609375,523.289794921875,622.9074096679688,529.0296630859375
641.863037109375,386.7100830078125,639.0350341796875,383.29638671875,641.1055297851562,384.0216064453125,626.7251586914062,386.425048828125,641.211181640625,388.5410461425781,615.8678588867188,403.3258056640625,644.703857421875,407.4169616699219,605.5440673828125,407.5870666503906,658.9506225585938,412.7372131347656,609.2379150390625,400.5265197753906,659.2158203125,401.15716552734375,617.4100341796875,454.34942626953125,634.9529418945312,456.4799499511719,622.04296875,490.8642578125,631.235595703125,494.18389892578125,621.0250854492188,524.2987670898438,621.215087890625,529.950927734375
643.7955932617188,387.35064697265625,640.7460327148438,383.90789794921875,642.7977905273438,384.7021179199219,627.234619140625,386.51043701171875,640.7724609375,388.84619140625,616.1155395507812,403.737060546875,643.1551513671875,407.8094787597656,606.1636352539062,413.6399230957031,659.3961181640625,415.40496826171875,610.4402465820312,408.70660400390625,663.3005981445312,400.4116516113281,618.2196044921875,455.2481384277344,634.5201416015625,457.57818603515625,623.370849609375,491.720458984375,631.0350341796875,495.4769287109375,621.373291015625,524.359619140625,620.0994262695312,531.40087890625
644.5548706054688,387.4091796875,641.8269653320312,384.0782775878906,644.2177734375,384.75048828125,629.1774291992188,386.38189697265625,643.689453125,388.7735595703125,617.5900268554688,404.23095703125,645.7240600585938,408.2881774902344,606.7562255859375,421.1347351074219,659.7117919921875,419.37872314453125,606.8656616210938,424.6322326660156,660.9834594726562,405.5185241699219,619.0633544921875,455.8377380371094,636.0357055664062,458.25445556640625,624.1224975585938,492.10198974609375,632.0909423828125,496.908447265625,622.1942749023438,524.1053466796875,619.4390258789062,532.8395385742188
645.99267578125,388.56951904296875,643.0928344726562,385.544921875,646.232421875,386.1439208984375,631.1024780273438,387.7797546386719,646.6226806640625,389.89556884765625,622.7132568359375,405.414794921875,647.8888549804688,409.6513671875,612.6612548828125,425.68975830078125,661.148681640625,426.7589111328125,603.24658203125,430.5411071777344,658.8148803710938,411.7242126464844,622.165283203125,456.0657043457031,636.7546997070312,457.73297119140625,627.1658325195312,491.202880859375,632.961181640625,496.130859375,624.8202514648438,519.9915771484375,617.419189453125,529.66015625
647.1634521484375,391.25823974609375,644.6049194335938,387.9181823730469,647.0526733398438,388.38531494140625,632.6703491210938,390.18389892578125,647.2869873046875,392.05706787109375,621.6832275390625,408.81866455078125,648.95458984375,412.41973876953125,610.7415771484375,431.4708557128906,660.7951049804688,429.8146057128906,606.942138671875,438.2005615234375,659.24951171875,419.8473815917969,621.5982666015625,457.4880676269531,637.905517578125,459.5830078125,626.2622680664062,493.02972412109375,632.1315307617188,497.7225341796875,624.9450073242188,524.5552978515625,618.15478515625,532.7905883789062
650.3115234375,392.5247802734375,647.3436889648438,388.8490295410156,649.382568359375,389.4930725097656,635.0451049804688,391.18511962890625,648.6444702148438,392.7376708984375,624.1639404296875,410.0570373535156,650.6110229492188,413.1258544921875,613.940185546875,431.6535339355469,654.5138549804688,435.90570068359375,614.1689453125,445.2315979003906,653.211181640625,449.3383483886719,622.9424438476562,458.0538330078125,639.2846069335938,459.7198486328125,630.035400390625,494.58575439453125,634.24951171875,496.76593017578125,627.1160888671875,527.219482421875,618.4450073242188,529.8555297851562
650.8707885742188,393.2494812011719,648.0335693359375,389.6303405761719,650.2739868164062,390.40399169921875,636.396484375,391.77490234375,650.0471801757812,393.88983154296875,625.7290649414062,410.3587646484375,650.9857788085938,414.4977111816406,616.6394653320312,432.99346923828125,653.1864013671875,438.4826354980469,618.0157470703125,445.6434326171875,652.768798828125,449.6213684082031,623.5055541992188,458.37152099609375,639.3480834960938,460.6703796386719,632.3475341796875,493.60693359375,638.3515625,496.78814697265625,628.8799438476562,524.671630859375,622.3294677734375,528.8809204101562
651.2189331054688,393.9040832519531,648.90576171875,390.1907043457031,651.1015014648438,391.1529846191406,639.5618896484375,391.99700927734375,653.583251953125,394.6591796875,628.6824951171875,410.2669372558594,653.8489990234375,414.9731140136719,621.7431030273438,433.1861877441406,651.4990234375,440.2129821777344,627.0540161132812,450.2583312988281,650.6587524414062,456.1711730957031,621.573974609375,457.88934326171875,638.4774780273438,460.4483337402344,634.3876953125,491.99951171875,646.267333984375,495.57611083984375,627.1156616210938,521.8413696289062,630.948974609375,526.9926147460938
656.6070556640625,398.3587646484375,653.4638671875,394.3818054199219,655.7771606445312,395.4676818847656,641.4920654296875,394.89251708984375,654.7913208007812,397.5389404296875,629.9347534179688,411.619140625,653.7529296875,415.47698974609375,623.2821655273438,434.90765380859375,649.6841430664062,440.7589111328125,630.6436157226562,453.7748107910156,650.47509765625,460.1896057128906,621.6878662109375,457.9332580566406,638.5054931640625,460.1408386230469,636.3043823242188,492.41693115234375,651.769775390625,494.76495361328125,626.3245239257812,522.8502807617188,638.2366943359375,525.9357299804688
658.1290893554688,400.4205627441406,655.0677490234375,396.39556884765625,657.2341918945312,397.51824951171875,642.8781127929688,396.6045837402344,655.5075073242188,399.4585876464844,631.0194091796875,413.01422119140625,653.91162109375,417.71575927734375,625.156982421875,436.5628662109375,649.865966796875,444.2835693359375,632.1959228515625,456.83050537109375,650.8758544921875,465.4486083984375,622.87109375,459.80450439453125,639.4679565429688,462.41448974609375,636.4484252929688,494.25115966796875,654.4061889648438,497.1104736328125,628.7346801757812,526.1182861328125,645.3008422851562,530.0803833007812
660.1454467773438,402.26495361328125,656.9957275390625,398.2742004394531,658.99658203125,399.40216064453125,644.28955078125,398.71929931640625,655.996337890625,401.55584716796875,632.037109375,415.1624755859375,654.6007080078125,419.87750244140625,623.802490234375,438.1983337402344,650.8964233398438,446.30853271484375,626.1682739257812,458.9724426269531,651.0218505859375,468.9010925292969,624.169677734375,460.1735534667969,640.8447265625,462.7165222167969,635.5382690429688,494.61785888671875,657.052978515625,497.2318115234375,631.3157958984375,530.68359375,654.8408203125,534.1586303710938
662.3130493164062,404.67388916015625,659.1988525390625,400.6426696777344,661.1450805664062,401.9860534667969,646.744140625,400.8965148925781,657.042724609375,404.43890380859375,634.0692749023438,417.74493408203125,654.2193603515625,423.64312744140625,620.7133178710938,439.14898681640625,650.8194580078125,449.81988525390625,614.9217529296875,459.4622497558594,652.6902465820312,472.8252868652344,625.0955810546875,464.374755859375,639.5756225585938,467.3393859863281,635.8458251953125,498.14837646484375,655.6998901367188,501.679443359375,632.6310424804688,532.392822265625,654.7847290039062,538.05615234375
662.8446655273438,406.8556823730469,659.8004150390625,402.91131591796875,662.1013793945312,404.21673583984375,646.9674682617188,403.4298400878906,659.5322265625,407.07080078125,633.2814331054688,421.0035095214844,658.0299682617188,426.29998779296875,618.787109375,444.3801574707031,655.6851806640625,451.6090087890625,613.6201782226562,467.43243408203125,657.8283081054688,472.52508544921875,622.898193359375,467.36956787109375,639.7638549804688,469.9984436035156,635.4779663085938,499.33624267578125,656.9256591796875,502.658447265625,632.3427734375,532.565185546875,654.2965698242188,538.1580810546875
663.70703125,408.2082214355469,660.5922241210938,404.19873046875,662.6472778320312,405.5869140625,647.5308837890625,404.524169921875,659.1755981445312,408.3061218261719,633.635986328125,421.34039306640625,657.6930541992188,427.09454345703125,618.6635131835938,443.26715087890625,656.032470703125,451.955810546875,611.9348754882812,464.87652587890625,657.7565307617188,472.2526550292969,622.5279541015625,466.6985168457031,638.802734375,469.5378723144531,636.7227783203125,499.59637451171875,657.95556640625,503.14239501953125,632.7904663085938,533.1342163085938,654.5890502929688,539.0220336914062
664.4349365234375,408.3430480957031,660.6266479492188,404.7289733886719,663.639404296875,405.92523193359375,645.7005004882812,405.1475830078125,660.031982421875,408.3094482421875,632.3087768554688,419.0876159667969,659.3375854492188,424.7655944824219,618.5511474609375,441.40203857421875,659.4035034179688,450.8786926269531,612.5789794921875,465.3713073730469,657.4522705078125,473.7299499511719,623.56640625,463.641845703125,642.0549926757812,466.481689453125,635.2753295898438,497.74444580078125,657.2413330078125,501.2071533203125,635.8908081054688,533.7175903320312,658.4688720703125,538.811767578125
666.0164794921875,408.9003601074219,662.2650756835938,405.2486572265625,665.2825317382812,406.429931640625,647.567138671875,405.23046875,661.8268432617188,408.39166259765625,633.680419921875,418.3528747558594,661.0829467773438,424.08270263671875,619.2625732421875,439.7915344238281,660.4340209960938,449.2683410644531,612.5444946289062,462.595458984375,656.8871459960938,470.9461364746094,623.42919921875,462.80224609375,642.5291748046875,465.6900939941406,634.8713989257812,494.88287353515625,660.1843872070312,498.54986572265625,632.5017700195312,531.94287109375,660.5589599609375,537.4412841796875
666.8594360351562,411.0329284667969,662.9868774414062,407.2849426269531,666.5249633789062,408.64154052734375,648.528564453125,406.80267333984375,664.3380126953125,410.5715026855469,634.91015625,419.24334716796875,663.607666015625,426.3807067871094,620.1338500976562,439.3966979980469,661.1760864257812,450.9168395996094,612.0953979492188,461.769287109375,654.5849609375,470.538330078125,624.279541015625,464.534912109375,644.395751953125,468.0865783691406,634.7032470703125,494.2021484375,661.8336791992188,499.06610107421875,632.2960205078125,530.71533203125,662.5214233398438,537.7889404296875
668.05419921875,414.089111328125,665.5116577148438,410.04998779296875,667.4487915039062,411.3551025390625,652.878173828125,408.85028076171875,664.9542846679688,413.1712951660156,637.5401611328125,423.109130859375,662.930908203125,430.860107421875,620.5352172851562,441.42669677734375,659.2864990234375,451.9151611328125,608.5404663085938,464.1208801269531,651.8795776367188,467.6990966796875,624.3588256835938,467.4886779785156,642.310546875,471.3858642578125,631.9564208984375,496.33282470703125,661.0062255859375,502.619873046875,625.971435546875,528.3380737304688,659.1593017578125,538.6407470703125
667.5463256835938,418.396728515625,665.6748657226562,414.3396911621094,667.0841064453125,415.74627685546875,654.5994873046875,412.90191650390625,665.1959228515625,417.7290344238281,639.0398559570312,426.71954345703125,662.300537109375,435.4422607421875,620.6513061523438,443.66046142578125,658.6702880859375,457.0664978027344,609.5633544921875,467.4769592285156,655.493896484375,475.9172668457031,623.5850830078125,469.3918151855469,640.5626220703125,473.60546875,627.0068969726562,498.10107421875,660.2158813476562,504.685791015625,621.2184448242188,529.9713745117188,663.5469970703125,540.7439575195312
668.197509765625,422.6387023925781,666.3673095703125,418.730224609375,667.8621215820312,420.2744140625,655.34375,417.97998046875,666.5348510742188,423.2621765136719,638.845947265625,432.8768005371094,663.8546752929688,442.5466003417969,616.8973999023438,450.05450439453125,662.4220581054688,466.9366149902344,603.3303833007812,472.70806884765625,662.474853515625,486.7121887207031,621.3738403320312,475.75738525390625,639.4710083007812,480.17218017578125,624.8096923828125,502.90789794921875,661.1698608398438,509.523193359375,619.4598388671875,533.266357421875,667.8768310546875,543.6309814453125
668.5136108398438,430.6738586425781,666.5186767578125,427.02545166015625,669.092529296875,428.3587646484375,655.8527221679688,425.97357177734375,667.530517578125,431.11181640625,639.071044921875,438.3548278808594,663.318115234375,449.20098876953125,614.8560180664062,451.48492431640625,665.6566772460938,473.9889221191406,597.9456176757812,471.45111083984375,670.9776000976562,494.29229736328125,622.2864379882812,480.41436767578125,639.4873046875,485.0719909667969,627.3911743164062,506.9208984375,662.5930786132812,513.97509765625,620.2149658203125,536.1433715820312,668.4844970703125,546.7655639648438
670.4463500976562,434.4207458496094,668.2708129882812,430.6854248046875,670.5311279296875,432.0450439453125,656.403564453125,429.6224670410156,667.16552734375,434.82183837890625,637.9442749023438,440.89697265625,663.8764038085938,453.1172790527344,611.9630126953125,448.7304382324219,671.2930908203125,477.6246032714844,593.5076293945312,462.2021179199219,679.4852905273438,497.3082275390625,622.1116333007812,483.0406188964844,639.9462280273438,488.2159423828125,628.9591064453125,505.336669921875,665.3434448242188,512.705078125,619.70654296875,534.7781982421875,669.4094848632812,545.3867797851562
669.9361572265625,437.48040771484375,667.69287109375,433.78961181640625,669.9789428710938,435.0073547363281,655.941162109375,432.7949523925781,666.5851440429688,437.4967041015625,637.5905151367188,444.23443603515625,665.3989868164062,455.60150146484375,612.215576171875,453.28118896484375,676.1062622070312,479.88348388671875,594.8126831054688,466.4012145996094,685.4378662109375,498.71319580078125,625.1726684570312,487.4317626953125,644.1944580078125,492.3026123046875,630.0145874023438,504.39398193359375,667.8077392578125,511.37432861328125,618.37451171875,534.2523193359375,668.8406372070312,544.3902587890625
670.8265991210938,438.4700927734375,668.0120849609375,434.60577392578125,670.212158203125,436.078369140625,656.5928955078125,435.3819885253906,668.8275756835938,439.33404541015625,643.6854858398438,449.0701904296875,670.751708984375,458.7557067871094,624.32373046875,457.52191162109375,683.595458984375,482.60888671875,610.5155029296875,465.16510009765625,690.8929443359375,501.99188232421875,632.669921875,492.64337158203125,651.2941284179688,496.83544921875,634.1732177734375,509.96832275390625,671.5357666015625,515.1232299804688,620.7269287109375,537.1008911132812,673.3072509765625,545.1858520507812
666.093505859375,437.9378662109375,664.0556030273438,434.537841796875,666.7525024414062,435.6123046875,654.5430908203125,435.1030578613281,667.4708251953125,439.3160400390625,639.5135498046875,448.43267822265625,669.6868286132812,460.10565185546875,617.873046875,457.77545166015625,681.4193115234375,486.1396179199219,598.8624267578125,468.03033447265625,684.3738403320312,503.13525390625,632.9976196289062,493.384521484375,654.0881958007812,498.19866943359375,628.0697631835938,505.61749267578125,669.1732788085938,513.0650024414062,619.413818359375,535.72705078125,674.438720703125,546.3402709960938
666.0194091796875,436.32470703125,664.0040893554688,433.0708923339844,666.016845703125,433.9967346191406,654.0553588867188,434.4154052734375,666.2828979492188,437.71112060546875,640.1992797851562,447.89794921875,668.0795288085938,458.17315673828125,619.524658203125,452.9869384765625,677.0795288085938,484.1815185546875,603.8499755859375,453.41400146484375,680.285400390625,502.974609375,633.6820068359375,492.48883056640625,653.4575805664062,496.57708740234375,629.43896484375,510.39373779296875,668.3203735351562,515.6698608398438,620.2037353515625,541.4851684570312,672.3363037109375,548.3612670898438
663.0252685546875,434.3209228515625,660.87890625,431.0352783203125,663.007568359375,431.91729736328125,650.2918090820312,431.92633056640625,663.3307495117188,435.02557373046875,637.0809326171875,446.32232666015625,664.6615600585938,454.5767517089844,617.6781005859375,456.4045104980469,671.5794677734375,480.7916259765625,606.2167358398438,461.69573974609375,675.75732421875,500.2210693359375,630.7630004882812,491.50128173828125,650.4541015625,494.80218505859375,627.4042358398438,514.2898559570312,663.7693481445312,518.166259765625,623.1830444335938,546.1422119140625,671.7166748046875,550.7455444335938
654.8117065429688,433.9214782714844,653.696533203125,430.8421936035156,656.0150146484375,431.1661071777344,647.04638671875,431.7210693359375,660.4539794921875,433.54248046875,635.1380615234375,446.7474365234375,661.51416015625,452.0682067871094,613.5069580078125,459.897705078125,663.9151611328125,477.8846130371094,597.7947998046875,471.50732421875,664.323486328125,501.00201416015625,628.85986328125,491.365234375,647.7750854492188,493.090087890625,624.6209716796875,519.1232299804688,658.4534912109375,521.575439453125,624.8388061523438,552.265380859375,670.3901977539062,554.497314453125
651.918212890625,433.0531005859375,650.5272216796875,429.89703369140625,652.280029296875,430.1413269042969,642.2723999023438,431.18255615234375,655.5917358398438,432.35809326171875,631.804443359375,447.4959716796875,657.8644409179688,450.7781677246094,615.2066650390625,465.5835876464844,661.3397827148438,476.0819091796875,602.6836547851562,478.7909240722656,659.7613525390625,495.8280029296875,627.7595825195312,491.716796875,646.1302490234375,493.0416259765625,624.183349609375,523.0853881835938,654.4481201171875,524.8051147460938,625.8004150390625,555.597900390625,664.1260375976562,557.0980834960938
645.3845825195312,436.22821044921875,644.4686889648438,433.14984130859375,645.9869384765625,433.0902099609375,637.80908203125,434.4207763671875,650.7228393554688,434.744384765625,628.2695922851562,450.69189453125,653.825927734375,452.63555908203125,615.88818359375,470.2452392578125,656.6087036132812,476.7459716796875,605.5689697265625,483.7608642578125,651.1635131835938,494.69232177734375,626.0115966796875,495.26617431640625,644.0459594726562,496.18353271484375,624.3026733398438,526.7006225585938,651.486572265625,528.2936401367188,626.3912353515625,559.114013671875,658.6636962890625,561.1126708984375
641.2466430664062,437.0314025878906,639.8286743164062,433.86944580078125,642.091796875,433.822265625,632.9961547851562,436.4256286621094,648.4225463867188,436.4465637207031,625.3760375976562,454.7315673828125,653.2822265625,455.06573486328125,616.127685546875,476.27093505859375,653.3578491210938,477.33282470703125,608.2994995117188,494.24822998046875,645.9246826171875,495.97833251953125,625.098876953125,501.16595458984375,644.5850830078125,501.3682861328125,621.076416015625,534.5455322265625,648.1458740234375,535.1262817382812,626.8079833984375,568.133056640625,655.9056396484375,567.8973999023438
626.8365478515625,441.94476318359375,627.3858032226562,439.3640441894531,629.4405517578125,438.5025329589844,628.6810302734375,442.7344970703125,643.0308227539062,440.7375793457031,624.7922973632812,461.5516662597656,650.7164916992188,459.24798583984375,615.1592407226562,484.2393493652344,651.3611450195312,481.6534423828125,604.3472900390625,500.8804931640625,640.784423828125,498.3289794921875,625.3695678710938,507.78302001953125,644.4577026367188,506.3385009765625,615.013671875,540.4600219726562,645.11083984375,539.8529052734375,621.7047119140625,572.72265625,657.9055786132812,571.3739013671875
622.2483520507812,447.279296875,623.5714721679688,444.60870361328125,624.6773681640625,443.64837646484375,625.624267578125,449.19525146484375,638.027099609375,447.0401611328125,621.166259765625,470.57904052734375,646.1651611328125,467.58160400390625,615.334716796875,493.7965087890625,643.523193359375,487.91302490234375,609.3984985351562,510.5860595703125,633.237060546875,505.85430908203125,623.9415893554688,516.2135620117188,642.6827392578125,514.956298828125,611.4290161132812,549.3389282226562,644.8434448242188,548.5146484375,617.6651000976562,580.674072265625,658.669921875,579.4898681640625
620.2504272460938,452.5511169433594,619.626708984375,450.0135192871094,620.9458618164062,448.8765869140625,617.1644897460938,455.5535583496094,631.5397338867188,451.4087829589844,615.6924438476562,478.88983154296875,639.39599609375,470.0072937011719,609.3120727539062,504.81781005859375,640.1671142578125,490.9552001953125,601.1529541015625,515.7802124023438,628.3225708007812,507.6304931640625,623.0296020507812,523.2465209960938,641.66796875,518.7471313476562,606.1135864257812,557.0841064453125,641.3486328125,550.5189208984375,607.54931640625,591.4540405273438,655.7891235351562,579.396728515625
613.097412109375,462.3144226074219,612.7090454101562,459.63897705078125,613.7628173828125,458.352294921875,611.4556884765625,463.5537414550781,624.5054931640625,458.8533020019531,613.15087890625,484.2439880371094,630.7023315429688,474.8785705566406,607.8799438476562,510.08795166015625,625.8912353515625,497.24713134765625,594.8113403320312,520.96728515625,607.5115356445312,517.2557983398438,622.4799194335938,527.6339721679688,637.9490356445312,522.7877807617188,603.0560302734375,560.7583618164062,637.8486938476562,553.65771484375,602.9625854492188,596.6289672851562,656.548583984375,583.4198608398438
602.2843017578125,465.5081481933594,602.6036376953125,463.0308532714844,603.41064453125,461.65570068359375,603.8475341796875,467.58251953125,616.3067626953125,462.7427673339844,607.2716674804688,489.09014892578125,623.1869506835938,479.4603576660156,601.8515014648438,514.7801513671875,617.7889404296875,501.53582763671875,587.7283935546875,519.7688598632812,598.6432495117188,516.341796875,616.591796875,532.1292114257812,630.9230346679688,527.1094970703125,598.3524169921875,563.8861083984375,631.65576171875,556.6947021484375,604.248291015625,595.8924560546875,655.6244506835938,583.3223876953125
592.6817016601562,466.28790283203125,595.37890625,464.3260498046875,594.39794921875,462.40130615234375,599.7433471679688,468.3492126464844,604.8065795898438,463.5245361328125,602.12939453125,488.28460693359375,606.1920166015625,481.42901611328125,595.5385131835938,513.0537719726562,599.8871459960938,500.248046875,576.347412109375,521.2963256835938,580.1131591796875,506.533203125,611.618896484375,534.1829833984375,617.1884155273438,530.93115234375,596.22607421875,564.559814453125,618.9047241210938,561.9716186523438,607.2491455078125,591.9805297851562,645.3745727539062,589.336181640625
586.5404052734375,464.2518005371094,589.4522094726562,462.714599609375,588.2837524414062,460.4998779296875,593.5302734375,467.70458984375,598.5239868164062,461.85198974609375,594.90380859375,489.42999267578125,598.9929809570312,479.2438659667969,585.516845703125,516.66357421875,591.837646484375,491.81829833984375,566.91552734375,521.6444702148438,572.1937255859375,489.67425537109375,608.8649291992188,533.3764038085938,612.0098266601562,529.1673583984375,603.9921875,565.8184814453125,607.0732421875,561.5143432617188,621.469970703125,593.8089599609375,626.5799560546875,589.0368041992188
582.1166381835938,463.5843505859375,582.5885009765625,461.0887145996094,583.8294067382812,459.7389221191406,582.4727172851562,464.7730407714844,595.267333984375,460.67059326171875,587.4537353515625,485.44769287109375,595.67822265625,479.99041748046875,584.72216796875,512.0128173828125,589.4968872070312,502.47210693359375,567.161376953125,510.06048583984375,566.1861572265625,502.3013916015625,603.483642578125,533.3683471679688,608.3539428710938,531.1443481445312,606.9130249023438,566.6526489257812,600.0879516601562,564.81689453125,626.5325927734375,596.3963623046875,612.0436401367188,594.14208984375
583.3594360351562,456.31170654296875,581.7120971679688,453.50823974609375,583.1419067382812,452.7987060546875,577.0004272460938,458.3363342285156,591.541748046875,454.75604248046875,581.58203125,481.58514404296875,592.3383178710938,471.201416015625,583.00244140625,508.71905517578125,586.02783203125,488.816162109375,581.7986450195312,524.2398071289062,571.6913452148438,502.1822509765625,591.755615234375,527.4801635742188,601.9689331054688,522.9912109375,595.6061401367188,566.5847778320312,611.73583984375,559.2416381835938,603.5545043945312,603.869140625,632.7684936523438,590.4339599609375
588.4190063476562,449.3728942871094,585.2405395507812,446.77587890625,587.069091796875,446.2255554199219,573.8099975585938,452.8433532714844,588.212890625,449.4537658691406,573.8284912109375,475.35931396484375,588.0166625976562,465.3338928222656,568.9428100585938,494.72802734375,587.3140258789062,475.4728088378906,568.806884765625,502.0814208984375,581.09814453125,485.9797668457031,583.52392578125,520.0255737304688,594.4395751953125,515.938232421875,591.3782958984375,560.26513671875,604.4158325195312,552.03564453125,600.2998657226562,598.3733520507812,620.89599609375,584.116455078125
581.3790283203125,440.23065185546875,579.0753784179688,438.15380859375,579.9912109375,437.3860778808594,570.7374877929688,447.1821594238281,583.5294799804688,442.7296447753906,572.4796752929688,470.13043212890625,584.8474731445312,456.4560852050781,565.7354125976562,471.40789794921875,584.7361450195312,443.545166015625,563.0943603515625,456.75775146484375,577.5886840820312,434.70550537109375,580.6022338867188,513.17041015625,589.8367309570312,507.4468994140625,579.8406982421875,555.7594604492188,596.3873901367188,544.8428955078125,590.3655395507812,594.6119384765625,618.6643676757812,576.0575561523438
571.2910766601562,437.8229675292969,572.943115234375,435.2525634765625,571.2237548828125,435.1964111328125,571.4940185546875,441.4927978515625,572.9375,442.70599365234375,572.404541015625,454.61669921875,565.0631103515625,464.4686279296875,573.7167358398438,439.61572265625,572.573486328125,463.97314453125,565.5711669921875,425.2628173828125,565.4139404296875,454.369140625,581.6134033203125,503.028564453125,573.500732421875,508.49188232421875,591.2410888671875,542.4903564453125,571.310791015625,552.2434692382812,617.2758178710938,570.989013671875,586.6959228515625,588.8333740234375
573.921142578125,431.8409423828125,572.411376953125,429.748779296875,572.364990234375,430.02459716796875,564.458251953125,440.66412353515625,574.706298828125,440.6744689941406,566.575439453125,457.73443603515625,570.8064575195312,458.00396728515625,563.2547607421875,429.9292907714844,574.4889526367188,442.8279724121094,562.2596435546875,397.2745056152344,571.653076171875,429.40008544921875,567.30810546875,502.5750732421875,570.0513916015625,502.38067626953125,566.14599609375,545.25439453125,576.674560546875,542.876220703125,588.5841674804688,578.1370239257812,609.847900390625,571.0638427734375
567.4151000976562,439.2759094238281,567.4360961914062,437.0657958984375,566.5485229492188,436.66790771484375,562.6116943359375,446.31390380859375,568.9176025390625,445.06536865234375,564.772705078125,462.0578918457031,562.5577392578125,459.34576416015625,565.1009521484375,431.71954345703125,568.588134765625,429.3168029785156,565.4668579101562,406.6442565917969,564.4497680664062,409.20831298828125,562.95166015625,508.2366943359375,559.6055297851562,507.57940673828125,568.7814331054688,548.5101318359375,565.2199096679688,546.9918823242188,594.1290893554688,578.1355590820312,591.0423583984375,575.2511596679688
571.5308227539062,445.58343505859375,569.6559448242188,442.1339111328125,571.3665771484375,442.3220520019531,557.1884765625,444.7109680175781,569.809326171875,445.974365234375,546.38525390625,460.8218994140625,568.9168090820312,462.0007019042969,542.7713623046875,465.4705505371094,585.3945922851562,462.7796630859375,552.6471557617188,475.078857421875,599.5519409179688,463.5541687011719,544.5059204101562,508.66339111328125,558.1409301757812,510.2938232421875,559.9760131835938,544.03125,578.1698608398438,545.7034912109375,577.06298828125,577.341552734375,595.3333129882812,581.02294921875
568.4230346679688,448.39251708984375,568.9558715820312,444.6903991699219,565.3914184570312,445.60186767578125,562.7567138671875,445.5762939453125,555.958984375,448.89111328125,561.29931640625,453.9700012207031,541.8463745117188,467.90667724609375,580.845458984375,443.7825622558594,540.1160888671875,479.29937744140625,595.4370727539062,436.0586242675781,546.9742431640625,473.1808166503906,555.8530883789062,506.1990966796875,542.1160888671875,513.8345947265625,570.607666015625,540.1934814453125,551.4317626953125,551.5902099609375,588.603759765625,570.421630859375,561.2431640625,588.1746826171875
554.076904296875,447.838623046875,554.7208251953125,444.28997802734375,555.1214599609375,443.8849792480469,550.2606201171875,448.78662109375,562.3825073242188,448.42034912109375,536.1956787109375,465.8562316894531,567.6878662109375,462.7300109863281,514.9806518554688,448.78973388671875,588.1497802734375,444.1864013671875,524.1534423828125,438.6685485839844,605.0637817382812,440.8121643066406,533.4584350585938,512.1655883789062,551.548583984375,510.96368408203125,545.4342651367188,551.9180908203125,564.3220825195312,548.6401977539062,556.6902465820312,589.6221313476562,575.2725219726562,584.4647827148438
548.9723510742188,449.6755065917969,549.6481323242188,446.3703918457031,550.5509643554688,445.7344970703125,545.1699829101562,450.55535888671875,557.958251953125,449.71917724609375,531.8892822265625,466.2205810546875,562.6007080078125,463.7480773925781,504.7377624511719,449.2969970703125,573.3917846679688,449.83013916015625,501.66375732421875,429.5098571777344,580.6715087890625,443.45513916015625,532.548828125,515.9041748046875,550.3159790039062,514.5577392578125,536.6570434570312,557.8233642578125,556.61279296875,554.7271728515625,553.1524047851562,596.1367797851562,570.7023315429688,590.8248291015625
535.282470703125,452.53826904296875,536.50634765625,450.20599365234375,536.4002075195312,450.1860046386719,538.2825927734375,456.78936767578125,547.7200927734375,456.9518737792969,534.6068115234375,472.66326904296875,551.88818359375,473.0099792480469,505.9055480957031,459.89837646484375,542.4857788085938,471.4067687988281,489.145263671875,428.4175720214844,528.9533081054688,459.4610900878906,530.6412353515625,523.9605712890625,541.9545288085938,522.8914184570312,527.1788330078125,564.052978515625,547.28125,561.5350341796875,541.9297485351562,602.8670654296875,565.8281860351562,595.4450073242188
527.6715698242188,463.3001708984375,529.9902954101562,460.6919860839844,529.0633544921875,459.73797607421875,535.02880859375,466.3417053222656,543.8035278320312,463.48602294921875,532.1275634765625,485.49603271484375,549.9786987304688,479.1875915527344,508.9017028808594,484.59637451171875,538.9198608398438,483.6560363769531,502.31744384765625,463.8822326660156,524.1607666015625,484.4783935546875,525.7057495117188,536.04296875,538.8965454101562,531.7659912109375,518.4451904296875,576.6600341796875,539.0487060546875,569.0447387695312,526.8163452148438,616.8408203125,556.1959228515625,601.8407592773438
522.1145629882812,473.5151672363281,522.5631713867188,470.8057861328125,523.1758422851562,470.0207214355469,523.1905517578125,475.5908203125,537.4613647460938,472.59893798828125,521.4523315429688,495.6585693359375,545.2939453125,488.2352294921875,509.1297607421875,508.40142822265625,544.278564453125,499.8126220703125,508.7933349609375,502.3348388671875,533.404052734375,506.068359375,519.1979370117188,546.8782958984375,536.3326416015625,542.8015747070312,507.7617492675781,588.605712890625,530.9902954101562,581.8857421875,517.273681640625,625.42529296875,545.2813110351562,613.2655639648438
518.1760864257812,484.4529724121094,518.1815795898438,481.2276306152344,519.2415161132812,481.0142822265625,517.521484375,484.3838806152344,533.6812744140625,483.13916015625,515.9783325195312,506.0860595703125,539.4815063476562,500.41650390625,500.5006103515625,527.9320068359375,527.1175537109375,518.1212158203125,501.5287780761719,517.6049194335938,509.1208190917969,513.3558959960938,513.20751953125,558.8265380859375,531.2435302734375,555.5616455078125,498.1569519042969,598.953857421875,522.4751586914062,593.7634887695312,504.0765075683594,638.4570922851562,535.066650390625,628.0781860351562
509.8145446777344,498.47332763671875,510.0135498046875,495.429931640625,511.40313720703125,494.5789794921875,512.0159912109375,498.9853515625,527.6806030273438,495.50958251953125,512.7960205078125,522.9708862304688,537.0267944335938,512.9134521484375,500.56231689453125,547.9156494140625,529.7625732421875,531.13671875,497.7041320800781,531.2601318359375,515.2452392578125,524.2906494140625,511.4826354980469,573.7892456054688,530.5116577148438,568.5308227539062,492.21087646484375,614.0538940429688,522.1790771484375,605.5360107421875,491.8485107421875,655.5126342773438,533.4432983398438,639.9651489257812
503.091796875,511.72412109375,502.43951416015625,509.15234375,504.5647277832031,508.13543701171875,502.30206298828125,513.6497192382812,518.611083984375,509.4620361328125,503.3856201171875,537.7259521484375,529.6908569335938,525.9344482421875,498.0552062988281,565.4034423828125,537.79052734375,538.2330322265625,496.6738586425781,563.1303100585938,534.5040893554688,530.9488525390625,507.9776611328125,584.28076171875,527.2860107421875,578.9739379882812,488.88287353515625,623.5941772460938,517.9149169921875,615.846923828125,490.0331726074219,659.86474609375,529.0296630859375,647.0703125
497.1939697265625,518.8526611328125,497.0545654296875,516.5850830078125,498.8743896484375,515.083740234375,496.6163330078125,522.5674438476562,511.41595458984375,517.6067504882812,495.7257080078125,547.4114990234375,523.2987060546875,536.6878662109375,496.1876525878906,576.0610961914062,535.8339233398438,552.698974609375,496.0986328125,573.2450561523438,532.2823486328125,545.7900390625,506.3599853515625,590.7611083984375,525.9765625,585.6768188476562,482.13824462890625,625.1325073242188,511.6495666503906,618.9201049804688,491.80145263671875,657.01806640625,524.1769409179688,648.7880249023438
497.4929504394531,522.8585815429688,496.9122619628906,521.0265502929688,498.6455078125,519.2535400390625,494.5995178222656,527.6370239257812,510.61639404296875,521.4068603515625,493.1461181640625,552.8816528320312,520.2130126953125,538.3956298828125,490.3381652832031,580.6383056640625,535.8676147460938,550.443115234375,491.6781005859375,580.3984375,536.22314453125,547.2366333007812,504.99322509765625,594.1201782226562,524.0428466796875,587.3596801757812,482.5225830078125,625.7034912109375,510.49346923828125,616.427978515625,488.7998962402344,655.5482177734375,525.058349609375,641.82177734375
503.8826904296875,518.8124389648438,502.091552734375,516.4402465820312,504.2079772949219,515.5039672851562,495.7562561035156,522.0875854492188,512.200439453125,518.295166015625,492.4714050292969,546.6937866210938,521.5308837890625,535.5744018554688,486.7195739746094,574.1365966796875,538.626708984375,546.2711181640625,488.6527099609375,578.58837890625,542.2189331054688,538.942626953125,504.5377197265625,590.683349609375,524.7841796875,585.7376708984375,485.385009765625,624.644775390625,515.0942993164062,617.874755859375,490.29608154296875,656.819091796875,528.818115234375,646.287353515625
511.7444763183594,512.856689453125,509.2709655761719,510.063232421875,511.9210510253906,509.634521484375,501.2755432128906,514.5782470703125,518.077392578125,512.22216796875,496.07305908203125,538.1870727539062,528.8408813476562,528.32763671875,488.3965759277344,565.6179809570312,543.5846557617188,534.593505859375,490.0617980957031,575.4339599609375,547.2132568359375,526.090087890625,503.5755310058594,583.417236328125,526.6286010742188,579.697265625,491.7811279296875,621.0647583007812,526.64013671875,615.3671875,487.69482421875,657.5549926757812,532.139892578125,647.9197387695312
515.9570922851562,503.81231689453125,513.7135620117188,501.0694580078125,516.13427734375,500.79046630859375,505.5970153808594,505.58941650390625,520.8953857421875,504.44134521484375,499.3016357421875,528.431884765625,530.9760131835938,521.055908203125,491.1810302734375,555.9827270507812,550.68994140625,527.7631225585938,488.2536315917969,571.1420288085938,553.3792724609375,510.8255615234375,504.2489318847656,575.3534545898438,526.4005737304688,572.28125,493.78131103515625,613.0883178710938,530.1458740234375,610.9841918945312,488.8865966796875,651.7493286132812,534.794921875,650.3551635742188
523.3143310546875,498.11773681640625,520.5823974609375,494.82666015625,523.0550537109375,495.04156494140625,511.7567138671875,497.95184326171875,527.1853637695312,497.695556640625,505.01025390625,519.8365478515625,537.72509765625,513.3528442382812,493.7422790527344,545.9310302734375,556.0098876953125,518.04931640625,490.109130859375,563.5868530273438,562.2748413085938,506.84442138671875,508.7918701171875,566.6812744140625,531.06884765625,564.37841796875,499.1161193847656,604.3016967773438,531.2088623046875,602.0171508789062,494.1115417480469,644.53515625,534.7566528320312,641.4641723632812
525.1965942382812,490.1728515625,523.4675903320312,486.81640625,525.7457885742188,486.81951904296875,515.31591796875,489.60662841796875,530.881103515625,489.9342041015625,505.4454650878906,510.8074951171875,540.9869384765625,507.90216064453125,496.0816650390625,537.3467407226562,560.4954833984375,514.925537109375,491.292236328125,561.479248046875,562.6889038085938,505.66400146484375,510.0599365234375,560.3975219726562,533.5632934570312,559.8394775390625,501.7066955566406,596.9450073242188,531.4669799804688,598.5633544921875,501.7698974609375,632.9779663085938,533.4331665039062,636.8770141601562
525.897216796875,483.3945617675781,524.680419921875,480.25714111328125,527.2355346679688,480.007568359375,517.4105224609375,483.0760498046875,533.5887451171875,483.4508056640625,507.41583251953125,502.96673583984375,542.2240600585938,503.7393798828125,500.3959655761719,527.7601928710938,563.4802856445312,518.2373046875,492.15087890625,552.1834716796875,563.3828125,515.4173583984375,513.534912109375,553.91943359375,536.208984375,554.6915893554688,506.9978332519531,590.2020874023438,535.2748413085938,594.658447265625,509.93145751953125,621.5614013671875,536.7398681640625,630.5752563476562
529.1111450195312,480.292236328125,527.8106689453125,477.0657958984375,530.5953369140625,476.8984680175781,520.1792602539062,479.17864990234375,536.7000732421875,479.8597717285156,508.9980163574219,498.0274658203125,545.322998046875,499.98724365234375,501.06304931640625,524.2632446289062,562.7575073242188,520.0712890625,494.6252136230469,548.472412109375,564.0198364257812,525.2600708007812,515.7152099609375,548.836669921875,539.6416625976562,550.0534057617188,507.5292663574219,585.281494140625,538.4624633789062,589.468505859375,514.4497680664062,616.9554443359375,542.6231079101562,624.5143432617188
533.0750732421875,477.71087646484375,531.380615234375,474.4415283203125,534.322021484375,474.3448181152344,522.804931640625,476.70855712890625,539.9154052734375,477.3248291015625,511.4229431152344,495.99627685546875,547.3631591796875,497.737548828125,503.8866271972656,522.9943237304688,560.1357421875,520.5770874023438,498.1612854003906,548.02880859375,558.63720703125,531.673828125,516.1460571289062,543.3630981445312,540.431640625,544.488037109375,511.3942565917969,577.4366455078125,542.8016357421875,580.826904296875,519.6629638671875,609.0411376953125,549.663818359375,614.8208618164062
540.067138671875,478.8985900878906,537.0721435546875,475.3202819824219,540.3988037109375,475.6438293457031,526.0453491210938,477.09674072265625,542.9992065429688,477.7904357910156,517.2842407226562,495.53826904296875,548.7164306640625,496.517333984375,510.0508728027344,522.0563354492188,554.5587768554688,522.552978515625,504.63861083984375,543.864501953125,551.767333984375,540.523681640625,519.0197143554688,539.332763671875,541.1720581054688,539.9862060546875,518.85986328125,570.290771484375,551.5078735351562,571.5275268554688,522.8253173828125,601.519775390625,559.819091796875,603.638427734375
542.0730590820312,480.7719421386719,539.451904296875,477.24554443359375,542.587646484375,477.6115417480469,529.3719482421875,478.5236511230469,545.8217163085938,479.55535888671875,519.9012451171875,496.38323974609375,550.7926635742188,498.16546630859375,513.0142822265625,522.9446411132812,554.3428955078125,524.288818359375,508.8424072265625,544.3185424804688,550.4595947265625,541.8053588867188,520.6725463867188,540.4887084960938,543.3053588867188,541.7343139648438,521.181640625,568.6727294921875,559.1534423828125,570.8139038085938,522.45556640625,600.2535400390625,568.4506225585938,603.8773193359375
542.4248046875,480.7847900390625,540.3406372070312,477.3238525390625,543.0408935546875,477.3913269042969,530.2911987304688,478.76080322265625,547.5790405273438,479.3642578125,519.5731201171875,496.859619140625,553.2973022460938,497.9017333984375,512.88037109375,523.1675415039062,555.6254272460938,520.6754760742188,507.3539123535156,547.7474975585938,543.8938598632812,535.3917236328125,521.23876953125,540.2666015625,544.9967651367188,541.3272094726562,524.5574951171875,570.929931640625,558.230224609375,573.5266723632812,535.3593139648438,599.906982421875,570.8787231445312,604.6014404296875
537.505859375,475.1851806640625,536.1422119140625,471.9885559082031,538.5715942382812,471.8334655761719,528.4898071289062,474.9940490722656,545.94189453125,475.0262451171875,518.7760009765625,494.99859619140625,553.2191162109375,495.4949951171875,511.3852233886719,518.7244873046875,557.0336303710938,516.115966796875,504.51544189453125,543.267333984375,544.9491577148438,531.7708740234375,523.5113525390625,540.2867431640625,547.679443359375,541.0238037109375,524.150146484375,570.5802612304688,557.7462158203125,573.0108032226562,535.6575927734375,597.7595825195312,572.0029296875,602.2349853515625
538.8094482421875,467.64306640625,536.4291381835938,464.4129943847656,539.008056640625,464.312744140625,525.2630004882812,468.106689453125,541.662109375,468.1398620605469,515.8037719726562,489.281494140625,549.3282470703125,488.7786865234375,510.40814208984375,512.5291137695312,557.1797485351562,502.25347900390625,501.9560852050781,537.1627807617188,545.53173828125,506.56964111328125,523.7385864257812,536.14990234375,547.2455444335938,536.8035278320312,522.6898803710938,565.28857421875,557.9932861328125,568.0147094726562,531.4625244140625,592.4712524414062,570.18310546875,597.8310546875
535.5523071289062,462.36920166015625,533.5464477539062,459.0506286621094,535.8351440429688,458.8668212890625,523.18115234375,462.0146789550781,538.3744506835938,461.92919921875,513.474365234375,482.2099914550781,546.9716796875,480.9999084472656,507.6783447265625,506.32196044921875,558.2347412109375,493.1552734375,501.340576171875,529.8973999023438,551.4398193359375,494.36395263671875,523.0401611328125,528.3319091796875,546.2217407226562,528.7822265625,520.48876953125,558.7765502929688,555.9312744140625,561.004150390625,530.0897827148438,587.464111328125,568.7305908203125,592.0162353515625
531.1463012695312,451.8349609375,529.9649047851562,448.9337158203125,531.86181640625,448.5487365722656,522.41162109375,452.78692626953125,536.5719604492188,452.2490234375,511.37408447265625,475.0252990722656,545.3718872070312,471.03350830078125,503.5008544921875,501.31365966796875,564.089599609375,476.2580261230469,497.8879699707031,527.098876953125,564.0203857421875,467.7260437011719,520.6976318359375,520.7103271484375,543.5704956054688,520.0809326171875,523.5469360351562,554.2138671875,554.6448364257812,555.5048217773438,528.9756469726562,585.0000610351562,562.5762329101562,588.4424438476562
532.6934814453125,443.9747009277344,529.934814453125,440.8598327636719,532.7024536132812,440.7640075683594,519.4437255859375,444.5183410644531,535.4968872070312,444.06597900390625,509.7982482910156,466.4455871582031,544.5968017578125,461.6363525390625,502.000732421875,491.065185546875,564.7192993164062,466.3135986328125,498.10858154296875,513.22119140625,566.3666381835938,456.0992431640625,518.3514404296875,513.1566162109375,541.1707763671875,512.0381469726562,526.4057006835938,545.2073364257812,552.8004760742188,545.4464111328125,525.8372192382812,577.00634765625,551.4666137695312,578.72802734375
536.0164184570312,435.64849853515625,532.2821655273438,432.36151123046875,535.1356201171875,432.5853271484375,519.5477294921875,437.0849304199219,535.215576171875,436.8192443847656,510.5521545410156,460.6335144042969,542.9927368164062,455.325927734375,502.4173583984375,484.8227844238281,561.0825805664062,461.5614013671875,500.9718017578125,504.19293212890625,566.96630859375,455.83160400390625,515.7494506835938,506.6839599609375,536.80517578125,505.26702880859375,527.1478271484375,540.4248657226562,549.2237548828125,538.8167114257812,522.2994995117188,573.619873046875,543.0774536132812,571.5203857421875
537.8760375976562,430.5815734863281,533.8851928710938,427.23565673828125,537.0518188476562,427.6865539550781,519.8502197265625,430.8238525390625,534.8326416015625,431.5120849609375,509.8516845703125,452.2655029296875,539.891357421875,449.46685791015625,503.08343505859375,478.0478820800781,557.5452270507812,457.9440612792969,503.0571594238281,497.314697265625,565.3829956054688,450.2910461425781,512.9415893554688,499.842529296875,532.4116821289062,499.79388427734375,527.619384765625,531.633544921875,547.9810791015625,532.2342529296875,517.5195922851562,562.43115234375,535.7539672851562,564.5040893554688
537.5540161132812,425.3719177246094,533.557861328125,422.1286315917969,536.491455078125,422.7637939453125,519.4990844726562,425.57183837890625,532.6913452148438,426.74053955078125,509.1056823730469,446.16119384765625,537.519287109375,444.3314208984375,501.2169494628906,470.5681457519531,555.8550415039062,453.00079345703125,501.6771240234375,488.00531005859375,568.1564331054688,447.73822021484375,511.7725524902344,493.481201171875,529.8353881835938,493.975830078125,527.5447998046875,523.8360595703125,545.4503784179688,524.71484375,515.1636352539062,552.7278442382812,529.46484375,555.252685546875
537.5218505859375,422.7377014160156,533.8890991210938,419.54022216796875,536.4411010742188,420.12054443359375,520.0980834960938,423.1082458496094,531.8823852539062,424.35821533203125,509.0777893066406,443.328369140625,535.3396606445312,442.0974426269531,501.070068359375,465.3076477050781,555.6163330078125,447.29644775390625,500.2110900878906,481.1149597167969,568.4755249023438,436.52166748046875,510.7690124511719,490.66595458984375,527.348876953125,491.518798828125,526.6233520507812,516.2791137695312,545.505615234375,518.1890869140625,511.99267578125,544.4866333007812,529.7084350585938,549.3048095703125
536.2009887695312,421.4607238769531,532.676025390625,418.4604187011719,535.15673828125,418.8952331542969,519.0579223632812,422.0291748046875,531.1436767578125,422.9432373046875,509.2471923828125,441.3689880371094,534.0642700195312,439.9341735839844,500.0428771972656,461.6119384765625,555.7947998046875,445.2863464355469,498.33331298828125,475.7983093261719,568.1777954101562,433.52655029296875,512.02099609375,487.1245422363281,526.659423828125,487.57708740234375,529.9168090820312,514.3959350585938,540.6692504882812,516.0635986328125,517.8912353515625,539.439697265625,522.7656860351562,544.1190185546875
533.7615356445312,420.23431396484375,530.5269775390625,417.21044921875,533.0296020507812,417.870361328125,518.5889282226562,420.88018798828125,529.658935546875,422.44384765625,507.8538818359375,440.58123779296875,534.2100219726562,439.5909423828125,499.2059631347656,461.1177673339844,557.9649047851562,443.0623779296875,497.86163330078125,474.9461669921875,576.4306640625,429.4188537597656,509.54803466796875,485.44873046875,525.5674438476562,486.4105224609375,525.302734375,510.51580810546875,543.426513671875,512.6395263671875,511.0418701171875,536.1177978515625,527.044189453125,541.2877807617188
532.529541015625,418.9220275878906,529.0625,415.84661865234375,531.5343017578125,416.3936767578125,516.5008544921875,419.8062744140625,528.1853637695312,420.81427001953125,506.7375183105469,437.5614318847656,531.8989868164062,437.7565002441406,506.1744384765625,447.2554931640625,558.4185791015625,441.233642578125,516.0065307617188,445.0445251464844,578.5819702148438,429.2207946777344,507.45306396484375,483.4290771484375,523.4366455078125,484.751953125,524.56103515625,509.66650390625,544.3433227539062,511.093017578125,511.1748352050781,536.2369995117188,531.948974609375,540.5403442382812
530.3271484375,417.29400634765625,526.396484375,414.32171630859375,528.7417602539062,414.8758544921875,513.2972412109375,419.0732421875,525.09912109375,419.4530029296875,505.64532470703125,437.54791259765625,528.2321166992188,435.9448547363281,502.31549072265625,443.67431640625,554.63818359375,437.6427001953125,512.4445190429688,436.8080749511719,577.1336669921875,428.9189147949219,508.1426696777344,485.4289245605469,521.9241943359375,485.927978515625,531.9511108398438,513.4901123046875,548.0075073242188,512.5023803710938,515.8642578125,539.3311157226562,532.5441284179688,538.7822265625
528.1765747070312,416.1993408203125,523.788330078125,413.28546142578125,527.431396484375,413.6274108886719,509.6559753417969,418.34375,524.1304321289062,418.2275695800781,500.75653076171875,439.18353271484375,527.6356201171875,435.36578369140625,499.17596435546875,452.8210144042969,554.2330322265625,438.3251037597656,512.0064086914062,451.1782531738281,581.01611328125,428.7467041015625,505.7523193359375,486.3858337402344,521.9334716796875,486.253662109375,534.578125,516.2350463867188,549.6268310546875,514.044921875,522.9623413085938,542.3511352539062,534.2621459960938,539.7466430664062
524.0742797851562,415.6297302246094,519.9281005859375,412.9934997558594,523.4948120117188,413.2017822265625,506.582763671875,417.78033447265625,521.807373046875,417.3036193847656,499.0928955078125,437.6262512207031,525.8341674804688,433.5834655761719,500.2362060546875,451.9344482421875,552.50927734375,439.11248779296875,518.75634765625,447.7985534667969,579.267578125,430.8120422363281,505.9485778808594,483.2743225097656,522.4139404296875,482.8530578613281,530.580810546875,513.6360473632812,546.2102661132812,510.85943603515625,522.9425048828125,537.4894409179688,534.0305786132812,534.127197265625
521.4049682617188,415.9393310546875,517.4229125976562,413.16461181640625,520.8257446289062,413.581787109375,504.6243896484375,417.7796630859375,519.4239501953125,418.02020263671875,498.4447021484375,435.7569274902344,523.4359741210938,434.9674377441406,506.4709167480469,441.69317626953125,548.841064453125,440.74371337890625,531.8272094726562,433.1275329589844,576.6231689453125,435.7313537597656,505.96722412109375,483.2341003417969,522.025634765625,483.9888000488281,524.9357299804688,511.7083740234375,543.4483642578125,510.36968994140625,518.5121459960938,534.772705078125,534.1146240234375,533.4489135742188
518.47900390625,416.7294921875,514.4210815429688,413.866943359375,517.4451904296875,414.5224914550781,502.0987854003906,418.9038391113281,515.5493774414062,419.5620422363281,496.6964111328125,435.86456298828125,519.78662109375,437.0743713378906,494.5841979980469,435.2103271484375,543.18408203125,442.5582275390625,506.10565185546875,421.69573974609375,566.1084594726562,440.6227722167969,507.90240478515625,483.2297058105469,521.831787109375,484.7533874511719,530.82958984375,513.0563354492188,544.9028930664062,512.7418212890625,521.5910034179688,534.9999389648438,532.6641235351562,534.5343017578125
516.0264892578125,417.55865478515625,512.6492919921875,414.5672302246094,515.0838012695312,415.3126220703125,502.17279052734375,418.3647766113281,513.4299926757812,419.4844055175781,495.12042236328125,433.5771484375,518.228271484375,436.4325256347656,484.8733215332031,430.9226989746094,539.2838134765625,443.91485595703125,485.339599609375,416.5553894042969,559.6988525390625,445.157470703125,504.8539123535156,480.1078186035156,519.0350952148438,482.0163879394531,523.6336669921875,507.58026123046875,543.6102905273438,508.0870361328125,512.3619384765625,532.6885375976562,534.3735961914062,533.1893920898438
515.5913696289062,418.37017822265625,512.014404296875,415.22845458984375,514.4076538085938,415.856689453125,501.0011901855469,418.5634460449219,511.6193542480469,419.2578125,493.7553405761719,432.8045654296875,518.0618286132812,436.2529296875,483.56036376953125,428.7185363769531,540.1087036132812,448.4451904296875,480.10272216796875,411.11907958984375,558.6251220703125,454.8863220214844,504.6351013183594,476.9991760253906,519.6210327148438,478.7518310546875,519.4561157226562,504.57513427734375,539.1176147460938,504.5863037109375,513.3901977539062,529.4033813476562,534.87353515625,529.077392578125
515.0977172851562,417.29290771484375,510.9091796875,414.3536071777344,513.655517578125,415.1937255859375,498.12152099609375,417.54901123046875,511.6143798828125,418.225341796875,493.408935546875,431.50347900390625,518.02880859375,434.21136474609375,484.1550598144531,431.9254150390625,538.9933471679688,446.9701232910156,487.2960510253906,415.0513916015625,554.2673950195312,454.186279296875,506.9054870605469,477.6564025878906,523.00634765625,479.4059143066406,510.1797180175781,499.1175537109375,532.8446044921875,497.610107421875,511.1759338378906,527.8514404296875,537.9813232421875,523.0267333984375
514.1688842773438,416.2323303222656,510.3031311035156,413.5690002441406,513.2926635742188,413.9967956542969,498.9118347167969,416.6900939941406,512.5784301757812,416.37762451171875,494.6451110839844,431.42742919921875,518.9782104492188,431.7369079589844,488.3671875,440.443359375,537.9191284179688,448.2190246582031,491.4863586425781,431.7325134277344,550.4757080078125,457.97406005859375,507.1967468261719,475.3631591796875,523.2451782226562,476.01531982421875,512.12646484375,498.81805419921875,532.9425659179688,496.75006103515625,511.5852355957031,526.998291015625,533.4428100585938,522.3641357421875
513.78857421875,413.8146667480469,510.9250793457031,410.9439392089844,512.9169921875,411.4842529296875,501.9945373535156,413.4970703125,513.1860961914062,413.9781799316406,496.1501159667969,429.1117248535156,518.3556518554688,430.37847900390625,492.8043518066406,443.86578369140625,530.8190307617188,449.5943603515625,497.2679748535156,445.2086486816406,541.8956298828125,462.0320739746094,505.090087890625,469.6209411621094,520.6688842773438,470.83575439453125,510.0137634277344,496.361572265625,533.2523803710938,496.25555419921875,504.2688293457031,519.6392822265625,530.9074096679688,518.3842163085938
512.2297973632812,410.8735656738281,509.9739990234375,408.02203369140625,512.2442626953125,408.38800048828125,503.8881530761719,410.3902893066406,516.2953491210938,410.5057678222656,498.57928466796875,426.4361572265625,522.3347778320312,427.2776184082031,491.8277893066406,442.37548828125,531.3057861328125,448.31842041015625,489.82861328125,445.3511962890625,537.7889404296875,463.90753173828125,506.336669921875,467.48565673828125,523.2412109375,468.2919616699219,509.6538391113281,495.157958984375,536.1473388671875,494.93096923828125,504.1153259277344,519.6557006835938,536.092041015625,517.8192749023438
519.2365112304688,406.9698181152344,515.9841918945312,403.8951416015625,519.0598754882812,404.3881530761719,506.53558349609375,406.8067932128906,521.1798706054688,407.20458984375,499.8525695800781,423.67041015625,527.2581176757812,424.54864501953125,493.5443420410156,443.68072509765625,534.776611328125,447.178466796875,492.1345520019531,455.2174072265625,539.08447265625,465.2225646972656,508.31280517578125,463.932373046875,528.0101318359375,464.88446044921875,512.494384765625,493.64227294921875,542.8452758789062,494.01470947265625,503.0582580566406,519.6660766601562,539.2711791992188,519.9159545898438
525.222900390625,403.61328125,521.4669799804688,400.4368896484375,524.516357421875,401.0599060058594,510.3453674316406,403.54864501953125,523.9419555664062,404.1881408691406,503.4188537597656,421.251708984375,529.28466796875,422.30169677734375,498.2834777832031,441.53387451171875,536.1541748046875,444.2326965332031,495.9215393066406,457.1927795410156,540.6842041015625,464.1864013671875,511.27337646484375,460.8097839355469,530.3121948242188,461.86053466796875,514.93408203125,490.348388671875,546.0643920898438,490.87664794921875,505.21514892578125,516.68701171875,543.7171020507812,517.4982299804688
525.1761474609375,401.44464111328125,522.2574462890625,398.2781982421875,525.2103271484375,398.7466125488281,513.6071166992188,400.9762268066406,527.3795166015625,401.64093017578125,506.38177490234375,419.0469665527344,533.2884521484375,420.72955322265625,502.4912109375,441.3373718261719,540.7465209960938,444.3636169433594,499.786865234375,459.5254211425781,544.6612548828125,464.2740783691406,513.4498291015625,460.34637451171875,533.412109375,461.6888427734375,515.6083374023438,489.69061279296875,549.5473022460938,491.3306884765625,505.4412841796875,515.2821655273438,547.0862426757812,517.8045043945312
531.043701171875,400.3898620605469,527.484375,397.0086364746094,530.6785278320312,397.66363525390625,516.9837036132812,399.5523986816406,531.2689208984375,400.5372009277344,509.4007568359375,418.37890625,536.5921020507812,419.9369812011719,506.4079284667969,442.38641357421875,543.2738037109375,444.29498291015625,504.30084228515625,462.8233642578125,546.5029296875,464.553466796875,514.5317993164062,460.64617919921875,534.9551391601562,461.9295959472656,517.3734741210938,489.70849609375,552.021240234375,491.17340087890625,509.3188781738281,516.7631225585938,552.4005737304688,519.2337646484375
534.4547119140625,400.73101806640625,531.3867797851562,397.374267578125,534.2813720703125,398.00433349609375,521.5439453125,400.20050048828125,535.6361694335938,401.3945617675781,513.1087036132812,419.74114990234375,540.1497802734375,421.62103271484375,508.363525390625,444.0798034667969,545.7734985351562,446.5130920410156,505.1204528808594,465.6525573730469,548.4454956054688,467.3063049316406,516.2765502929688,462.9039611816406,536.61865234375,464.25262451171875,519.09814453125,492.256103515625,554.1153564453125,493.87738037109375,515.5653076171875,521.85009765625,559.8367919921875,524.3973999023438
540.3984375,402.5152282714844,536.973876953125,399.16937255859375,539.9310302734375,399.8764343261719,524.8709106445312,401.7515563964844,538.6139526367188,403.40557861328125,515.3042602539062,420.6528015136719,540.9810791015625,423.3511962890625,510.3752746582031,445.05157470703125,546.482177734375,446.99188232421875,508.06707763671875,465.00067138671875,548.2568969726562,461.78564453125,518.01513671875,464.02191162109375,537.338623046875,465.869873046875,523.9559936523438,492.8834228515625,556.7601318359375,495.40557861328125,521.325439453125,523.6295166015625,562.2237548828125,528.118408203125
543.609375,403.592041015625,540.1216430664062,400.2192687988281,543.177001953125,400.88128662109375,527.943115234375,402.7113952636719,541.9550170898438,404.2137756347656,517.921142578125,421.4758605957031,545.2991333007812,424.1888122558594,513.134521484375,446.2607421875,553.0722045898438,448.4270324707031,511.7307434082031,468.2460021972656,556.718505859375,466.35186767578125,521.4949340820312,464.75592041015625,541.5443725585938,466.67962646484375,527.9230346679688,494.0634765625,559.3817749023438,496.62225341796875,524.2597045898438,524.3213500976562,561.416259765625,528.8070068359375
545.2999877929688,403.6706848144531,542.4010009765625,400.5282897949219,545.2291259765625,401.0085754394531,532.4389038085938,403.1545104980469,545.3485717773438,404.2574768066406,522.577880859375,421.4791259765625,549.6116333007812,423.6546325683594,516.0187377929688,445.10693359375,559.7405395507812,446.5394287109375,510.99310302734375,466.1488037109375,566.43798828125,464.456787109375,526.335205078125,465.4874267578125,545.6900634765625,467.13592529296875,530.246337890625,495.01727294921875,562.335693359375,497.45111083984375,523.6828002929688,524.9874267578125,561.9789428710938,529.0115356445312
548.435791015625,404.7893371582031,545.9212036132812,401.6769104003906,548.4575805664062,402.22216796875,537.2735595703125,404.1271667480469,549.2694702148438,405.48529052734375,528.9237060546875,421.7633361816406,553.7007446289062,423.5304260253906,519.7424926757812,444.5368347167969,563.4276733398438,445.24249267578125,510.7911682128906,463.48138427734375,570.3396606445312,458.26153564453125,529.631591796875,466.1460266113281,546.8718872070312,467.32269287109375,533.0159912109375,494.86041259765625,563.715087890625,496.96044921875,524.490234375,523.9745483398438,561.422607421875,527.6109619140625
555.3431396484375,402.1651611328125,552.3036499023438,398.91680908203125,554.9359741210938,399.5,540.9791870117188,400.881103515625,552.4298095703125,402.5255432128906,530.9085693359375,418.0679931640625,555.4720458984375,420.5286865234375,522.0077514648438,441.4604797363281,565.2235107421875,441.81597900390625,511.8155822753906,461.7424621582031,571.5498046875,452.6458740234375,530.660888671875,463.2121887207031,547.5304565429688,464.7672119140625,535.0911865234375,493.568359375,564.5707397460938,496.45684814453125,526.3475952148438,523.3082275390625,560.2221069335938,528.5536499023438
558.507568359375,401.72802734375,555.486328125,397.9719543457031,558.1558837890625,399.076171875,543.7846069335938,398.55792236328125,556.2415771484375,401.946533203125,532.8601684570312,415.759765625,558.423095703125,421.24676513671875,522.653564453125,438.52813720703125,567.7473754882812,440.81927490234375,514.3733520507812,462.7098083496094,571.419189453125,450.0838928222656,530.9937133789062,464.7755126953125,548.30908203125,468.13232421875,537.337890625,494.72418212890625,564.150390625,500.39227294921875,529.3427124023438,524.3690795898438,558.416015625,534.1734008789062
560.0860595703125,401.2426452636719,556.6642456054688,397.5004577636719,559.6392822265625,398.65826416015625,544.4189453125,398.3236083984375,557.400634765625,401.64019775390625,533.4014282226562,416.19781494140625,559.930908203125,421.1507568359375,522.992919921875,439.4151306152344,571.193603515625,441.5307312011719,513.766845703125,463.7357177734375,577.0466918945312,452.53594970703125,530.556396484375,464.66448974609375,548.0375366210938,467.727783203125,541.1975708007812,494.732177734375,565.5803833007812,499.77020263671875,533.7101440429688,525.14697265625,558.1641235351562,534.0831298828125
561.43359375,402.47650146484375,558.5009155273438,399.0513916015625,561.454345703125,399.9474792480469,547.6285400390625,399.97119140625,559.6602783203125,402.7655334472656,536.06884765625,416.29345703125,561.4207153320312,420.9013977050781,526.416015625,439.9685974121094,572.1019287109375,443.4637145996094,516.5111083984375,462.0262756347656,580.5982666015625,455.0323181152344,531.491943359375,462.644287109375,547.9288940429688,465.2537841796875,543.2650756835938,490.6376953125,566.3296508789062,495.01531982421875,540.1395874023438,522.5997314453125,562.1929931640625,530.3639526367188
563.00439453125,406.1811828613281,560.6067504882812,402.91522216796875,563.1881103515625,403.7035217285156,551.1123657226562,404.61431884765625,562.8387451171875,407.1414794921875,539.741455078125,421.4061279296875,564.40234375,425.39263916015625,527.3682250976562,444.2080078125,575.33447265625,447.6480712890625,515.8616333007812,466.82342529296875,584.721923828125,461.330810546875,533.9008178710938,465.3128356933594,549.5130004882812,467.4997253417969,546.7551879882812,495.20257568359375,567.216796875,498.89306640625,545.6376953125,528.2551879882812,565.3133544921875,534.69970703125
568.5128173828125,411.7228088378906,565.9439697265625,408.3718566894531,568.51220703125,409.3662414550781,555.7527465820312,409.400634765625,567.4444580078125,412.5182800292969,543.623779296875,425.6347351074219,567.5845947265625,430.1486511230469,529.2725830078125,448.33245849609375,576.7869262695312,452.7850036621094,518.0508422851562,472.3126220703125,586.1539306640625,467.8230285644531,534.1796875,469.37200927734375,548.677001953125,471.7691955566406,552.9609375,498.6075439453125,566.9909057617188,502.28619384765625,555.4521484375,532.2971801757812,564.990478515625,538.2926635742188
573.1748657226562,415.84686279296875,570.433837890625,412.29742431640625,572.8154296875,413.7851257324219,559.4625854492188,412.4411315917969,570.4675903320312,417.01226806640625,545.7598266601562,427.640625,569.4644775390625,435.09185791015625,529.918212890625,451.30157470703125,577.6500854492188,460.3280029296875,518.424560546875,477.27679443359375,586.1121826171875,476.0721130371094,532.8564453125,471.8043518066406,547.078857421875,475.6615295410156,556.54736328125,501.44390869140625,569.4313354492188,507.2279052734375,557.69970703125,532.71240234375,564.9783935546875,542.1701049804688
575.8297729492188,419.8732604980469,572.97265625,416.4053039550781,575.4246215820312,418.0154724121094,561.0306396484375,416.9469299316406,572.28759765625,422.0181884765625,546.22802734375,431.4539489746094,570.275146484375,440.9772644042969,529.6220703125,452.0218505859375,579.5860595703125,465.6289367675781,517.9379272460938,474.6778869628906,588.0643310546875,479.0446472167969,532.209228515625,474.5155334472656,547.2774658203125,479.4387512207031,554.8134765625,498.57232666015625,573.2327270507812,505.79510498046875,551.3834228515625,531.0534057617188,569.550048828125,542.5657958984375
578.8896484375,424.49395751953125,575.999755859375,420.9381103515625,578.493896484375,421.93963623046875,562.3112182617188,421.262451171875,573.7249755859375,424.72222900390625,544.6979370117188,435.56024169921875,570.4315185546875,442.7655944824219,525.3314208984375,453.57177734375,579.4705810546875,466.26898193359375,510.90576171875,471.9359436035156,587.3558349609375,482.10748291015625,531.1078491210938,477.8782043457031,547.3313598632812,481.73248291015625,557.5789794921875,495.8525390625,579.8062133789062,501.3565673828125,548.630859375,527.2855224609375,572.0711669921875,536.3561401367188
579.3301391601562,428.34173583984375,577.02392578125,424.85272216796875,579.4215698242188,425.85711669921875,565.0708618164062,424.43609619140625,577.0626831054688,428.21929931640625,547.3919067382812,437.18927001953125,573.8942260742188,445.5476989746094,525.6267700195312,453.9634704589844,581.5907592773438,468.41644287109375,507.8524169921875,472.90826416015625,584.6182250976562,481.99603271484375,532.498291015625,480.0970764160156,549.6954345703125,484.3758239746094,558.67919921875,491.111572265625,584.5226440429688,497.5841064453125,549.6246948242188,525.181884765625,580.463134765625,534.9337158203125
581.7898559570312,429.7889099121094,579.447265625,426.29803466796875,581.9482421875,427.3455505371094,567.1085205078125,425.63494873046875,579.1438598632812,429.7655944824219,549.6453247070312,438.1630554199219,576.7220458984375,447.45941162109375,527.74560546875,452.9410400390625,588.522216796875,468.09716796875,506.8643798828125,471.2171630859375,591.762939453125,476.94854736328125,533.5927734375,481.8946533203125,551.8635864257812,486.3800048828125,549.6864013671875,490.4368896484375,584.3218383789062,497.6029052734375,542.5145263671875,525.4915771484375,588.735107421875,536.2713623046875
579.4668579101562,428.4353332519531,577.1849365234375,425.4288635253906,580.74560546875,426.5377197265625,566.0859985351562,425.0147705078125,578.5440063476562,430.1676025390625,547.9716186523438,436.3539733886719,578.2002563476562,445.36651611328125,524.1790771484375,448.0550842285156,588.8545532226562,452.96429443359375,512.6781616210938,465.8070983886719,591.4049072265625,442.15069580078125,531.9127807617188,481.8177490234375,553.080322265625,486.65966796875,547.062255859375,484.99676513671875,590.6685791015625,493.3692626953125,538.2392578125,520.4600830078125,596.144287109375,534.1312866210938
578.0687255859375,430.3821716308594,575.689453125,427.36968994140625,579.3831176757812,428.4918518066406,566.0206298828125,426.9504699707031,578.6407470703125,431.7237548828125,550.4599609375,438.4350891113281,580.401611328125,446.5843505859375,524.3829956054688,447.61138916015625,592.272705078125,453.5693359375,507.0811462402344,460.86151123046875,593.2040405273438,445.809326171875,535.3162231445312,486.932861328125,556.4522094726562,490.955322265625,542.8497314453125,490.56695556640625,590.2001342773438,497.3829345703125,532.0338134765625,528.1531372070312,596.4588623046875,538.695556640625
575.712158203125,432.626953125,574.762939453125,429.3482666015625,576.4551391601562,430.0080261230469,566.7258911132812,430.3719787597656,577.4393920898438,433.5966491699219,552.0612182617188,442.7535705566406,577.8457641601562,451.853271484375,526.6113891601562,443.98956298828125,584.1139526367188,465.34552001953125,501.3025207519531,453.39630126953125,581.517333984375,477.1448974609375,543.2586059570312,485.5997009277344,561.689208984375,489.3275146484375,536.253662109375,500.224609375,580.635498046875,506.76629638671875,531.2951049804688,527.2474975585938,592.4472045898438,536.869384765625
573.9436645507812,431.02728271484375,571.828369140625,427.703857421875,574.4605712890625,428.7303161621094,561.3311767578125,427.667724609375,573.1630859375,431.7366943359375,545.4883422851562,439.8624267578125,573.3331298828125,449.8634033203125,517.281005859375,443.2119445800781,580.2234497070312,466.7464599609375,492.08837890625,443.8187255859375,579.8248901367188,471.53680419921875,537.6461181640625,486.9095764160156,557.7879638671875,490.87701416015625,534.9964599609375,500.904541015625,582.6182861328125,506.7218017578125,530.0321655273438,532.7425537109375,596.694580078125,539.7955322265625
567.1455078125,429.8446960449219,565.3421630859375,426.7545166015625,567.4722900390625,427.34344482421875,555.3489990234375,428.1993408203125,568.1932373046875,430.55950927734375,540.9844360351562,441.87567138671875,570.8780517578125,447.50341796875,511.6911315917969,442.6163330078125,580.135498046875,460.09271240234375,488.9256591796875,440.59088134765625,582.3414916992188,467.5682373046875,535.7088623046875,486.65679931640625,556.1923828125,488.74517822265625,535.318115234375,506.3868408203125,577.63525390625,508.9130859375,536.704345703125,537.3782958984375,593.440673828125,539.7586669921875
553.9030151367188,424.7471618652344,553.6281127929688,421.9232482910156,554.9057006835938,422.03106689453125,549.1392211914062,424.93231201171875,561.5982055664062,425.7445068359375,538.8612060546875,441.82501220703125,564.660400390625,444.4601745605469,513.012451171875,448.9268493652344,564.3169555664062,461.06036376953125,491.345703125,448.90313720703125,556.7601318359375,472.11767578125,535.4681396484375,487.89422607421875,554.230712890625,488.670654296875,534.9519653320312,510.63580322265625,573.169189453125,511.6236572265625,539.0115356445312,541.5513305664062,592.5578002929688,541.8282470703125
553.5651245117188,424.572998046875,555.2477416992188,422.0628356933594,551.8544311523438,421.79925537109375,554.578369140625,423.9465026855469,546.9932861328125,423.6295166015625,553.5269775390625,440.9468994140625,534.14794921875,440.58551025390625,556.16552734375,459.9521484375,513.4422607421875,455.8804626464844,556.7474975585938,464.9454345703125,496.06060791015625,459.1269226074219,546.1755981445312,485.9490661621094,532.9378662109375,487.132080078125,564.3905639648438,512.34228515625,535.9319458007812,514.5492553710938,581.7288208007812,544.0450439453125,540.0869750976562,549.1047973632812
546.0355834960938,420.641845703125,545.32666015625,417.9623107910156,546.1009521484375,417.891357421875,538.9569091796875,420.3117980957031,548.1090698242188,420.639404296875,530.0589599609375,438.9346923828125,549.6385498046875,438.3577880859375,517.5330200195312,461.19207763671875,550.3802490234375,454.2481689453125,504.93206787109375,465.45648193359375,541.8659057617188,448.2644348144531,528.8784790039062,485.96246337890625,543.69091796875,486.0489501953125,526.8255004882812,515.0955810546875,555.34521484375,516.2113037109375,532.4044799804688,549.2867431640625,568.167724609375,550.9328002929688
529.362548828125,421.4519958496094,530.5510864257812,419.1456604003906,531.0722045898438,418.5003967285156,532.1503295898438,423.79644775390625,543.0447998046875,422.4989013671875,531.859130859375,442.2680358886719,543.191650390625,442.40008544921875,524.4335327148438,462.90008544921875,535.057861328125,464.12994384765625,507.0578918457031,460.2420959472656,509.015869140625,458.36773681640625,527.4180908203125,489.565673828125,537.987548828125,489.31219482421875,520.0875854492188,520.42822265625,543.4708251953125,522.3697509765625,525.745849609375,551.7396850585938,562.4955444335938,555.1670532226562
521.9500122070312,422.0716247558594,524.8710327148438,420.512451171875,523.3499755859375,419.0755920410156,530.16015625,426.30145263671875,531.2062377929688,423.17645263671875,533.5696411132812,445.4447021484375,527.814697265625,441.98822021484375,527.38330078125,466.7403869628906,522.6629638671875,460.4288330078125,510.9229431152344,461.97686767578125,509.30084228515625,455.2589416503906,530.3319091796875,493.2767333984375,524.9721069335938,491.589599609375,531.2642211914062,525.1705322265625,514.7794189453125,524.1854248046875,554.0457153320312,555.1861572265625,526.8048095703125,554.0087280273438
521.015869140625,429.0047607421875,524.7001342773438,427.19110107421875,522.1598510742188,426.0239562988281,530.189697265625,431.3138732910156,526.5859375,429.50335693359375,532.3386840820312,448.06768798828125,518.9042358398438,447.8095703125,521.5257568359375,466.62017822265625,515.6878662109375,465.853271484375,509.450927734375,462.4903259277344,511.55169677734375,459.208984375,527.2583618164062,497.141845703125,515.3677978515625,497.09283447265625,533.443603515625,529.478271484375,503.09112548828125,530.8609008789062,556.374267578125,558.3924560546875,510.8880920410156,561.5504150390625
517.3883056640625,437.7388000488281,519.6846923828125,436.07049560546875,519.1564331054688,434.80389404296875,520.2256469726562,441.4847717285156,526.7883911132812,439.2061767578125,516.3058471679688,457.46722412109375,525.6058959960938,453.76593017578125,508.5068664550781,461.5729675292969,539.6591796875,446.0876159667969,509.50439453125,457.12152099609375,542.803466796875,427.6968078613281,518.5348510742188,502.02777099609375,520.2645263671875,500.8046875,525.2289428710938,534.6593017578125,503.7562255859375,534.5738525390625,547.448486328125,562.8674926757812,505.0973205566406,565.4876708984375
520.2509155273438,446.5672912597656,522.6106567382812,444.1180419921875,521.0921630859375,444.1037902832031,522.2485961914062,447.3963623046875,524.9358520507812,448.5240783691406,517.9392700195312,462.5145263671875,514.2373657226562,465.05084228515625,497.40380859375,471.9710693359375,499.8726501464844,473.334228515625,495.148193359375,466.8922424316406,500.97735595703125,463.21533203125,518.18310546875,510.758544921875,511.1450500488281,512.0809936523438,533.1676025390625,540.038818359375,491.6542663574219,542.4508666992188,557.7232666015625,571.1666870117188,490.51409912109375,575.4027709960938
513.051025390625,455.2367248535156,513.80810546875,452.71051025390625,514.6290283203125,452.1378173828125,512.6506958007812,457.6048889160156,524.9344482421875,455.94427490234375,504.5482482910156,475.8363342285156,527.22265625,468.28302001953125,482.4509582519531,474.2784729003906,511.7738037109375,459.5605163574219,486.1050720214844,461.5188293457031,502.25909423828125,452.4776306152344,501.90167236328125,518.343505859375,521.6665649414062,514.2530517578125,485.55975341796875,553.0120849609375,537.2373046875,545.7754516601562,482.6777038574219,590.3238525390625,562.6934814453125,576.881591796875
523.0571899414062,467.5139465332031,518.7974853515625,464.7059326171875,521.986572265625,464.9084777832031,504.51611328125,469.59423828125,520.29638671875,468.48480224609375,497.50323486328125,486.22222900390625,525.0385131835938,479.1089172363281,471.0497131347656,477.6109924316406,528.1384887695312,464.44256591796875,458.05010986328125,451.9449768066406,526.3554077148438,446.84674072265625,495.4989013671875,530.3724975585938,516.1007690429688,526.9939575195312,482.5226745605469,559.6537475585938,533.00732421875,552.0799560546875,477.32958984375,594.765869140625,553.9166259765625,580.6393432617188
499.7439880371094,472.77825927734375,501.6946716308594,470.97064208984375,500.29852294921875,469.88323974609375,506.51300048828125,477.21331787109375,506.7016296386719,473.7801513671875,506.0327453613281,496.5350341796875,513.1751708984375,485.2555236816406,485.30206298828125,490.89691162109375,511.2881164550781,473.16925048828125,469.2787780761719,461.520263671875,511.46722412109375,462.3104553222656,502.0536804199219,541.23681640625,509.628662109375,534.6334228515625,477.7962646484375,569.6355590820312,521.288818359375,557.9314575195312,480.3927917480469,601.073486328125,551.0082397460938,580.881103515625
491.2379455566406,480.33209228515625,491.56976318359375,478.70001220703125,493.7942810058594,477.72430419921875,493.4701232910156,483.8937683105469,505.81866455078125,481.30841064453125,493.33660888671875,504.298095703125,514.1627807617188,494.8665771484375,475.6422119140625,514.1074829101562,534.7403564453125,487.4892272949219,461.77154541015625,513.0023803710938,539.0284423828125,468.294921875,500.1925964355469,548.2535400390625,513.3800048828125,543.5478515625,484.32293701171875,569.8987426757812,510.12548828125,565.5662841796875,485.2922668457031,601.9552612304688,521.2786254882812,598.02783203125
487.3950500488281,483.4448547363281,488.3460998535156,481.2270202636719,489.1309509277344,480.52423095703125,492.2828063964844,485.6359558105469,499.97650146484375,483.38116455078125,493.0856018066406,506.01348876953125,513.1110229492188,497.70086669921875,469.77978515625,522.7444458007812,532.0712890625,501.1773681640625,446.4364929199219,526.3958740234375,538.7132568359375,488.90533447265625,501.398193359375,548.9794921875,514.2703247070312,544.2482299804688,473.70013427734375,575.6419677734375,505.84283447265625,571.1845703125,478.4762878417969,602.834716796875,522.2530517578125,597.6275024414062
484.7762451171875,484.7159118652344,485.1468200683594,482.6572265625,486.96673583984375,481.55364990234375,488.21197509765625,487.9122619628906,498.167724609375,484.3919982910156,489.8622131347656,510.8819580078125,511.21405029296875,499.4029541015625,470.6363830566406,534.18505859375,534.7324829101562,505.55322265625,450.3760070800781,544.6202392578125,545.8756103515625,497.7333984375,501.8841247558594,552.2568359375,515.3180541992188,546.1788330078125,476.5979919433594,579.1830444335938,507.7220153808594,572.9986572265625,478.43646240234375,606.6842041015625,520.0142822265625,599.5563354492188
484.9509582519531,482.2403564453125,485.25067138671875,480.2320556640625,487.0404052734375,479.0644836425781,488.0101318359375,485.8121643066406,497.206298828125,482.2529296875,490.070068359375,510.4208984375,510.58441162109375,497.7813720703125,475.708251953125,538.8299560546875,536.5308227539062,504.19342041015625,461.20050048828125,556.1251220703125,552.5096435546875,496.05322265625,504.287353515625,551.6121215820312,517.9370727539062,545.363525390625,476.64111328125,577.788330078125,513.3757934570312,571.4846801757812,477.1567077636719,604.6300659179688,528.1328735351562,597.6551513671875
490.2054443359375,477.58563232421875,489.7913513183594,475.32330322265625,491.7904357910156,474.37255859375,489.97369384765625,480.04522705078125,500.27423095703125,477.01763916015625,490.5868225097656,504.480712890625,513.253173828125,491.9635009765625,482.7564392089844,535.4240112304688,536.6563110351562,498.71533203125,475.97332763671875,557.9611206054688,554.8805541992188,492.15838623046875,504.1255187988281,545.5986328125,520.5775146484375,539.7655639648438,475.63232421875,576.7281494140625,519.5828857421875,570.5624389648438,474.3067626953125,606.8259887695312,536.3318481445312,599.6726684570312
493.2224426269531,470.1412658691406,492.7147216796875,468.5655517578125,495.34210205078125,466.905029296875,492.6441955566406,474.884033203125,506.10107421875,469.3887634277344,491.41131591796875,500.26544189453125,519.66259765625,483.8411560058594,488.86090087890625,529.8143920898438,544.6260375976562,483.3706970214844,488.13482666015625,545.90869140625,563.261474609375,475.0003662109375,505.3365173339844,539.6663818359375,525.36376953125,532.9119262695312,482.937255859375,572.0098266601562,525.6326293945312,563.0457153320312,474.958984375,607.66650390625,534.4089965820312,595.0679931640625
499.5752258300781,464.5654296875,499.1553039550781,462.5133056640625,501.99554443359375,461.3625183105469,499.8280029296875,466.7063293457031,514.3216552734375,462.8768310546875,498.4812316894531,488.74395751953125,527.0855712890625,476.6658935546875,494.174560546875,515.1981811523438,548.8224487304688,477.8206787109375,495.69683837890625,529.7750244140625,564.7492065429688,469.5579833984375,509.77679443359375,530.155517578125,530.403076171875,525.4625854492188,489.59197998046875,564.86474609375,529.9102783203125,558.9522705078125,477.58209228515625,603.160400390625,535.4129638671875,594.8092041015625
508.43621826171875,456.2590026855469,506.94744873046875,454.19195556640625,509.418212890625,453.138916015625,504.3894958496094,459.7018737792969,519.62939453125,455.19378662109375,502.7452697753906,483.983154296875,532.391845703125,470.0495910644531,499.158203125,510.55133056640625,553.7711791992188,470.1563720703125,500.0753479003906,520.3881225585938,563.1649169921875,459.6121826171875,512.8233642578125,525.9920043945312,534.4088745117188,520.6373901367188,495.14874267578125,561.4453735351562,533.8077392578125,554.1534423828125,481.6518249511719,600.2720947265625,537.5057983398438,589.64599609375
519.9246826171875,451.18450927734375,516.6743774414062,448.6004638671875,519.380859375,447.8323974609375,508.459716796875,454.8223876953125,525.7033081054688,450.51763916015625,504.7732238769531,481.0101318359375,539.4103393554688,466.9898681640625,500.47064208984375,508.29193115234375,565.7067260742188,472.08251953125,499.7947082519531,522.4736938476562,575.8211669921875,468.3621826171875,513.9860229492188,522.991455078125,538.8114624023438,517.1803588867188,502.38201904296875,555.8477172851562,546.5933227539062,547.4405517578125,488.1750183105469,595.1701049804688,552.0408935546875,581.4337158203125
518.4033813476562,449.3437194824219,517.1256713867188,446.4794006347656,518.8541259765625,445.4145202636719,513.38671875,451.0587158203125,529.307861328125,446.9200439453125,508.8148498535156,474.0672607421875,543.43359375,463.8762512207031,507.4385070800781,501.68701171875,566.3433837890625,477.8205261230469,506.3995666503906,519.5986328125,566.9249267578125,480.7724304199219,517.752197265625,518.5164184570312,543.1185302734375,514.0001220703125,504.104248046875,549.901611328125,549.935302734375,544.9404907226562,498.13983154296875,587.7562866210938,562.0462646484375,580.63330078125
521.3294677734375,451.7620849609375,520.8878173828125,448.9772644042969,522.9340209960938,448.33148193359375,519.659912109375,451.4068908691406,534.2885131835938,449.5640869140625,515.4207763671875,471.22430419921875,546.8955688476562,465.9042053222656,510.85113525390625,497.1492919921875,560.7674560546875,482.05859375,510.1581726074219,518.8298950195312,561.6748046875,493.88690185546875,523.9633178710938,514.6578369140625,547.804443359375,512.569091796875,508.8041687011719,543.8972778320312,555.0340576171875,541.611328125,504.9475402832031,582.0428466796875,567.07275390625,578.1262817382812
529.1151123046875,452.0975036621094,528.4027099609375,449.074951171875,530.5100708007812,448.7696838378906,526.6752319335938,451.6251220703125,541.087646484375,450.56500244140625,521.6988525390625,471.99859619140625,552.517333984375,468.26153564453125,515.758056640625,498.7294921875,565.1203002929688,488.27374267578125,513.3873291015625,522.930908203125,567.8252563476562,503.677001953125,528.2437133789062,515.4447021484375,552.8263549804688,513.82958984375,513.2952270507812,544.8031616210938,567.7799072265625,543.1829833984375,507.1810302734375,580.3087158203125,585.3472900390625,577.551513671875
530.0962524414062,454.0997009277344,530.409912109375,451.3199157714844,532.4928588867188,450.7879943847656,531.0626220703125,453.57147216796875,544.3859252929688,452.6522521972656,526.8754272460938,472.3121643066406,553.8477172851562,471.8465881347656,523.8195190429688,497.37994384765625,563.331787109375,494.9111328125,519.8244018554688,519.9613647460938,561.0625610351562,509.52783203125,535.034912109375,517.5335693359375,558.120849609375,517.2838745117188,516.6740112304688,542.8692626953125,575.7802124023438,544.0836181640625,509.6835021972656,573.9931030273438,596.6914672851562,576.1560668945312
537.1834106445312,456.17462158203125,537.3616943359375,453.36273193359375,539.3507080078125,452.88568115234375,536.8843383789062,456.2080078125,550.3834838867188,455.46844482421875,530.8223266601562,475.9220275878906,559.37109375,475.8858337402344,526.1417846679688,501.12200927734375,568.310546875,498.27288818359375,519.3812866210938,527.2243041992188,562.9112548828125,513.5923461914062,537.8643798828125,520.264404296875,562.6390380859375,520.2529296875,519.1165161132812,545.2496948242188,584.479736328125,547.3170166015625,509.2703857421875,573.95263671875,607.2128295898438,577.9346313476562
548.6843872070312,458.0895080566406,546.9752807617188,454.96600341796875,549.1551513671875,454.86138916015625,540.9737548828125,458.42071533203125,556.37255859375,457.7176818847656,533.2613525390625,479.27459716796875,566.2677001953125,477.779541015625,526.6588745117188,504.6676025390625,575.9976196289062,498.41986083984375,518.2721557617188,528.5531005859375,565.7456665039062,510.70465087890625,540.8192749023438,521.7367553710938,568.3578491210938,521.2064819335938,525.52197265625,544.7415771484375,590.4194946289062,545.708984375,512.6217651367188,574.1240234375,609.4075927734375,576.0405883789062
552.0809326171875,458.2308654785156,551.2681884765625,455.12030029296875,553.7719116210938,454.77813720703125,547.721435546875,458.007568359375,564.7482299804688,457.2084045410156,538.1511840820312,478.1388854980469,575.1936645507812,477.7812805175781,529.3379516601562,502.3653564453125,582.9163818359375,500.19989013671875,523.4457397460938,525.4367065429688,571.1829833984375,514.973876953125,545.0518798828125,523.37353515625,575.2137451171875,523.2042236328125,529.9317626953125,540.0482177734375,596.1256103515625,541.853271484375,514.275390625,571.5851440429688,611.2734375,574.8241577148438
565.8189697265625,454.4732971191406,564.331298828125,451.365234375,566.50927734375,451.33477783203125,557.6416015625,454.29327392578125,571.7860107421875,454.3189697265625,547.7662353515625,474.29901123046875,579.7410888671875,474.5595397949219,539.1468505859375,499.406005859375,591.4853515625,495.791259765625,534.5411376953125,513.9743041992188,591.4047241210938,503.021484375,549.166259765625,520.0164184570312,575.3313598632812,521.002197265625,537.9723510742188,534.518310546875,602.1485595703125,536.8482666015625,513.1222534179688,567.8004150390625,608.403564453125,572.4735107421875
575.8887939453125,448.5349426269531,574.0565185546875,445.6020812988281,577.1328125,445.6517028808594,566.8212280273438,449.3755798339844,582.44384765625,449.6743469238281,557.0904541015625,470.8251037597656,587.7638549804688,470.3546447753906,547.694091796875,496.665771484375,597.758544921875,491.25177001953125,548.8140258789062,509.66021728515625,606.4238891601562,498.3802490234375,554.6807861328125,516.8798828125,580.1680297851562,517.4050903320312,542.19189453125,535.3219604492188,607.412353515625,536.3165283203125,513.4688720703125,568.9227294921875,611.2156982421875,571.0164184570312
593.05712890625,443.8126220703125,589.2106323242188,440.6777648925781,591.95068359375,441.40032958984375,576.0634155273438,443.38983154296875,590.22119140625,444.3678894042969,569.904541015625,460.8359680175781,590.7146606445312,462.12957763671875,573.3739624023438,477.0509948730469,600.5013427734375,482.8310852050781,595.1395874023438,475.8825378417969,616.9132080078125,490.9337158203125,566.9405517578125,507.408935546875,587.4000854492188,508.37994384765625,552.5888061523438,537.6029052734375,611.543212890625,536.81201171875,517.28662109375,570.9813842773438,614.1639404296875,570.062744140625
604.5292358398438,438.42962646484375,601.6018676757812,434.8557434082031,602.4464111328125,436.34906005859375,589.9495849609375,437.8253479003906,599.13037109375,441.3165283203125,581.2070922851562,456.80938720703125,600.1226806640625,462.30242919921875,580.280517578125,469.83892822265625,610.184814453125,485.38153076171875,600.8089599609375,466.9957275390625,633.6790161132812,489.85919189453125,574.7706298828125,506.57586669921875,593.1334228515625,508.6995849609375,560.7108154296875,538.2141723632812,622.2067260742188,539.0139770507812,522.5044555664062,570.013427734375,620.3876342773438,568.9901733398438
617.650390625,441.03704833984375,614.4524536132812,437.23492431640625,615.7017822265625,438.4688720703125,600.0405883789062,437.977783203125,607.6156005859375,441.46612548828125,585.8344116210938,453.4976501464844,606.509033203125,460.3939208984375,575.0022583007812,462.0037841796875,620.4232788085938,482.7850646972656,587.9448852539062,458.4847717285156,648.3507690429688,492.43927001953125,580.7885131835938,503.88726806640625,597.2314453125,506.78985595703125,579.6832275390625,537.6448974609375,625.922607421875,539.4714965820312,545.507080078125,563.497802734375,614.4031982421875,564.8992919921875
627.6996459960938,438.33447265625,624.47802734375,434.94122314453125,626.5806884765625,436.5528564453125,610.8350830078125,435.6135559082031,620.9066772460938,440.2095642089844,598.4730834960938,448.6697998046875,617.9264526367188,458.87469482421875,579.5697631835938,456.9653015136719,632.6077880859375,480.7171630859375,579.8982543945312,448.52178955078125,659.2725219726562,482.65118408203125,593.9657592773438,498.87005615234375,608.1824951171875,503.79620361328125,594.8084106445312,530.7694702148438,630.3082275390625,536.1636352539062,564.4078979492188,557.188232421875,620.402587890625,565.5834350585938
634.8999633789062,438.8719177246094,633.4417724609375,435.24169921875,632.4426879882812,436.1976318359375,623.1349487304688,437.5721435546875,625.9969482421875,440.2998046875,611.5234375,453.8211364746094,626.0580444335938,460.4317932128906,623.1488647460938,467.2437744140625,646.5903930664062,479.80078125,645.1351928710938,467.2288513183594,667.254638671875,476.67694091796875,599.2484741210938,501.07708740234375,609.8378295898438,504.86328125,613.265380859375,532.373779296875,636.2041015625,537.2017211914062,593.23681640625,560.5010375976562,622.715087890625,569.7685546875
642.726318359375,436.7358093261719,640.9468994140625,433.9948425292969,642.1748657226562,434.8585510253906,630.96337890625,434.31317138671875,638.7130737304688,437.3592529296875,617.8781127929688,444.6688232421875,635.8280639648438,454.07208251953125,595.9517822265625,451.9813232421875,659.2700805664062,472.4613037109375,579.4841918945312,443.8487548828125,676.1580200195312,470.6144104003906,608.3541259765625,495.02337646484375,616.9603881835938,499.86981201171875,627.4435424804688,530.6448974609375,633.7747802734375,537.400146484375,615.3096923828125,561.1197509765625,617.0250854492188,571.4754638671875
650.5482177734375,434.8465576171875,649.3290405273438,432.3155822753906,650.7240600585938,432.7905578613281,639.9303588867188,432.7002258300781,647.9935302734375,435.2351989746094,628.6315307617188,443.3738708496094,640.379638671875,452.3309326171875,612.323486328125,457.73895263671875,668.2532958984375,473.7887878417969,604.3568115234375,454.7394104003906,689.0726928710938,469.1849670410156,618.9365234375,493.40521240234375,622.430908203125,498.55224609375,643.6218872070312,530.8555297851562,633.437744140625,538.7805786132812,634.2001953125,560.546142578125,615.4896240234375,574.1995849609375
659.1556396484375,431.76629638671875,657.2408447265625,428.2808837890625,657.7848510742188,430.23187255859375,647.64599609375,428.9454345703125,655.3679809570312,434.9703369140625,643.37548828125,440.86126708984375,646.9405517578125,456.33074951171875,661.309814453125,444.37982177734375,669.7333984375,479.4764709472656,688.8358154296875,436.789794921875,698.477783203125,470.5518493652344,635.5643310546875,490.5087890625,634.8665771484375,497.91387939453125,665.8580322265625,525.0037231445312,640.7786254882812,534.9228515625,660.2413330078125,552.2340087890625,621.1327514648438,568.108642578125
665.2032470703125,429.1845397949219,664.3267822265625,426.0686340332031,663.7936401367188,427.4886474609375,657.4482421875,427.92742919921875,661.6759033203125,432.5058898925781,654.480712890625,440.8875427246094,652.3154296875,454.9248046875,671.62646484375,442.0014343261719,666.577880859375,478.50262451171875,696.799072265625,429.4835205078125,687.2572631835938,473.7037658691406,649.6093139648438,491.4783935546875,644.6286010742188,498.29736328125,679.098388671875,524.6943359375,642.5839233398438,533.8296508789062,682.0137939453125,550.1373291015625,623.0350952148438,564.7166748046875
672.4966430664062,430.43988037109375,671.6177368164062,427.1752014160156,671.0089111328125,428.8035583496094,663.17919921875,427.60504150390625,667.3560791015625,433.20245361328125,656.1810913085938,440.91070556640625,660.019287109375,455.2459716796875,668.000732421875,447.71923828125,678.9898681640625,476.2933654785156,693.630859375,440.119873046875,706.0531005859375,464.1316833496094,653.5258178710938,491.30255126953125,651.1210327148438,498.9066162109375,685.9559936523438,521.9820556640625,644.250732421875,532.5079345703125,697.7168579101562,544.1622924804688,624.1909790039062,561.634765625
679.381591796875,431.93994140625,678.3905639648438,428.7970886230469,679.1110229492188,430.13372802734375,670.7313842773438,428.8706970214844,677.7109375,433.3229675292969,665.1095581054688,440.6841125488281,668.1766357421875,452.78472900390625,676.7203979492188,451.4691467285156,680.4903564453125,477.842529296875,702.4370727539062,443.1241455078125,704.6347045898438,467.4469909667969,661.4547729492188,490.617919921875,658.860595703125,496.26129150390625,695.992431640625,521.3317260742188,651.9556884765625,529.306396484375,703.3399047851562,544.8290405273438,628.082275390625,559.034912109375
685.4209594726562,431.8896789550781,684.7481079101562,428.5947265625,684.7595825195312,430.3439636230469,677.479736328125,427.7288513183594,683.4878540039062,433.72125244140625,670.7404174804688,437.1433410644531,674.4601440429688,454.972900390625,682.641845703125,441.54736328125,681.1510009765625,483.67413330078125,706.68310546875,430.0245361328125,696.4459838867188,478.4602355957031,671.1796264648438,486.937744140625,670.1649780273438,495.0941162109375,699.8756103515625,516.335205078125,660.1860961914062,527.779541015625,707.3667602539062,540.8721313476562,638.849365234375,559.8402709960938
691.9469604492188,431.49725341796875,690.8543701171875,428.3264465332031,690.81982421875,429.921142578125,683.3635864257812,428.54144287109375,688.1300048828125,433.7099304199219,677.1368408203125,437.7798156738281,679.7593994140625,454.5486145019531,690.1702270507812,438.3970642089844,683.9881591796875,481.7197265625,710.4959106445312,423.906982421875,693.9679565429688,480.42413330078125,676.7523803710938,486.5178527832031,675.81298828125,494.22900390625,704.2660522460938,513.4130859375,672.0758666992188,524.1131591796875,704.5709228515625,536.7703247070312,646.8037109375,554.326904296875
698.2044067382812,430.80841064453125,696.548828125,427.4329833984375,697.1596069335938,428.9624938964844,688.12060546875,427.6415710449219,694.4130859375,432.07379150390625,682.7357177734375,440.5279541015625,684.7155151367188,450.4073791503906,683.5198364257812,461.5129699707031,686.8258666992188,477.24859619140625,695.279052734375,469.3211975097656,697.5701293945312,478.12762451171875,680.0780029296875,487.8006591796875,678.7205200195312,493.16619873046875,710.16552734375,518.8327026367188,680.8196411132812,526.8986206054688,701.218017578125,538.6748046875,651.151611328125,553.1052856445312
701.2886962890625,429.8572998046875,699.5615844726562,426.5155334472656,699.5752563476562,427.76751708984375,691.8307495117188,426.797607421875,695.59130859375,429.6894836425781,687.5897216796875,439.91571044921875,686.17626953125,444.89105224609375,687.4996948242188,462.5078430175781,684.62841796875,470.6431579589844,700.117431640625,472.98614501953125,698.7113647460938,480.9925842285156,680.0004272460938,485.23101806640625,678.2451171875,488.22601318359375,703.8614501953125,518.6345825195312,689.98291015625,522.2908325195312,684.869140625,539.2830810546875,662.8907470703125,545.9818725585938
703.6339721679688,422.414306640625,701.2957763671875,419.098876953125,701.5738525390625,420.21044921875,691.8871459960938,421.04302978515625,697.2322387695312,423.1419982910156,686.5213012695312,437.33819580078125,689.1920166015625,439.5289306640625,683.9321899414062,461.2392272949219,685.6492919921875,464.4976501464844,695.3931884765625,473.0314636230469,696.2774047851562,478.9138488769531,678.4235229492188,482.21240234375,680.1542358398438,483.9397888183594,703.5626831054688,514.76318359375,697.774169921875,516.063720703125,682.3682250976562,537.4716796875,672.328857421875,540.2698364257812
705.067626953125,418.5354309082031,703.0720825195312,415.1463317871094,702.8727416992188,416.1060791015625,694.0693359375,416.7889404296875,697.9235229492188,418.5523376464844,687.9551391601562,432.6883239746094,689.7655029296875,434.70941162109375,686.4502563476562,454.9889831542969,685.8641967773438,458.9758605957031,695.97021484375,467.3630676269531,693.5786743164062,475.87969970703125,678.0830688476562,477.5426940917969,679.3074340820312,479.1962890625,704.0370483398438,510.200439453125,698.373779296875,511.38604736328125,688.4841918945312,535.827392578125,678.2440185546875,538.7470703125
705.7666015625,415.96923828125,702.9785766601562,412.162353515625,704.1522216796875,413.51043701171875,692.413818359375,413.0177307128906,701.3720092773438,415.96142578125,684.495361328125,428.2458190917969,694.4581298828125,432.3616943359375,680.6237182617188,449.6557312011719,690.041748046875,457.0529479980469,687.8837280273438,463.7301940917969,692.8436279296875,473.8107604980469,672.8209228515625,473.3226013183594,679.5263671875,476.0113525390625,702.7342529296875,503.76239013671875,701.8963012695312,506.53448486328125,690.6575927734375,533.3187255859375,685.4750366210938,538.4656982421875
705.296630859375,411.0792236328125,702.9933471679688,407.2618408203125,703.3236083984375,408.5589599609375,693.6420288085938,408.6975402832031,700.0936279296875,411.46478271484375,687.1197509765625,424.490966796875,692.8031616210938,428.9818115234375,688.0473022460938,442.3406066894531,689.187255859375,453.81024169921875,697.0707397460938,450.60894775390625,692.8305053710938,469.266845703125,673.487548828125,469.64459228515625,678.0638427734375,472.25439453125,698.4136352539062,502.0078125,700.5928344726562,504.31494140625,688.814208984375,535.215087890625,691.5571899414062,539.2258911132812
704.4110717773438,409.5965576171875,701.3114624023438,405.5301818847656,702.9712524414062,407.2523193359375,689.9774169921875,406.548828125,700.6550903320312,410.7622375488281,681.3477783203125,423.5331115722656,695.5946655273438,430.65460205078125,677.015380859375,443.7801513671875,691.9384155273438,457.71368408203125,680.7109985351562,458.8293151855469,693.4389038085938,475.8873291015625,671.1014404296875,470.7850036621094,681.3396606445312,474.6357116699219,693.5259399414062,501.8536376953125,702.4072265625,506.00457763671875,689.9609375,535.92529296875,698.9160766601562,542.2651977539062
703.2589721679688,409.6536865234375,699.8983764648438,405.5272521972656,702.2249145507812,407.26043701171875,687.7732543945312,406.6246032714844,700.7228393554688,411.05853271484375,677.3751220703125,424.5199279785156,697.5324096679688,432.4260559082031,673.1380615234375,447.3870849609375,695.21484375,461.6754455566406,677.3760375976562,467.14349365234375,697.5359497070312,482.7879638671875,669.0454711914062,473.3677673339844,683.6786499023438,477.6474914550781,690.2570190429688,504.24853515625,707.1827392578125,509.1971435546875,683.5658569335938,537.0816650390625,701.6202392578125,544.5379638671875
700.3739013671875,411.2456970214844,697.1599731445312,407.3143310546875,699.849853515625,408.742919921875,685.2609252929688,408.74908447265625,699.3640747070312,412.51959228515625,674.6819458007812,426.9170837402344,697.5155639648438,433.65338134765625,666.8258666992188,450.3371276855469,696.0228881835938,461.5840148925781,667.475830078125,471.5856628417969,697.9262084960938,482.9598083496094,669.3139038085938,474.7014465332031,685.8700561523438,478.2995910644531,682.8193969726562,506.621337890625,704.4783935546875,510.98663330078125,675.4204711914062,538.5823974609375,700.5015869140625,545.2311401367188
699.5894775390625,413.0012512207031,696.2774658203125,408.97491455078125,698.7280883789062,410.5181579589844,684.0462036132812,409.9430236816406,697.2742309570312,413.9247741699219,674.2352905273438,427.29010009765625,695.6175537109375,434.47857666015625,668.1903686523438,450.8040771484375,694.7003173828125,462.7432556152344,671.921630859375,471.0812683105469,697.6846313476562,482.9685363769531,669.66455078125,475.55120849609375,686.0418090820312,479.3119201660156,677.5858154296875,506.6800537109375,703.5425415039062,511.1204833984375,666.3048706054688,537.0184326171875,699.8016357421875,543.721435546875
697.0962524414062,413.9310607910156,693.9801635742188,409.9314880371094,696.3287963867188,411.3604736328125,682.0364379882812,410.798583984375,695.2522583007812,414.5296630859375,672.1509399414062,428.0644836425781,694.0941772460938,434.85369873046875,666.2075805664062,452.6739501953125,694.7617797851562,463.76507568359375,671.115478515625,474.3288269042969,699.382080078125,485.4314270019531,667.0191040039062,475.3858642578125,684.2239990234375,478.93402099609375,670.3292236328125,506.66357421875,700.6148681640625,510.8602294921875,657.0670776367188,537.002197265625,698.3714599609375,543.480712890625
692.906005859375,413.6221008300781,690.4805297851562,410.0428161621094,692.963134765625,410.8677978515625,679.777587890625,410.6318054199219,693.4780883789062,413.4598083496094,667.5706176757812,428.16204833984375,694.0465698242188,433.529052734375,658.3246459960938,453.3106994628906,696.184326171875,462.31842041015625,660.0325927734375,479.4782409667969,697.7638549804688,484.48516845703125,663.7530517578125,475.48626708984375,683.9887084960938,478.1156005859375,663.8402709960938,505.77972412109375,700.5929565429688,509.833984375,650.4818115234375,536.85205078125,697.8086547851562,543.2909545898438
692.9923706054688,412.2720947265625,690.6323852539062,408.79315185546875,693.2040405273438,409.5654296875,679.398193359375,409.2179260253906,692.9532470703125,412.11846923828125,666.1358642578125,426.51361083984375,692.0826416015625,431.83074951171875,651.6973266601562,451.0312805175781,693.930908203125,459.6297607421875,648.7825927734375,476.4100341796875,697.4832763671875,481.6842041015625,661.3451538085938,473.37933349609375,680.8485717773438,475.9066162109375,659.0322875976562,506.38555908203125,694.8197631835938,510.293212890625,647.81005859375,539.1613159179688,695.05859375,545.3505249023438
690.8723754882812,408.3533935546875,688.7107543945312,404.83843994140625,691.1619873046875,405.6276550292969,677.8359375,405.4809265136719,690.533935546875,408.67578125,663.9840087890625,422.9991455078125,689.8510131835938,429.5777282714844,646.50439453125,445.4975280761719,694.4841918945312,457.34698486328125,636.4857177734375,470.0018615722656,699.8439331054688,479.2480773925781,658.6328125,471.6966247558594,677.451416015625,474.6990966796875,655.17822265625,505.85760498046875,691.3656616210938,510.724609375,645.4027099609375,539.3866577148438,692.7145385742188,546.823974609375
688.4522705078125,406.6925964355469,686.2015380859375,402.9656982421875,688.5484008789062,403.8257141113281,674.8771362304688,404.08160400390625,688.01904296875,407.1743469238281,661.5104370117188,421.9722900390625,688.4100341796875,427.8192138671875,644.373046875,444.88677978515625,695.37255859375,454.0517883300781,630.6090698242188,467.343994140625,702.4169921875,472.3089599609375,652.2569580078125,469.5516357421875,670.9075317382812,472.3663330078125,651.753662109375,504.65704345703125,687.5698852539062,508.9755859375,645.1871948242188,537.50244140625,691.0623168945312,543.9019165039062
685.62939453125,406.9324951171875,683.2424926757812,402.9576416015625,686.0234985351562,404.13055419921875,672.073974609375,403.7144775390625,686.7610473632812,407.68255615234375,658.11865234375,420.657958984375,687.19677734375,428.0748291015625,638.941162109375,439.97149658203125,695.8038330078125,453.3166198730469,625.5625,462.67572021484375,705.546630859375,473.5325927734375,646.2171020507812,467.0690612792969,665.235595703125,470.3576965332031,649.0712280273438,502.9188232421875,680.3638305664062,507.82037353515625,640.9483032226562,535.2822265625,678.8041381835938,542.4603881835938
686.8359985351562,406.9323425292969,684.7886352539062,403.3309020996094,687.1278686523438,404.3480224609375,673.632568359375,403.97003173828125,684.7064819335938,407.962158203125,657.1590576171875,418.7874450683594,683.48486328125,428.0402526855469,639.1859130859375,439.5412292480469,694.5872192382812,453.7908935546875,627.68115234375,463.08685302734375,708.313720703125,473.4024353027344,643.8113403320312,466.7691345214844,660.252197265625,471.25665283203125,648.917724609375,500.35693359375,671.1231079101562,506.916259765625,640.1838989257812,533.5294189453125,662.7730102539062,542.6177978515625
684.448974609375,407.3447265625,682.5377807617188,403.9183349609375,684.7734375,404.90704345703125,672.381103515625,405.12542724609375,682.8388671875,408.9219055175781,657.4678344726562,420.1792297363281,681.0210571289062,428.78466796875,639.2089233398438,441.29876708984375,693.1797485351562,454.1219177246094,625.2277221679688,464.800537109375,707.9063110351562,471.7340087890625,642.1987915039062,468.27679443359375,655.60009765625,472.2938537597656,649.7644653320312,502.26300048828125,662.4597778320312,508.6097412109375,638.8782348632812,531.3751831054688,646.6904907226562,540.360595703125
685.7207641601562,410.03057861328125,682.4322509765625,405.9929504394531,685.75830078125,407.3753662109375,668.8056030273438,407.6569519042969,684.0673828125,411.8409423828125,654.81494140625,425.144775390625,682.1739501953125,433.3532409667969,634.0968627929688,443.19000244140625,694.1624145507812,458.1788635253906,616.3324584960938,467.2782897949219,705.2708129882812,477.29718017578125,637.3991088867188,471.29852294921875,652.9075317382812,474.34649658203125,647.4069213867188,505.897705078125,661.7696533203125,511.1787109375,629.7667846679688,534.5445556640625,640.087890625,543.0850219726562
679.2178344726562,415.119384765625,677.19091796875,411.94842529296875,680.033447265625,413.0713195800781,668.590087890625,413.35858154296875,680.2598876953125,417.32257080078125,655.4375,427.617431640625,679.0092163085938,436.1300354003906,636.7987060546875,449.6808166503906,690.5924682617188,462.92034912109375,621.8436279296875,471.5210876464844,704.84619140625,479.4396667480469,636.486328125,474.61004638671875,649.1055297851562,478.21527099609375,646.0260009765625,508.90826416015625,653.1632690429688,514.9364013671875,631.832275390625,537.173828125,628.4202270507812,545.68115234375
679.2019653320312,418.6247863769531,676.52978515625,415.5810852050781,679.4904174804688,416.78564453125,665.9090576171875,417.4995422363281,677.422607421875,421.50079345703125,652.779052734375,431.8553466796875,674.884033203125,439.3721008300781,635.998291015625,455.25958251953125,689.21435546875,464.22509765625,623.6256713867188,477.0560302734375,704.8187866210938,474.94921875,632.581787109375,477.5102233886719,644.04931640625,480.9104919433594,649.0538330078125,510.3695068359375,654.4288330078125,516.3875122070312,631.3629760742188,537.10791015625,625.8353881835938,546.627685546875
677.3817749023438,422.2126770019531,674.9769897460938,418.5540466308594,677.5503540039062,419.7450256347656,663.1348876953125,420.1147155761719,675.8192749023438,424.0603942871094,648.578125,436.79278564453125,673.3350830078125,442.9470520019531,629.8269653320312,456.11175537109375,692.8869018554688,461.0774841308594,615.8690795898438,477.2807312011719,709.857666015625,465.01934814453125,626.4254760742188,478.0888977050781,638.9484252929688,480.6513977050781,647.9630126953125,511.89898681640625,656.1031494140625,517.040283203125,634.9255981445312,541.923828125,635.80029296875,551.698486328125
674.3492431640625,420.1529235839844,672.5401000976562,417.3791809082031,674.697509765625,418.1927185058594,663.0872192382812,418.82977294921875,671.760498046875,422.41204833984375,649.5913696289062,432.96533203125,669.8190307617188,437.3567810058594,633.2767333984375,458.1152648925781,691.3982543945312,451.46673583984375,618.2457885742188,481.664306640625,705.827880859375,439.32464599609375,627.8333129882812,477.4118957519531,638.4151000976562,479.4646911621094,639.1012573242188,507.5367431640625,652.4100341796875,514.3471069335938,620.0604858398438,531.5679321289062,628.0757446289062,545.5546875
673.5599975585938,417.1123046875,671.505859375,413.43951416015625,674.1305541992188,414.56365966796875,661.1821899414062,414.43310546875,673.4525146484375,418.212646484375,647.45751953125,430.7564392089844,673.0584106445312,434.86456298828125,627.9102172851562,449.62823486328125,693.380859375,445.3133850097656,615.907470703125,472.0619812011719,713.0375366210938,443.5218200683594,626.9169921875,473.1371154785156,640.9993896484375,474.78814697265625,633.2955322265625,507.48284912109375,651.23193359375,511.8433837890625,616.3189086914062,536.9968872070312,633.6832275390625,546.4228515625
671.3379516601562,410.6929931640625,669.6636962890625,407.18060302734375,672.3551025390625,408.2533874511719,660.35107421875,408.873046875,672.793212890625,412.8297424316406,647.7789916992188,425.8961486816406,674.61474609375,431.3298645019531,629.8799438476562,444.6898193359375,695.6363525390625,440.37371826171875,619.9461669921875,468.1188049316406,714.652099609375,435.44512939453125,636.2130126953125,469.2695617675781,651.7716674804688,471.4807434082031,627.012939453125,499.10687255859375,647.7607421875,504.88580322265625,611.6988525390625,528.9541625976562,632.9769897460938,541.0614013671875
672.4019775390625,404.41839599609375,670.539306640625,401.2463684082031,672.5663452148438,402.08984375,660.185791015625,403.87481689453125,670.3817138671875,406.91290283203125,648.3248901367188,422.27020263671875,673.3013916015625,425.4801330566406,636.7509765625,444.2670593261719,696.7352294921875,433.282958984375,635.7967529296875,463.652587890625,718.3165283203125,421.6821594238281,640.8820190429688,465.6663818359375,655.8776245117188,467.2182922363281,627.9393310546875,496.2193603515625,648.2642822265625,500.77838134765625,610.478271484375,526.140869140625,631.4548950195312,536.7703857421875
677.7322998046875,396.9713134765625,674.5994873046875,394.02471923828125,676.2950439453125,395.35003662109375,661.7656860351562,396.57684326171875,671.5601196289062,400.3619384765625,653.7682495117188,412.61651611328125,671.0822143554688,419.32318115234375,667.00146484375,423.3238220214844,690.6353759765625,431.6361083984375,690.7452392578125,419.6611328125,713.6634521484375,414.46319580078125,641.09521484375,461.6138610839844,653.5036010742188,464.61962890625,632.4185791015625,494.19903564453125,650.7374267578125,499.05584716796875,611.9801025390625,519.9789428710938,633.0505981445312,529.505615234375
681.9266967773438,390.6876220703125,680.5966796875,388.2648620605469,679.5613403320312,388.826171875,671.6303100585938,392.27606201171875,673.7332763671875,393.5994873046875,666.4264526367188,407.6827392578125,668.8353271484375,410.4827880859375,679.4802856445312,420.521728515625,688.3091430664062,424.909912109375,703.8817749023438,414.24652099609375,711.4539794921875,410.80548095703125,649.1974487304688,455.4623107910156,649.5492553710938,456.5780944824219,654.8905029296875,490.66815185546875,649.0629272460938,492.4183349609375,633.7904052734375,517.53857421875,620.4274291992188,521.6153564453125
686.8331909179688,386.30120849609375,684.5723266601562,383.6297607421875,684.7053833007812,384.30865478515625,675.0538330078125,386.8263244628906,678.6500244140625,387.6786193847656,671.3867797851562,403.8362121582031,673.0040283203125,403.82568359375,682.3058471679688,421.3335266113281,684.9117431640625,420.80438232421875,708.1492309570312,417.4439697265625,711.9772338867188,414.6466369628906,656.7488403320312,452.17193603515625,656.8912963867188,451.84130859375,666.0245971679688,488.86492919921875,657.0888671875,487.7073669433594,634.416015625,510.4580078125,618.2459716796875,510.119140625
689.9778442382812,381.8081359863281,687.9471435546875,379.04150390625,688.3347778320312,379.6017150878906,678.5623779296875,381.5145263671875,683.1651611328125,382.5367431640625,671.31689453125,398.25286865234375,678.447998046875,399.4687805175781,682.3595581054688,419.049072265625,688.6416625976562,421.96337890625,709.6012573242188,417.5470275878906,714.2720947265625,419.2133483886719,656.1707153320312,450.51092529296875,660.3589477539062,451.1776123046875,673.7296752929688,484.779296875,673.0311279296875,485.15069580078125,639.4065551757812,498.24212646484375,630.13232421875,499.7982177734375
696.2968139648438,380.4811096191406,694.545654296875,377.51611328125,694.1075439453125,378.1634521484375,685.2513427734375,379.994873046875,687.5789794921875,381.52001953125,677.8982543945312,396.5767517089844,681.711181640625,399.2052917480469,688.2846069335938,414.96868896484375,692.8909301757812,421.9416198730469,712.6128540039062,415.6078796386719,716.3932495117188,423.0063781738281,662.6605834960938,446.37078857421875,664.8060302734375,447.7444763183594,678.4415283203125,481.49456787109375,681.1416015625,482.94439697265625,644.109375,498.499755859375,641.1945190429688,501.626953125
701.1964721679688,379.7742614746094,699.053466796875,376.9844970703125,698.8141479492188,377.510009765625,689.1617431640625,380.5267333984375,691.635986328125,381.1324462890625,683.9292602539062,397.5205993652344,685.9140014648438,397.9388122558594,694.8216552734375,417.17828369140625,696.4713134765625,419.25640869140625,719.994140625,417.7742919921875,721.9312133789062,421.624267578125,672.6771240234375,443.8656311035156,673.8488159179688,444.2350769042969,684.9041137695312,478.8247985839844,684.3834838867188,478.25213623046875,652.5521850585938,497.633056640625,648.2989501953125,497.65362548828125
705.6842041015625,381.5793151855469,703.4309692382812,378.803955078125,703.88818359375,379.41473388671875,693.4552001953125,381.54656982421875,698.354248046875,382.58648681640625,688.7066650390625,397.933837890625,691.773681640625,398.86688232421875,699.0843505859375,416.09967041015625,703.7985229492188,418.7571716308594,724.7181396484375,416.21551513671875,729.7344360351562,419.06158447265625,674.3435668945312,443.24847412109375,676.1248779296875,443.54998779296875,682.1755981445312,478.2852478027344,680.3291015625,477.9234313964844,651.9362182617188,497.8660888671875,647.3784790039062,498.6456298828125
712.2235717773438,382.78131103515625,710.748291015625,380.3348388671875,710.9662475585938,380.4280090332031,703.5689086914062,383.3734130859375,706.0321044921875,382.9345703125,702.163330078125,398.9786376953125,694.5126342773438,399.6269836425781,712.1444091796875,414.8204345703125,691.2467651367188,422.45654296875,732.16259765625,416.0729064941406,696.3814697265625,439.6820983886719,684.79931640625,440.8734436035156,680.6506958007812,440.633056640625,688.3998413085938,474.3504943847656,683.4771118164062,473.2790832519531,654.197021484375,496.5765380859375,650.68212890625,496.47540283203125
716.653564453125,383.3317565917969,716.6862182617188,380.88092041015625,715.4384765625,380.9404602050781,711.0142822265625,381.9757080078125,710.5883178710938,382.206298828125,706.039794921875,394.3023681640625,700.7561645507812,395.9365539550781,714.9578247070312,410.9240417480469,714.4317016601562,414.9864196777344,740.77197265625,414.2823181152344,743.3755493164062,414.4064636230469,695.7926025390625,438.42840576171875,688.0873413085938,438.9464416503906,718.7092895507812,470.9544677734375,680.7607421875,471.895751953125,708.2733764648438,489.10711669921875,644.9478149414062,492.89691162109375
725.0235595703125,383.0998229980469,725.7304077148438,380.84912109375,724.18701171875,380.65667724609375,720.2328491210938,382.16485595703125,719.7483520507812,382.28485107421875,713.3054809570312,394.1289978027344,708.6805419921875,396.88043212890625,722.9374389648438,409.2873840332031,724.226318359375,414.3166809082031,747.8595581054688,413.1241149902344,750.766845703125,411.1402587890625,702.823974609375,432.98419189453125,694.1756591796875,434.24737548828125,730.8720092773438,460.2090759277344,679.3347778320312,462.9064636230469,735.7095947265625,482.98199462890625,649.6671142578125,490.94647216796875
732.7335205078125,382.920166015625,733.30078125,380.30859375,732.5810546875,380.0725402832031,725.2158203125,380.26397705078125,728.39794921875,380.8056640625,715.228759765625,390.9234619140625,715.7024536132812,396.3179626464844,719.6779174804688,409.0149841308594,728.0072021484375,418.4222412109375,739.9894409179688,414.8045654296875,748.4805908203125,412.2298278808594,706.3368530273438,435.1246337890625,700.6243896484375,437.65374755859375,738.7073974609375,461.4722595214844,687.5547485351562,466.8992004394531,745.6417236328125,477.3268737792969,658.8065185546875,489.76611328125
742.94775390625,381.4664001464844,742.99755859375,378.7015686035156,741.8878173828125,378.9382019042969,735.0233764648438,379.6463623046875,736.5264892578125,380.9020080566406,726.4857177734375,391.75958251953125,726.0047607421875,396.63336181640625,730.75732421875,406.67938232421875,737.8405151367188,416.00933837890625,749.4367065429688,410.1380615234375,757.1071166992188,411.6852722167969,714.5095825195312,433.82098388671875,708.6124877929688,435.602294921875,740.0909423828125,459.58453369140625,693.7626342773438,463.3007507324219,748.7919921875,473.57379150390625,667.9242553710938,482.64056396484375
752.6513061523438,381.8645324707031,753.2706909179688,378.86090087890625,752.11572265625,379.4654541015625,747.681640625,377.8647766113281,748.7314453125,380.6864013671875,736.2664794921875,387.64990234375,735.916259765625,396.9521179199219,733.616943359375,400.60137939453125,727.6797485351562,422.841064453125,745.3609619140625,409.6733703613281,730.967529296875,436.78985595703125,720.3607788085938,430.3299865722656,716.435546875,434.3693542480469,743.049560546875,456.73388671875,701.120361328125,463.69671630859375,745.16650390625,472.8746337890625,671.5403442382812,486.4778137207031
759.1656494140625,385.8139343261719,757.9663696289062,382.7800598144531,758.1466064453125,383.3253173828125,749.9287719726562,382.6495361328125,753.5730590820312,383.91424560546875,742.2708129882812,393.7670593261719,742.815673828125,397.4515380859375,737.7323608398438,409.5771789550781,732.90478515625,419.4570007324219,742.1680297851562,418.32025146484375,733.4940185546875,439.6273193359375,724.7258911132812,433.6375732421875,728.3482055664062,435.4120788574219,720.5025634765625,460.12017822265625,741.0158081054688,462.46539306640625,695.6679077148438,475.90972900390625,732.9947509765625,481.984619140625
766.5076293945312,385.7371826171875,766.762939453125,382.90557861328125,764.786865234375,383.4220275878906,762.2451782226562,384.0906982421875,758.8375854492188,385.7593994140625,754.7500610351562,392.05328369140625,749.5330200195312,403.30029296875,762.792236328125,383.6808776855469,744.703857421875,425.04302978515625,775.987060546875,368.7871398925781,745.5617065429688,444.7615051269531,738.7363891601562,435.935791015625,734.1054077148438,439.44903564453125,740.5054931640625,464.6656799316406,721.5105590820312,469.50616455078125,721.7548828125,480.3348388671875,685.7828369140625,489.2376708984375
776.3364868164062,390.3556213378906,775.6115112304688,387.20062255859375,774.5194702148438,388.2354431152344,768.6163330078125,386.992919921875,770.0350341796875,389.70526123046875,758.6392211914062,397.58209228515625,759.621337890625,403.4808044433594,751.7070922851562,413.40740966796875,752.4624633789062,432.19329833984375,764.4359130859375,424.9961242675781,762.2391357421875,457.6175842285156,734.3748168945312,436.797607421875,733.8577270507812,438.5212097167969,748.882080078125,470.6744384765625,734.3104248046875,472.850830078125,719.4239501953125,482.6361083984375,693.86083984375,486.83636474609375
783.4454956054688,393.38385009765625,781.720703125,389.8394470214844,782.45068359375,390.8609313964844,772.6763916015625,389.114501953125,778.0781860351562,391.89654541015625,761.9994506835938,401.3564453125,765.8223876953125,404.4260559082031,752.5322265625,426.99041748046875,755.5628662109375,432.08892822265625,763.5865478515625,451.4041748046875,763.6768798828125,456.5295104980469,730.1641845703125,436.224609375,732.4683227539062,437.2554016113281,743.1409912109375,470.80291748046875,741.3412475585938,472.42889404296875,705.7064208984375,483.15142822265625,701.4832153320312,487.0843811035156
783.7952270507812,399.63836669921875,783.8856811523438,396.37249755859375,782.9684448242188,396.790771484375,779.7046508789062,394.64630126953125,779.2301635742188,396.080078125,768.8274536132812,404.8323669433594,766.351806640625,405.8074951171875,759.0321044921875,430.3457946777344,754.6573486328125,432.25860595703125,764.9962768554688,454.2144470214844,761.7703857421875,458.34210205078125,731.3507080078125,436.0752258300781,730.176025390625,436.2540283203125,748.9769897460938,467.8493347167969,750.5199584960938,468.5868835449219,709.788330078125,480.5348205566406,713.3223266601562,483.9480285644531
788.3313598632812,400.0757141113281,788.2413940429688,396.828369140625,787.7288208007812,397.05706787109375,783.217529296875,394.8211364746094,783.6937866210938,395.79833984375,773.2343139648438,404.0816345214844,769.1982421875,405.2541809082031,761.896484375,428.482421875,755.5542602539062,430.1330261230469,766.124267578125,453.8603820800781,755.896240234375,456.6955871582031,739.0723876953125,434.0609130859375,737.0340576171875,434.58099365234375,757.6774291992188,463.9217529296875,757.0325927734375,465.1607666015625,718.9359130859375,475.5079345703125,722.7302856445312,479.3421630859375
793.4916381835938,397.03460693359375,793.664794921875,393.80914306640625,792.4026489257812,393.835205078125,778.629150390625,392.009765625,785.3037109375,392.22271728515625,766.468994140625,400.8387756347656,773.4554443359375,402.30010986328125,760.4285888671875,419.86224365234375,767.98828125,422.43621826171875,763.5570678710938,435.5158996582031,769.6631469726562,438.7233581542969,742.3714599609375,430.66448974609375,746.1229858398438,430.9488220214844,753.874755859375,450.4436340332031,757.2452392578125,451.3636779785156,741.934814453125,470.755859375,744.6498413085938,473.48321533203125
796.04443359375,393.6187744140625,795.9312744140625,390.37689208984375,794.7857666015625,390.59332275390625,780.414306640625,388.6369323730469,786.5404052734375,389.3711853027344,768.9678955078125,397.8811950683594,774.23193359375,399.80572509765625,765.7267456054688,416.4471740722656,769.6052856445312,419.57672119140625,766.42236328125,425.7533874511719,771.7384033203125,429.3801574707031,742.710205078125,428.450439453125,745.54541015625,428.8710632324219,754.0580444335938,448.117431640625,758.8402709960938,449.0718994140625,744.0225830078125,468.1486511230469,749.84326171875,470.90179443359375
796.8033447265625,390.2708435058594,797.1090698242188,387.19232177734375,795.5616455078125,387.166015625,784.81494140625,386.165771484375,787.566650390625,386.15960693359375,773.7051391601562,396.4904479980469,774.8422241210938,397.2316589355469,766.8877563476562,418.23944091796875,767.1937255859375,419.4480285644531,763.7372436523438,433.6311340332031,768.2496948242188,436.1097106933594,746.9232177734375,427.6061706542969,746.7791137695312,427.5675964355469,760.0829467773438,445.55560302734375,759.4193725585938,446.35736083984375,749.8458862304688,466.916015625,749.6142578125,469.1125183105469
796.0555419921875,389.58673095703125,796.061279296875,386.43463134765625,794.6244506835938,386.3831481933594,783.599365234375,385.1472473144531,786.0729370117188,384.8311767578125,772.7775268554688,394.520263671875,773.2838134765625,395.13214111328125,770.0662231445312,417.6232604980469,767.9586181640625,419.43896484375,772.4693603515625,434.90032958984375,771.96533203125,437.29840087890625,747.7286376953125,424.26959228515625,747.5477905273438,424.6181335449219,767.4828491210938,438.9097595214844,768.3856811523438,440.10845947265625,756.2681884765625,465.5819091796875,758.9552612304688,468.0201721191406
790.7398071289062,385.4563903808594,790.7490844726562,382.0271301269531,789.820556640625,382.246337890625,779.5709228515625,380.2530822753906,783.106201171875,380.51513671875,768.6201171875,390.0816650390625,773.1131591796875,391.4447021484375,764.8765869140625,414.27655029296875,770.3416748046875,416.9916076660156,768.0450439453125,432.96539306640625,774.4635009765625,436.0095520019531,746.5921630859375,423.5191955566406,750.2041625976562,424.17425537109375,760.9270629882812,443.60260009765625,773.389404296875,444.9035949707031,752.17333984375,472.4520568847656,771.6607666015625,474.5881652832031
789.0780029296875,379.9173583984375,788.9347534179688,376.26751708984375,788.1387329101562,376.5394287109375,777.7197875976562,374.3956298828125,781.4655151367188,374.7879638671875,766.6935424804688,385.00067138671875,771.8306884765625,386.7042236328125,763.1219482421875,410.7110900878906,769.90478515625,413.9716491699219,768.8128051757812,432.4853515625,776.0479125976562,435.7864685058594,746.87548828125,421.356689453125,751.1624145507812,422.2494201660156,760.300537109375,443.8615417480469,774.598388671875,445.2171630859375,751.836669921875,472.6712646484375,773.6909790039062,474.8293762207031
783.1942749023438,373.45709228515625,780.5414428710938,369.9119873046875,783.307373046875,371.2126159667969,769.4586181640625,368.53228759765625,781.0235595703125,372.5093688964844,753.7111206054688,379.2847900390625,777.4901123046875,387.86126708984375,740.1641845703125,397.6239013671875,780.9917602539062,413.59503173828125,740.4273071289062,418.66119384765625,790.5283203125,439.7350769042969,737.1320190429688,419.06280517578125,753.2377319335938,423.67449951171875,758.2572021484375,442.3620910644531,777.4480590820312,447.93096923828125,745.9801635742188,465.67999267578125,766.5752563476562,474.57666015625
780.3203125,372.2584533691406,777.5150756835938,368.4621887207031,780.4570922851562,369.8567810058594,767.103759765625,367.12738037109375,778.6199951171875,371.2203369140625,753.0852661132812,379.8546447753906,776.1181640625,387.05706787109375,735.4664306640625,398.7630310058594,778.7923583984375,411.1807861328125,728.1987915039062,418.34912109375,790.10400390625,434.6368713378906,739.0359497070312,420.3003234863281,753.396240234375,424.0947570800781,758.6744384765625,443.8496398925781,772.402587890625,448.0662536621094,754.022705078125,470.626220703125,764.31201171875,476.3008117675781
777.569580078125,368.34716796875,774.8080444335938,364.7840270996094,777.9202270507812,365.83648681640625,763.657470703125,364.8207702636719,776.2779541015625,368.1527099609375,749.4757080078125,378.9390563964844,774.4580078125,385.31353759765625,731.7003784179688,397.0362854003906,778.1591796875,408.30029296875,723.2283935546875,416.6612243652344,789.4141845703125,431.4320983886719,740.6309814453125,419.8861083984375,755.4550170898438,423.36676025390625,760.0152587890625,444.757568359375,769.5660400390625,448.582275390625,761.9307861328125,471.159423828125,763.343017578125,475.7230224609375
773.7933959960938,365.7839660644531,771.1160888671875,362.2335205078125,774.0245971679688,363.0244140625,759.1498413085938,362.6845703125,772.2852783203125,365.4147033691406,744.72509765625,377.7554931640625,771.2235107421875,383.257568359375,728.09423828125,395.7554931640625,774.369140625,404.6582336425781,720.8365478515625,416.7275085449219,780.8894653320312,425.97686767578125,740.2740478515625,420.5169982910156,756.7567138671875,423.50238037109375,755.4841918945312,443.6888732910156,768.26416015625,447.2652893066406,757.579345703125,472.8328857421875,764.083740234375,477.37969970703125
768.13818359375,361.7285461425781,765.8817138671875,358.60528564453125,769.1723022460938,359.16778564453125,755.9684448242188,359.9795837402344,770.6996459960938,362.14471435546875,742.400634765625,375.9852600097656,771.194580078125,380.5113830566406,726.6484375,394.4623107910156,772.6151123046875,400.20245361328125,720.3106689453125,415.2289733886719,774.5684204101562,418.24981689453125,740.2727661132812,419.64862060546875,758.7576904296875,422.12213134765625,751.8330688476562,443.7979736328125,766.9248046875,447.6407470703125,753.4163818359375,471.34161376953125,761.8711547851562,477.5157775878906
768.022216796875,360.4703063964844,764.7968139648438,356.8422546386719,767.8271484375,357.6642150878906,751.0967407226562,358.2539367675781,765.8663330078125,360.7327575683594,737.60888671875,375.8544006347656,765.75390625,380.4692687988281,722.53369140625,394.5772705078125,767.1903076171875,402.3913879394531,718.83056640625,414.847900390625,770.9329223632812,423.89947509765625,736.333251953125,421.14495849609375,755.5195922851562,423.5306701660156,745.1986083984375,449.3923645019531,766.9008178710938,451.8153991699219,744.7271728515625,479.85235595703125,767.6731567382812,482.6356506347656
763.6564331054688,361.25897216796875,760.4501342773438,357.71649169921875,763.5100708007812,358.326416015625,747.4359130859375,359.761962890625,762.7841796875,361.3927917480469,735.24560546875,377.7124328613281,763.3236083984375,380.34783935546875,720.084228515625,396.27056884765625,764.6834106445312,402.9882507324219,715.8158569335938,415.708984375,768.3649291992188,427.6703796386719,733.7174682617188,421.6817626953125,753.1363525390625,423.01031494140625,741.8941650390625,452.1759338378906,766.2511596679688,452.9312438964844,739.0615234375,482.8287048339844,767.0439453125,482.94244384765625
761.9122314453125,364.5579833984375,758.5154418945312,360.9347839355469,761.7102661132812,361.57415771484375,745.5020141601562,362.62725830078125,761.3641357421875,364.21343994140625,733.9916381835938,380.07684326171875,763.2819213867188,382.5755615234375,719.1959228515625,399.2832336425781,764.2399291992188,405.1430358886719,715.1803588867188,419.2134094238281,765.6076049804688,429.2544860839844,734.9612426757812,424.5569763183594,755.3862915039062,425.837158203125,741.45361328125,454.9018249511719,766.9743041992188,455.68511962890625,736.613525390625,486.9326171875,765.3980102539062,486.964111328125
757.896240234375,368.7944641113281,754.5679931640625,365.1537780761719,757.7290649414062,365.7821044921875,742.367919921875,366.44873046875,757.9977416992188,367.9007568359375,731.62353515625,383.1639404296875,760.6948852539062,385.3280029296875,717.7985229492188,402.5154113769531,762.5860595703125,408.01947021484375,714.9093017578125,421.4208984375,765.3815307617188,431.8495788574219,733.5676879882812,428.2396545410156,753.5216674804688,429.4161376953125,741.6522827148438,458.56451416015625,765.0391845703125,459.0799255371094,735.5407104492188,491.05450439453125,760.017578125,490.4451904296875
753.1094360351562,370.1636962890625,750.5358276367188,367.07904052734375,753.6982421875,367.6990051269531,741.8927001953125,369.2706604003906,756.8277587890625,370.7948913574219,731.9453735351562,386.3002624511719,761.28515625,389.2411804199219,718.8549194335938,407.8282470703125,763.3552856445312,413.3209533691406,714.53955078125,429.22265625,765.4817504882812,437.833251953125,733.884765625,432.1953125,753.8790893554688,433.7517395019531,739.9232788085938,460.8088684082031,763.2486572265625,462.663330078125,731.8988647460938,490.5618896484375,753.171630859375,492.48687744140625
753.00732421875,372.5323791503906,750.0232543945312,369.0563049316406,752.8580322265625,369.6800842285156,738.8818969726562,371.13330078125,752.9691772460938,372.65057373046875,728.3027954101562,389.3533935546875,756.4758911132812,392.0706787109375,716.168701171875,410.99322509765625,760.8934326171875,415.9681701660156,712.4945068359375,430.5166320800781,766.3524780273438,437.5318603515625,731.9429321289062,435.36273193359375,750.4976806640625,436.8341369628906,741.0296630859375,466.72296142578125,759.245361328125,468.055419921875,735.5255126953125,495.9881591796875,749.7978515625,496.9473876953125
751.6861572265625,372.7595520019531,748.9039306640625,369.3449401855469,751.6581420898438,369.8857727050781,738.3076171875,371.579345703125,752.2916870117188,372.94854736328125,727.9927978515625,389.9235534667969,755.5054321289062,392.313232421875,715.8024291992188,412.60693359375,760.386962890625,416.80987548828125,710.2090454101562,431.9739990234375,765.3934326171875,436.68841552734375,729.4501953125,436.42034912109375,747.2515258789062,437.65203857421875,739.09521484375,469.7679443359375,756.1356201171875,471.1228332519531,733.9342651367188,499.0496826171875,745.8582763671875,500.13037109375
750.3440551757812,373.5562744140625,747.8097534179688,370.143798828125,750.5267944335938,370.631591796875,737.1718139648438,372.7843322753906,752.1939697265625,374.312744140625,726.3028564453125,391.736572265625,755.3529052734375,394.4795837402344,714.893798828125,415.67523193359375,761.080322265625,418.9378967285156,710.2705078125,436.29791259765625,764.013427734375,435.75115966796875,726.5744018554688,437.72967529296875,745.143798828125,439.13623046875,735.576171875,472.2291564941406,751.8865966796875,474.41143798828125,731.5084228515625,501.001953125,741.0457763671875,503.88751220703125
748.7950439453125,374.50146484375,746.5156860351562,371.1248474121094,749.0001831054688,371.5623779296875,736.3273315429688,373.99517822265625,751.2421875,375.49420166015625,725.86279296875,393.2786865234375,754.818359375,396.36224365234375,716.4526977539062,417.4554443359375,761.6173095703125,420.693115234375,712.7091674804688,438.303955078125,762.7069702148438,435.9287109375,727.026123046875,438.509765625,745.3572998046875,440.0393371582031,733.9227294921875,473.70941162109375,747.5499877929688,476.42987060546875,733.4402465820312,503.99029541015625,738.2195434570312,508.2257080078125
747.4769897460938,377.0461730957031,745.3949584960938,373.9005432128906,747.9401245117188,374.2059631347656,735.6663818359375,377.0108337402344,750.5669555664062,378.3290100097656,725.4754028320312,396.2908020019531,754.3082275390625,399.05462646484375,715.952392578125,421.6350402832031,762.22119140625,423.73577880859375,712.1621704101562,441.0860290527344,763.6776733398438,435.210693359375,727.1161499023438,442.5259704589844,744.9932250976562,443.6999206542969,733.44482421875,478.1683349609375,743.9136962890625,480.79083251953125,735.0263061523438,511.130615234375,733.6444091796875,515.2666625976562
747.7966918945312,379.92218017578125,745.6302490234375,376.8298645019531,748.321533203125,377.1199035644531,735.2701416015625,379.6946105957031,750.2871704101562,381.2165832519531,725.1829833984375,398.67681884765625,753.2213745117188,402.19744873046875,716.6010131835938,425.3544616699219,761.7111206054688,426.8401794433594,710.5245361328125,442.5789489746094,759.8682250976562,429.96466064453125,726.8407592773438,446.1333923339844,743.9672241210938,447.6661682128906,733.490478515625,480.525634765625,742.6849365234375,484.5870666503906,734.9697265625,510.24530029296875,729.9163818359375,517.2606811523438
748.26513671875,382.621337890625,745.7098388671875,379.33367919921875,748.4658813476562,379.7642822265625,734.1826782226562,381.57916259765625,749.4326171875,383.2724304199219,723.7243041992188,399.9491882324219,752.6398315429688,403.6548156738281,714.5072021484375,426.1711730957031,759.4094848632812,429.36151123046875,710.6126708984375,444.045654296875,757.7814331054688,437.73077392578125,725.5963134765625,448.37237548828125,743.9193725585938,449.9971008300781,730.0557861328125,483.9648742675781,742.9871215820312,487.33074951171875,731.8717041015625,515.9633178710938,733.49169921875,521.3239135742188
747.1861572265625,384.1635437011719,744.4572143554688,380.82684326171875,747.2598876953125,381.3682861328125,732.9166870117188,382.7990417480469,747.579345703125,384.5315246582031,722.5452880859375,400.9080810546875,750.2587890625,403.88250732421875,712.1047973632812,426.0074462890625,755.8280639648438,429.0448913574219,709.7232055664062,446.014404296875,758.9657592773438,443.6761474609375,722.7443237304688,449.0931701660156,740.5850219726562,450.32476806640625,726.945556640625,485.0643310546875,741.8676147460938,487.11273193359375,725.2415771484375,517.7528076171875,732.5502319335938,520.6978759765625
746.595703125,384.3717956542969,743.5526733398438,380.9126281738281,746.5170288085938,381.5046691894531,731.3214111328125,382.7064208984375,746.3171997070312,384.34954833984375,720.8397216796875,400.58990478515625,749.16552734375,403.2908935546875,709.1797485351562,424.97137451171875,753.6246948242188,428.6778869628906,706.031494140625,445.641357421875,756.5525512695312,447.1816101074219,720.41259765625,448.6424560546875,739.2359619140625,449.70263671875,721.98193359375,485.29510498046875,741.643310546875,486.688720703125,718.0609130859375,519.482666015625,734.4623413085938,521.1951904296875
745.8882446289062,385.138427734375,742.8587646484375,381.5699157714844,745.9903564453125,382.02166748046875,730.253662109375,383.0438537597656,746.0205688476562,384.5941162109375,717.8341674804688,401.1704406738281,747.6609497070312,404.92767333984375,706.1802978515625,424.4032897949219,751.51416015625,431.38623046875,700.6998291015625,445.6531982421875,751.5719604492188,453.8678894042969,716.8294677734375,448.40863037109375,737.1245727539062,450.24346923828125,716.1491088867188,483.7903137207031,738.3680419921875,486.62762451171875,713.6049194335938,518.6924438476562,734.3388671875,522.9906005859375
742.677978515625,386.0169372558594,739.6165771484375,382.38043212890625,742.7609252929688,382.830322265625,727.5806274414062,384.1335754394531,743.5673217773438,385.42431640625,716.0676879882812,402.79705810546875,745.3114624023438,406.14752197265625,702.6220703125,425.85968017578125,747.1603393554688,433.9509582519531,692.9751586914062,447.0285339355469,745.4075927734375,459.7087707519531,714.7924194335938,450.46868896484375,734.9483642578125,451.990234375,713.8223266601562,486.3594665527344,737.7861328125,488.59033203125,709.2693481445312,521.7898559570312,734.2879028320312,524.624755859375
739.136962890625,386.4396667480469,736.7579345703125,382.9909362792969,739.41064453125,383.4355773925781,726.8457641601562,384.8312072753906,742.0457153320312,386.2755432128906,716.186279296875,403.8148193359375,743.8983764648438,406.94439697265625,701.2987670898438,425.7642822265625,744.5827026367188,434.52020263671875,691.3275146484375,445.8580322265625,741.859130859375,459.5627136230469,713.4336547851562,451.861328125,732.7728271484375,453.04241943359375,710.8494262695312,487.1014404296875,735.3900756835938,489.083984375,705.5455322265625,521.5518188476562,732.1106567382812,524.1140747070312
736.2744140625,388.2445373535156,733.7788696289062,384.6317443847656,736.435791015625,385.1641845703125,723.623046875,386.7863464355469,739.0592041015625,388.22979736328125,712.711669921875,405.5271911621094,741.65771484375,409.2342224121094,697.4833374023438,426.8751220703125,741.85205078125,434.9696044921875,687.6633911132812,446.56982421875,738.15576171875,458.96710205078125,711.9088745117188,454.38165283203125,732.1775512695312,456.04638671875,709.0234985351562,489.48828125,735.1376342773438,491.8336181640625,702.5292358398438,525.6420288085938,732.2932739257812,528.02685546875
733.8654174804688,390.2088928222656,731.45458984375,386.59698486328125,733.9130859375,387.1617126464844,721.7212524414062,388.8761901855469,736.7650146484375,390.2703857421875,711.649169921875,408.0198974609375,739.30078125,411.6184997558594,694.9227294921875,427.3773498535156,739.9861450195312,436.8479919433594,683.3804931640625,444.7180480957031,737.07421875,461.2703857421875,710.6532592773438,457.20556640625,730.0985717773438,458.71978759765625,707.2900390625,491.79534912109375,733.6148681640625,493.53875732421875,701.7459716796875,527.8040771484375,733.8020629882812,528.7996826171875
732.320068359375,392.82952880859375,730.239501953125,389.2462158203125,732.4810180664062,389.75958251953125,720.8361206054688,391.6036682128906,735.4652099609375,393.0282897949219,710.0737915039062,411.1257019042969,737.8978271484375,414.74896240234375,690.780517578125,429.56976318359375,738.7749633789062,439.5579833984375,678.4056396484375,447.28619384765625,737.6305541992188,465.47296142578125,709.0328369140625,460.3155517578125,728.3429565429688,461.7475891113281,705.32275390625,494.17010498046875,731.491455078125,495.564697265625,701.6830444335938,529.6862182617188,733.6246337890625,529.7509765625
732.3818359375,394.1617126464844,730.1827392578125,390.5625,732.4943237304688,391.1023864746094,720.1632080078125,392.638916015625,734.374267578125,394.1689758300781,708.7935791015625,411.6927185058594,736.380859375,415.2611083984375,688.709228515625,429.9642639160156,737.7562866210938,439.676513671875,677.173095703125,446.4908142089844,739.484130859375,464.884033203125,707.783935546875,460.7662353515625,726.87841796875,462.18768310546875,704.2984008789062,494.88421630859375,731.2771606445312,495.99554443359375,700.7361450195312,531.1312866210938,733.815673828125,530.8059692382812
734.37939453125,396.28997802734375,731.6801147460938,392.6651916503906,734.1417846679688,393.2775573730469,720.495849609375,394.2490539550781,734.0885620117188,395.7126770019531,709.4440307617188,412.0975036621094,735.3948974609375,415.8401794433594,689.1782836914062,428.1487731933594,738.3680419921875,439.49853515625,676.19287109375,440.8460693359375,741.7743530273438,464.2066345214844,707.78857421875,461.394775390625,725.7133178710938,462.89892578125,704.5171508789062,496.222412109375,730.9187622070312,497.14794921875,699.589111328125,532.6541137695312,732.9403686523438,532.355712890625
735.881103515625,397.5043029785156,733.0048217773438,393.8028564453125,735.7064819335938,394.583984375,720.9842529296875,394.7033996582031,734.6465454101562,396.90191650390625,708.9508666992188,411.5931091308594,735.72412109375,417.03973388671875,688.828369140625,427.2673034667969,741.3187866210938,440.7987976074219,675.805419921875,440.62823486328125,747.4763793945312,464.0174560546875,706.4169921875,461.6435852050781,724.6514892578125,463.9882507324219,703.3829345703125,496.78948974609375,730.7796020507812,498.993408203125,698.6574096679688,533.0590209960938,732.6347045898438,534.7476196289062
736.4505004882812,399.1211853027344,733.68896484375,395.4496765136719,736.43994140625,396.2410888671875,722.0338745117188,395.7789611816406,735.5719604492188,398.1708679199219,709.50341796875,411.3015441894531,736.8162231445312,417.1287841796875,690.0221557617188,426.94696044921875,743.5057983398438,440.4772033691406,676.872314453125,441.5797424316406,750.4801025390625,463.33660888671875,705.1969604492188,460.0295715332031,723.6917724609375,462.56134033203125,701.6588745117188,495.23333740234375,729.9415893554688,497.93817138671875,697.4500122070312,531.8478393554688,732.2890625,534.4426879882812
736.6787719726562,400.4160461425781,734.038818359375,396.7435302734375,736.8472900390625,397.7007141113281,722.6312866210938,397.0923767089844,736.169677734375,400.1845397949219,709.4851684570312,411.9346923828125,737.7329711914062,420.2570495605469,690.8663940429688,427.1221618652344,746.1317749023438,445.4938049316406,676.0222778320312,443.26348876953125,753.295654296875,470.1448669433594,704.7213745117188,460.0191650390625,723.9340209960938,463.7402648925781,698.7787475585938,493.82080078125,730.37548828125,498.3599853515625,694.8168334960938,529.158203125,734.0430908203125,534.4393920898438
734.973876953125,401.7114562988281,732.7831420898438,398.1939697265625,735.42919921875,398.7565002441406,722.11181640625,398.7979736328125,736.1502075195312,401.2143249511719,708.2691650390625,415.043701171875,738.3829345703125,421.3641052246094,690.2685546875,431.2369384765625,748.4822387695312,448.09356689453125,676.515380859375,447.4491882324219,756.344970703125,472.27838134765625,701.8880615234375,463.1329345703125,722.7560424804688,465.6034851074219,694.134765625,497.35235595703125,731.2528686523438,500.9541015625,687.8182373046875,531.717529296875,734.3638916015625,536.6502685546875
733.6965942382812,407.0406494140625,731.74169921875,403.492919921875,734.4299926757812,404.1629943847656,721.7738647460938,404.1353759765625,736.4166870117188,407.0323181152344,707.30078125,420.006103515625,739.3443603515625,427.5770263671875,688.7833251953125,436.04071044921875,749.8538818359375,454.2123718261719,675.004638671875,453.6879577636719,756.3536376953125,477.5882263183594,700.5388793945312,466.8709716796875,723.0580444335938,469.96820068359375,691.201904296875,499.5330810546875,733.3221435546875,504.267333984375,682.5305786132812,532.9874267578125,736.8477783203125,539.62646484375
737.0303955078125,415.63763427734375,734.5056762695312,411.8636474609375,737.6398315429688,412.8104248046875,723.2581787109375,411.15875244140625,737.893798828125,414.7304382324219,708.5621948242188,425.1134338378906,739.2536010742188,433.8229064941406,688.1434326171875,440.5041809082031,749.1463623046875,460.0085754394531,670.6826171875,459.347900390625,755.8499145507812,482.9095153808594,698.6580200195312,472.9770202636719,720.6722412109375,476.62738037109375,690.5115966796875,503.6251220703125,736.7448120117188,509.12310791015625,676.654541015625,536.3218994140625,739.2393798828125,543.8782348632812
736.8038330078125,424.4277648925781,734.30029296875,420.4388122558594,737.2159423828125,421.6075134277344,723.6361694335938,420.0758056640625,738.6366577148438,423.689208984375,711.06640625,434.1559143066406,739.7218017578125,442.4696960449219,690.6221923828125,450.4791564941406,750.5296630859375,468.77313232421875,673.5081176757812,468.0237731933594,756.639404296875,490.16766357421875,698.5989379882812,480.5335998535156,719.4253540039062,484.2867431640625,691.2275390625,510.0487060546875,740.5512084960938,515.6885375976562,673.86572265625,540.9697875976562,745.89111328125,550.2304077148438
739.3939208984375,432.503173828125,736.9260864257812,428.6045837402344,740.0387573242188,429.7835388183594,726.535400390625,428.4514465332031,741.5359497070312,432.0311279296875,714.2535400390625,441.4800720214844,740.827392578125,450.0545349121094,693.0379028320312,455.4341125488281,750.7088623046875,474.0202941894531,672.9825439453125,471.1278381347656,755.417236328125,492.88604736328125,698.3241577148438,485.6647033691406,717.5674438476562,489.42828369140625,692.1475830078125,513.5524291992188,738.6224365234375,519.5262451171875,676.6944580078125,545.1387329101562,746.6209716796875,555.3858642578125
740.5316162109375,435.8661193847656,738.2945556640625,432.31494140625,741.3370971679688,433.4998779296875,728.9412841796875,432.52484130859375,742.27392578125,436.57427978515625,714.8928833007812,446.34136962890625,742.3816528320312,456.3105163574219,693.7505493164062,459.2435302734375,749.6162109375,479.16998291015625,671.3818359375,476.0782775878906,753.5718383789062,498.906494140625,698.2509155273438,490.80841064453125,718.8766479492188,495.143310546875,688.4320068359375,516.626220703125,738.8458862304688,523.21826171875,672.6170654296875,550.05810546875,746.1689453125,559.2761840820312
741.1693725585938,444.34375,739.0390014648438,440.8748779296875,742.6739501953125,441.80816650390625,728.248291015625,439.92681884765625,743.6442260742188,444.18939208984375,712.335693359375,451.49615478515625,741.9318237304688,462.762939453125,688.9846801757812,464.6170654296875,750.7029418945312,488.3758544921875,670.864013671875,481.67437744140625,752.8234252929688,505.0020751953125,699.2332153320312,495.5655517578125,721.483154296875,500.15966796875,688.69921875,516.699951171875,739.9924926757812,524.3992919921875,673.627685546875,547.97802734375,749.7567749023438,559.8106079101562
741.628662109375,450.7367248535156,739.173828125,446.9945068359375,742.795654296875,448.36737060546875,727.65576171875,444.8377380371094,743.3624267578125,450.2347412109375,711.6633911132812,454.9912109375,741.0712280273438,468.377685546875,687.2012329101562,467.0404968261719,746.78662109375,495.61016845703125,667.7216796875,484.3315124511719,745.236083984375,513.1121826171875,697.1780395507812,499.57501220703125,719.8565063476562,505.032958984375,687.3702392578125,516.0383911132812,740.3076171875,524.554931640625,673.720458984375,549.0656127929688,753.9301147460938,561.1007080078125
734.5643920898438,452.1690673828125,733.0288696289062,448.7142028808594,736.2593383789062,449.7379455566406,724.4013671875,447.2206726074219,739.69970703125,451.76171875,709.2841796875,457.9696960449219,739.2528076171875,470.334228515625,685.4583740234375,469.81146240234375,742.614990234375,496.55712890625,665.0097045898438,484.74835205078125,735.7411499023438,511.639892578125,698.9015502929688,502.160400390625,722.210205078125,507.07781982421875,685.1741943359375,518.5176391601562,739.1883544921875,526.911865234375,675.4190063476562,549.8946533203125,755.5967407226562,562.1205444335938
732.1168823242188,451.7934265136719,729.0345458984375,448.36981201171875,732.7474975585938,449.564697265625,716.8929443359375,447.93914794921875,733.3886108398438,451.6324157714844,703.6226196289062,459.934326171875,733.5930786132812,470.2032470703125,684.8212280273438,473.11871337890625,735.2501831054688,495.43896484375,671.678955078125,483.0281066894531,730.0741577148438,513.1290893554688,697.13720703125,506.4573974609375,720.9913940429688,511.42230224609375,689.8637084960938,519.5729370117188,744.2385864257812,526.2344360351562,678.2255249023438,552.8067626953125,755.9791870117188,561.9816284179688
726.4622802734375,450.4281921386719,723.6563110351562,446.923583984375,726.6337280273438,447.9332275390625,711.587890625,445.98980712890625,725.3576049804688,449.4559631347656,697.1016235351562,458.7745666503906,724.3380126953125,466.8038635253906,673.3674926757812,472.55816650390625,724.66552734375,492.29144287109375,650.1363525390625,485.3109436035156,718.2946166992188,509.6217041015625,688.6477661132812,504.318603515625,709.6533203125,507.477294921875,687.1770629882812,523.4879150390625,734.40771484375,528.043212890625,685.365966796875,554.9170532226562,752.879150390625,560.5776977539062
720.7686157226562,447.0575256347656,717.8590698242188,443.59173583984375,720.5399169921875,444.4549255371094,704.71826171875,443.426025390625,718.575439453125,446.3778991699219,690.6483764648438,457.42425537109375,718.7194213867188,464.6423645019531,667.2009887695312,471.06549072265625,721.13134765625,491.35614013671875,644.462646484375,483.3332824707031,716.1025390625,511.4976806640625,685.0323486328125,503.9666748046875,705.889892578125,506.6629638671875,682.9639282226562,528.1605834960938,726.1875,531.4686889648438,690.3983154296875,558.1914672851562,749.751708984375,561.1016235351562
709.7662353515625,442.4126892089844,707.2903442382812,438.8877258300781,709.41845703125,439.81988525390625,694.609619140625,440.1897888183594,709.65771484375,443.1549072265625,683.2998657226562,456.0737609863281,710.0590209960938,463.07476806640625,663.6329956054688,471.3890380859375,710.802490234375,486.71966552734375,644.9903564453125,484.2447204589844,702.056640625,501.13543701171875,680.8113403320312,503.57373046875,700.27392578125,506.8707275390625,675.688720703125,526.8162231445312,712.8162841796875,531.35791015625,685.602783203125,553.7716674804688,737.9539184570312,559.8233032226562
698.23828125,442.0455017089844,696.3578491210938,438.4457702636719,698.16455078125,439.20404052734375,685.706787109375,438.89599609375,699.6334838867188,441.3207702636719,675.5086669921875,453.44781494140625,701.2444458007812,458.9373474121094,657.713623046875,470.3943786621094,702.5624389648438,481.2776184082031,644.4227294921875,484.9736022949219,695.7255249023438,495.86846923828125,675.7150268554688,500.02545166015625,693.6300048828125,502.5750732421875,673.1603393554688,527.901611328125,702.689208984375,531.580322265625,685.0733032226562,554.806640625,722.85302734375,560.4733276367188
684.6456298828125,438.4335632324219,684.6693725585938,435.4638977050781,685.6622314453125,435.59100341796875,680.261962890625,437.50994873046875,692.234130859375,438.85491943359375,670.1624145507812,453.21112060546875,696.3102416992188,457.4519958496094,653.9548950195312,469.55126953125,697.6336059570312,479.785400390625,644.2285766601562,482.23516845703125,691.966064453125,495.40179443359375,669.56005859375,499.0498046875,687.89892578125,500.78692626953125,665.3248291015625,529.3292236328125,694.927978515625,532.0379028320312,674.7993774414062,560.6024169921875,708.19873046875,563.3614501953125
682.7162475585938,439.2391662597656,680.1327514648438,436.0469665527344,682.7752075195312,436.32611083984375,668.7555541992188,438.8316650390625,684.4423828125,439.71832275390625,659.1383666992188,456.524169921875,687.816162109375,458.5927429199219,647.3850708007812,476.5216064453125,689.6534423828125,481.1295471191406,638.5965576171875,492.0457763671875,684.9315795898438,497.87030029296875,659.7562866210938,500.320556640625,679.1927490234375,501.3511962890625,658.8929443359375,532.7637329101562,684.168212890625,533.8961791992188,668.37646484375,565.4822998046875,693.5073852539062,565.8533325195312
665.1286010742188,442.8893737792969,663.9953002929688,440.5819091796875,666.8599243164062,440.56121826171875,658.6634521484375,443.8349609375,673.7330932617188,444.49017333984375,651.1973266601562,460.773193359375,677.3145141601562,463.9010009765625,643.0596923828125,480.7557067871094,680.7258911132812,485.9377136230469,635.6139526367188,498.00299072265625,675.5496826171875,501.59613037109375,653.515869140625,504.53741455078125,671.3523559570312,506.243896484375,652.569091796875,535.2261962890625,673.729736328125,538.5330200195312,662.3734741210938,567.4901733398438,680.7360229492188,571.8826904296875
658.2052001953125,447.75726318359375,656.8959350585938,444.7435302734375,658.5392456054688,444.59283447265625,650.9764404296875,447.9112243652344,664.8709716796875,447.3754577636719,644.5006713867188,466.1773376464844,671.154541015625,465.51629638671875,636.548583984375,487.8970031738281,673.954345703125,487.3886413574219,629.502197265625,505.60357666015625,666.27978515625,505.47650146484375,646.3148193359375,508.43255615234375,665.3217163085938,508.0723876953125,638.0140380859375,542.3740234375,664.7526245117188,542.2264404296875,641.5573120117188,576.6871337890625,671.4871826171875,574.95166015625
644.7968139648438,453.66925048828125,644.871826171875,450.8133544921875,646.0674438476562,450.1189270019531,643.3959350585938,453.7948913574219,656.0003662109375,452.08135986328125,638.8114013671875,473.4618225097656,663.7637939453125,471.2707214355469,632.8876342773438,497.0955810546875,667.9481201171875,495.73529052734375,626.6011352539062,513.731689453125,661.6476440429688,516.310791015625,641.9164428710938,517.9313354492188,660.5197143554688,516.7849731445312,626.3104248046875,551.1522827148438,657.2658081054688,550.0916748046875,626.501220703125,586.7645874023438,665.5299682617188,584.2907104492188
630.41259765625,460.3836669921875,631.2074584960938,457.70819091796875,632.48876953125,456.6685791015625,632.2516479492188,461.5242614746094,645.1617431640625,458.8974609375,630.081787109375,480.2892150878906,652.6077880859375,477.20208740234375,626.7959594726562,501.93011474609375,652.5571899414062,497.34844970703125,622.5717163085938,518.116455078125,642.1448364257812,516.1848754882812,636.1439819335938,521.9679565429688,654.4812622070312,520.6373901367188,615.0000610351562,554.9224243164062,653.0847778320312,553.9058837890625,609.9694213867188,590.0635986328125,664.3841552734375,588.1703491210938
620.9902954101562,462.9576110839844,622.3936157226562,460.62261962890625,621.9569702148438,459.2872619628906,625.6397705078125,465.312744140625,633.630126953125,461.1819152832031,627.8479614257812,486.9695129394531,639.1084594726562,479.6982421875,625.771240234375,510.3863525390625,636.418701171875,500.0203857421875,620.1867065429688,522.483154296875,623.1735229492188,515.9925537109375,631.1348876953125,529.4124145507812,644.2109375,525.4531860351562,606.9837646484375,562.50537109375,650.1574096679688,557.137939453125,594.5585327148438,597.7640380859375,668.5648803710938,587.5448608398438
608.4434814453125,469.6070251464844,609.2010498046875,466.79046630859375,609.48828125,465.53692626953125,611.0955810546875,470.34649658203125,620.9415283203125,466.19207763671875,614.6431884765625,491.53076171875,627.0477294921875,483.9386291503906,613.1812744140625,518.9769287109375,620.1795043945312,506.96044921875,601.4248046875,529.2000732421875,602.4041137695312,526.9324951171875,621.937255859375,537.1144409179688,635.8017578125,533.9448852539062,594.7727661132812,567.2341918945312,644.3941650390625,562.5978393554688,583.7352294921875,602.5151977539062,665.8948364257812,594.1439208984375
594.218994140625,471.55731201171875,594.819580078125,468.89892578125,595.7190551757812,467.76715087890625,597.5947875976562,473.12237548828125,607.4067993164062,469.00592041015625,604.6087646484375,494.81036376953125,611.1727905273438,486.88916015625,603.3138427734375,522.3654174804688,601.2763061523438,508.96917724609375,588.3092041015625,523.3283081054688,583.4967041015625,520.6126708984375,612.8818359375,540.2140502929688,622.4031372070312,536.969482421875,589.351318359375,567.6275024414062,634.5396118164062,562.924072265625,584.55078125,599.5682373046875,661.328369140625,591.728271484375
585.3003540039062,470.45635986328125,586.158935546875,467.92578125,586.90380859375,466.7322998046875,589.0816650390625,471.921875,599.8406982421875,468.01312255859375,595.3689575195312,493.2667236328125,603.9159545898438,486.7097473144531,591.1822509765625,519.34814453125,592.395751953125,509.41961669921875,570.6277465820312,519.8592529296875,565.962158203125,517.738525390625,603.1818237304688,539.7036743164062,614.311767578125,536.622314453125,576.7476806640625,566.5491333007812,617.6862182617188,562.73193359375,577.4783325195312,598.9525146484375,649.2799682617188,592.338134765625
580.4798583984375,467.80877685546875,581.6201782226562,465.1673889160156,580.9439697265625,463.89324951171875,584.282470703125,469.0408020019531,591.4329833984375,464.48687744140625,588.5360107421875,491.78643798828125,596.7427978515625,481.0122985839844,582.5130004882812,519.234619140625,583.0534057617188,498.93035888671875,565.1507568359375,509.3116455078125,560.0655517578125,498.47503662109375,596.6709594726562,538.8765869140625,606.892578125,534.0706176757812,575.3696899414062,567.461669921875,613.7066040039062,559.7771606445312,579.1182861328125,606.2630615234375,643.6105346679688,592.864501953125
589.9677734375,459.90704345703125,587.81640625,456.593994140625,588.7442016601562,456.71441650390625,577.2183227539062,458.8109130859375,586.6898193359375,458.41986083984375,575.1805419921875,476.761962890625,580.67578125,475.4616394042969,571.3041381835938,498.4403076171875,573.1182250976562,497.54534912109375,571.2799682617188,510.07513427734375,568.2921752929688,514.7822265625,580.85546875,526.5916137695312,587.9093017578125,526.4527587890625,577.8253173828125,563.6290283203125,598.9892578125,561.8704833984375,582.9082641601562,599.585205078125,621.794677734375,596.464599609375
570.5640869140625,446.2438659667969,571.3983154296875,444.0141906738281,570.31201171875,443.6707458496094,570.9556884765625,452.280517578125,577.7400512695312,450.6473083496094,574.1099243164062,471.9745788574219,577.019775390625,466.01910400390625,563.9976196289062,464.5430603027344,577.261962890625,448.2333679199219,557.6110229492188,441.45172119140625,568.2931518554688,421.6692199707031,580.0773315429688,521.755859375,581.9244384765625,519.703857421875,578.972412109375,560.8741455078125,586.2222290039062,557.6063232421875,592.0556640625,595.856689453125,608.8400268554688,591.0794677734375
566.8182373046875,439.847412109375,568.87841796875,437.4621276855469,564.9649658203125,437.4411315917969,569.5090942382812,445.4803466796875,563.249755859375,446.00738525390625,573.4457397460938,461.86053466796875,555.8885498046875,465.0140380859375,572.3479614257812,437.2648620605469,559.0740966796875,438.1630554199219,565.2152099609375,417.4503173828125,552.7249145507812,409.2557373046875,582.1691284179688,514.0487670898438,566.4710083007812,517.5155639648438,595.2994995117188,553.7935180664062,565.4151000976562,560.2006225585938,621.1484985351562,587.251220703125,576.4534301757812,598.3982543945312
564.4052734375,437.81964111328125,566.1683349609375,435.84320068359375,563.25390625,435.2819519042969,564.3773803710938,444.68548583984375,561.2236328125,443.4442443847656,568.3262329101562,461.2911376953125,551.54296875,457.7936706542969,568.3075561523438,448.7439270019531,553.23046875,430.26214599609375,568.7743530273438,439.82861328125,551.8660278320312,401.63348388671875,574.750732421875,505.40087890625,559.5612182617188,505.37847900390625,581.8550415039062,547.194091796875,553.2700805664062,548.759765625,613.4918212890625,575.913330078125,572.6864013671875,580.7373046875
548.3776245117188,438.1230773925781,549.6295166015625,436.32659912109375,547.865966796875,435.3790588378906,549.6788330078125,446.3487854003906,554.1944580078125,443.2910461425781,554.5657348632812,461.55767822265625,553.9066162109375,454.6995544433594,555.1297607421875,432.32257080078125,562.73291015625,422.82098388671875,552.9180297851562,402.5486145019531,556.2869873046875,400.6712951660156,554.8104248046875,502.1397705078125,554.470947265625,498.882080078125,546.3175659179688,542.6363525390625,561.0657348632812,537.2739868164062,565.7500610351562,571.4948120117188,594.3865356445312,562.4840698242188
557.5105590820312,433.7565612792969,555.81787109375,430.7907409667969,555.9684448242188,430.2196044921875,546.1258544921875,439.96441650390625,555.3648071289062,437.0249328613281,545.3108520507812,458.9816589355469,553.0392456054688,450.8417053222656,546.0352783203125,436.36474609375,559.5938720703125,425.52197265625,552.4237060546875,414.39825439453125,561.135986328125,416.4744873046875,544.1832885742188,504.89971923828125,550.5059204101562,501.29351806640625,538.0267944335938,545.236083984375,564.1788330078125,537.4369506835938,554.253662109375,576.1837158203125,597.6714477539062,563.1696166992188
561.2944946289062,441.3011474609375,559.0010986328125,437.7362365722656,559.9999389648438,438.6582336425781,544.1913452148438,438.23284912109375,553.9067993164062,441.5938720703125,538.725341796875,447.71844482421875,540.414306640625,459.13623046875,549.0618896484375,446.55694580078125,546.567138671875,475.237548828125,571.0646362304688,439.1375732421875,551.2960205078125,475.13922119140625,535.0282592773438,499.4315185546875,534.140625,505.5255126953125,559.9556884765625,536.327392578125,538.8802490234375,543.9938354492188,583.6959228515625,563.3980102539062,549.1514892578125,576.7349243164062
545.9498291015625,438.05615234375,544.99072265625,435.5830078125,547.1549072265625,434.0413818359375,535.0555419921875,438.03277587890625,550.9710083007812,434.1240539550781,522.9625854492188,453.76190185546875,550.614501953125,446.3616943359375,520.6420288085938,462.6693420410156,557.1712036132812,456.22210693359375,538.72021484375,446.2585754394531,565.1333618164062,459.0992736816406,522.1004638671875,499.82305908203125,541.9777221679688,496.89239501953125,525.6884155273438,541.8696899414062,558.2553100585938,534.8094482421875,538.1864624023438,579.9844360351562,578.5753173828125,568.6636352539062
533.4754638671875,433.3212585449219,537.0487670898438,430.81842041015625,533.6581420898438,429.92510986328125,541.4584350585938,435.8780212402344,533.686767578125,434.1866455078125,541.0709228515625,452.568359375,519.056396484375,450.0633850097656,528.73486328125,453.7618408203125,503.6218566894531,442.6119689941406,518.640869140625,448.94482421875,499.7918395996094,431.4231262207031,532.4209594726562,499.6343994140625,515.7548217773438,500.099853515625,549.25244140625,538.7257080078125,524.3751831054688,540.9537353515625,563.4628295898438,573.3934936523438,532.8640747070312,580.404541015625
531.9696044921875,433.36163330078125,530.5460205078125,429.66290283203125,531.0431518554688,430.3340148925781,522.2235717773438,435.81866455078125,536.1683349609375,437.5199890136719,514.24072265625,452.42022705078125,539.5397338867188,456.1865539550781,487.9533996582031,426.44573974609375,538.2606201171875,447.9186096191406,475.0089416503906,394.80816650390625,524.8692016601562,439.9679870605469,511.907470703125,505.09796142578125,527.5765380859375,505.87744140625,514.4349975585938,547.3192749023438,535.5997314453125,546.625244140625,524.0081176757812,590.9992065429688,548.11083984375,585.3219604492188
514.3719482421875,437.1260986328125,514.003173828125,434.2152099609375,515.03515625,434.3212585449219,511.2516784667969,440.1788024902344,526.4727172851562,440.2751159667969,507.08013916015625,458.1379089355469,532.117919921875,458.0810241699219,488.2392883300781,452.78668212890625,526.2767944335938,461.2599182128906,478.89678955078125,430.79119873046875,510.5538024902344,454.8899230957031,505.6917419433594,509.0966796875,522.0582275390625,508.459228515625,505.5916748046875,552.2818603515625,525.0844116210938,550.4666748046875,515.0932006835938,596.9323120117188,535.00439453125,590.6217041015625
503.70062255859375,447.27154541015625,503.44818115234375,444.56463623046875,504.72625732421875,443.92724609375,501.9947814941406,450.1159362792969,518.447998046875,447.5754089355469,499.4808044433594,472.1998291015625,524.9490966796875,465.83770751953125,489.556884765625,493.4462890625,519.8422241210938,484.886962890625,488.87628173828125,491.31866455078125,503.53118896484375,489.80889892578125,499.09130859375,520.828369140625,517.5450439453125,517.4900512695312,494.0561218261719,562.8767700195312,515.892822265625,557.74267578125,502.4095764160156,602.8639526367188,525.6328735351562,592.8118896484375
500.7654113769531,455.3909912109375,499.27777099609375,451.8533935546875,500.5979919433594,451.7508544921875,492.4862365722656,455.40283203125,510.5445861816406,454.3548583984375,485.74127197265625,477.7723083496094,518.7816162109375,472.99615478515625,476.36956787109375,500.6513671875,517.2807006835938,492.9112548828125,485.683837890625,503.413330078125,503.6817932128906,499.69696044921875,486.8314208984375,530.3124389648438,510.6066589355469,527.9771728515625,482.6480712890625,572.9977416992188,508.7648620605469,568.530029296875,489.50030517578125,614.80322265625,515.9573974609375,605.2160034179688
493.01434326171875,466.8330383300781,491.3614196777344,463.2560729980469,493.2173767089844,462.90374755859375,485.16571044921875,466.825927734375,504.111083984375,464.8661193847656,479.7600402832031,489.49578857421875,512.809814453125,483.61572265625,470.1707458496094,516.5740966796875,512.4034423828125,508.21917724609375,474.611328125,518.9683837890625,499.2601013183594,518.259033203125,481.0884704589844,538.5866088867188,504.86663818359375,535.683349609375,474.0154113769531,582.7122802734375,502.71588134765625,577.547119140625,476.91143798828125,627.0889892578125,507.41595458984375,616.7033081054688
490.1535949707031,477.3502197265625,487.3324890136719,474.3225402832031,489.7437438964844,474.263916015625,477.61297607421875,479.0912170410156,494.7840881347656,477.8546447753906,472.624267578125,502.23980712890625,503.59552001953125,494.97491455078125,466.8211669921875,530.0220947265625,516.9005737304688,502.970947265625,471.4745178222656,524.179443359375,513.2117919921875,475.68438720703125,476.2211608886719,551.3998413085938,498.2777099609375,548.7354736328125,462.46356201171875,593.0574340820312,494.1829833984375,589.867431640625,461.27850341796875,636.5723266601562,499.4654235839844,632.2998046875
480.03204345703125,490.0970458984375,477.4089050292969,487.49884033203125,480.563232421875,487.020263671875,468.2762756347656,493.2340087890625,485.9283447265625,491.29052734375,463.82806396484375,518.578125,494.94158935546875,509.42779541015625,459.41766357421875,549.4890747070312,516.6931762695312,515.9833984375,461.1198425292969,559.8458251953125,523.2316284179688,494.8111572265625,468.7348937988281,566.7310791015625,491.1337585449219,563.0303344726562,448.2666320800781,607.3203125,488.95477294921875,603.9093017578125,443.6217041015625,648.3583984375,498.3679504394531,645.4369506835938
472.7035217285156,504.974609375,469.362060546875,502.23681640625,472.7531433105469,501.64739990234375,459.34832763671875,507.91937255859375,475.5285949707031,504.62603759765625,455.39068603515625,534.7032470703125,486.1871032714844,521.571044921875,447.75994873046875,565.6670532226562,510.4520568847656,528.1643676757812,447.17437744140625,579.6783447265625,530.9833984375,525.5574951171875,461.3455810546875,582.9672241210938,482.3715515136719,577.5713500976562,442.3175354003906,623.57958984375,481.44793701171875,614.6381225585938,440.4742431640625,664.098388671875,492.45587158203125,650.2529296875
453.98138427734375,520.95556640625,453.4123840332031,518.34912109375,455.50408935546875,517.7635498046875,452.2156066894531,522.0978393554688,464.55133056640625,519.7327880859375,450.89532470703125,545.6423950195312,476.7761535644531,535.4666748046875,440.26129150390625,575.6809692382812,499.0135803222656,547.7371215820312,440.44232177734375,592.8233642578125,522.9588623046875,554.003662109375,458.1030578613281,596.1140747070312,475.5313720703125,591.521484375,432.8768615722656,631.224853515625,468.1680603027344,624.0350952148438,438.5943603515625,663.5221557617188,484.8282775878906,651.9605712890625
448.8139343261719,531.78955078125,448.2178955078125,529.125,450.3388977050781,528.4864501953125,447.83941650390625,532.0482177734375,459.7453308105469,529.3319702148438,448.230224609375,553.8308715820312,473.2146911621094,544.2611694335938,437.9689025878906,584.9015502929688,495.8897399902344,562.3925170898438,435.6776428222656,602.6036376953125,518.0928344726562,575.6122436523438,459.3761901855469,601.4913940429688,476.1839294433594,596.8161010742188,429.80474853515625,632.2481079101562,463.3817138671875,625.0840454101562,439.18182373046875,664.3463134765625,482.547607421875,653.3806762695312
446.7781066894531,533.6476440429688,446.4853210449219,530.83056640625,448.94232177734375,530.3091430664062,447.3760986328125,534.80224609375,460.83697509765625,532.6571044921875,446.93206787109375,556.5922241210938,474.05828857421875,550.1259155273438,435.79833984375,583.5866088867188,492.5263366699219,571.6475830078125,432.74676513671875,600.2799072265625,510.41864013671875,587.99072265625,459.0810852050781,600.2938232421875,478.03497314453125,596.680419921875,431.78643798828125,630.5655517578125,469.1690673828125,625.7890625,437.5306396484375,662.7926635742188,487.7145080566406,656.4707641601562
451.1343078613281,531.3046264648438,450.1661682128906,528.385498046875,452.9525146484375,527.8522338867188,449.276611328125,532.236328125,463.4896545410156,529.7329711914062,447.99053955078125,554.4033813476562,475.7900390625,547.3632202148438,437.0708923339844,581.363037109375,492.6826477050781,570.1204223632812,433.4408874511719,595.9378051757812,510.036865234375,589.62744140625,458.7442932128906,599.435546875,478.7099609375,595.7684326171875,435.7165222167969,630.5257568359375,477.0399169921875,624.95751953125,435.60382080078125,663.6062622070312,492.3970947265625,655.4308471679688
457.2707824707031,523.5352783203125,455.9259033203125,520.5278930664062,458.7780456542969,520.21240234375,453.99444580078125,524.3405151367188,468.4305419921875,522.6421508789062,451.3996276855469,546.6956176757812,479.8447570800781,541.4432983398438,440.2923278808594,572.29931640625,496.61895751953125,563.7852172851562,433.20635986328125,584.9822387695312,514.540283203125,581.3755493164062,460.4525146484375,591.4842529296875,480.99053955078125,588.805908203125,440.3226013183594,627.0855712890625,483.97821044921875,622.4273681640625,436.25286865234375,663.5218505859375,496.660888671875,654.5735473632812
467.1828918457031,515.197998046875,464.7948913574219,512.0491943359375,468.1388244628906,511.94488525390625,460.43695068359375,516.3751220703125,476.8999328613281,514.6729125976562,457.5545959472656,539.402587890625,488.37042236328125,533.3204345703125,445.24468994140625,564.6341552734375,503.3971862792969,556.4512329101562,436.8365783691406,576.3131713867188,519.802978515625,576.4854736328125,462.09326171875,584.68115234375,483.8804626464844,581.8469848632812,449.3388671875,624.8212280273438,493.120361328125,619.391845703125,437.8908996582031,663.219482421875,497.8236083984375,652.950927734375
479.26544189453125,507.144775390625,476.1040344238281,503.81671142578125,479.6167907714844,504.06640625,468.7354736328125,507.89654541015625,484.68463134765625,507.38543701171875,463.228759765625,530.5842895507812,494.8278503417969,526.4686889648438,449.9365234375,557.0286254882812,508.96337890625,549.4967651367188,438.5226745605469,573.6636962890625,522.9285888671875,566.8659057617188,463.2598876953125,576.430419921875,485.7449035644531,574.5233154296875,453.8594665527344,613.9559936523438,500.3177185058594,610.6875,437.94976806640625,652.989501953125,500.1961364746094,646.6563720703125
490.8560791015625,503.6646728515625,487.9563903808594,500.14068603515625,491.3144226074219,500.42291259765625,477.8255310058594,503.04498291015625,494.1978759765625,503.6783447265625,467.12255859375,523.829345703125,502.056640625,523.8497314453125,452.10626220703125,551.5741577148438,514.6732177734375,549.666015625,441.2923583984375,571.2868041992188,521.6754150390625,564.8829956054688,465.56854248046875,570.1904296875,490.1152648925781,570.1162109375,456.4847717285156,607.430419921875,500.8645324707031,607.8387451171875,445.67669677734375,645.8052978515625,500.6497497558594,646.164794921875
497.1656799316406,502.05279541015625,495.2332763671875,498.8966064453125,497.9327087402344,498.9715576171875,485.93414306640625,501.81298828125,502.7009582519531,502.5018310546875,474.07708740234375,522.8692016601562,507.94482421875,522.4737548828125,458.411376953125,551.5762329101562,515.7490234375,542.0353393554688,444.4423522949219,565.3909912109375,509.1069030761719,539.4171142578125,467.18829345703125,570.5257568359375,490.7406311035156,570.828369140625,463.1877136230469,607.3193359375,500.8880920410156,609.2811279296875,455.8276672363281,644.32861328125,500.7103576660156,647.4112548828125
501.7602844238281,498.435302734375,499.96917724609375,495.0726318359375,502.8522033691406,495.32208251953125,489.98651123046875,497.38763427734375,506.9188537597656,499.31097412109375,476.77337646484375,515.3826293945312,510.7118225097656,520.0382080078125,463.43182373046875,540.53076171875,515.9196166992188,541.2669067382812,447.6826171875,558.6729736328125,503.6722717285156,540.6859741210938,472.7589416503906,560.664794921875,495.48138427734375,563.0777587890625,471.3724365234375,597.9453735351562,502.7244873046875,604.075439453125,470.3706970214844,629.8103637695312,499.73870849609375,639.8731689453125
503.728271484375,493.8758544921875,502.3430480957031,490.4549560546875,504.6863098144531,490.76788330078125,492.9783020019531,492.1766357421875,508.9166259765625,494.2872314453125,479.7904357910156,508.63616943359375,510.6553955078125,514.8579711914062,465.19488525390625,529.7444458007812,510.221435546875,537.060302734375,451.339599609375,548.3554077148438,494.65106201171875,545.0442504882812,477.2021484375,555.8718872070312,498.0591735839844,558.9082641601562,478.2101745605469,590.5659790039062,504.2759704589844,597.0764770507812,478.103759765625,622.3980712890625,501.5058898925781,632.6632690429688
507.61004638671875,484.9271545410156,505.2510986328125,480.9785461425781,507.6773681640625,481.3106689453125,493.0440979003906,483.468994140625,509.58514404296875,485.1077880859375,479.9326171875,502.79827880859375,512.7307739257812,507.41290283203125,464.4818115234375,524.644775390625,518.5503540039062,530.7896118164062,448.9883117675781,547.26708984375,508.3833923339844,545.1871948242188,481.0961608886719,552.2168579101562,501.378173828125,554.7034301757812,493.0414123535156,593.4010009765625,508.2781066894531,598.1218872070312,498.3788757324219,630.5453491210938,502.4844665527344,637.07958984375
509.93927001953125,477.8131103515625,506.3111267089844,474.27288818359375,509.69378662109375,474.7413024902344,493.0923156738281,477.0499267578125,510.2270812988281,478.2412109375,484.2821044921875,496.630859375,513.8728637695312,499.017578125,470.2069396972656,520.0772705078125,517.8502807617188,522.251953125,455.9295654296875,538.37060546875,509.5286865234375,533.5853271484375,489.72998046875,546.3944702148438,507.88677978515625,547.7536010742188,498.81976318359375,586.1300659179688,507.922607421875,588.573974609375,507.4312438964844,626.2711181640625,503.6830139160156,628.4840087890625
510.1949462890625,471.97161865234375,506.7821044921875,468.1301574707031,509.4598388671875,468.3000793457031,493.3691101074219,471.3451843261719,511.62615966796875,471.39837646484375,485.1505126953125,493.0709228515625,517.3908081054688,493.24896240234375,472.146240234375,519.3907470703125,527.4926147460938,516.4491577148438,460.0409240722656,538.619384765625,517.5408935546875,527.5144653320312,495.79315185546875,541.8256225585938,514.8267822265625,542.861572265625,509.02630615234375,584.8773193359375,509.421142578125,586.6665649414062,523.5059814453125,624.081787109375,507.4527893066406,625.6832275390625
508.1427001953125,468.79248046875,505.78387451171875,465.18829345703125,508.1490783691406,465.18463134765625,495.513427734375,468.1059265136719,512.73583984375,468.122314453125,486.8008728027344,489.28472900390625,519.3754272460938,489.62005615234375,474.0093994140625,516.0948486328125,532.7080688476562,513.8878173828125,463.9242858886719,538.4989013671875,529.3906860351562,529.6112670898438,498.38330078125,536.4645385742188,517.129150390625,537.7091674804688,512.2445678710938,577.3544921875,512.5055541992188,579.3987426757812,529.1129760742188,612.99267578125,511.3302307128906,614.851318359375
509.0945739746094,465.3108825683594,506.8871765136719,461.75726318359375,509.70770263671875,461.823974609375,497.57965087890625,464.5811767578125,515.1966552734375,464.7533264160156,489.3024597167969,485.7781677246094,522.1702270507812,485.51434326171875,477.07611083984375,511.817138671875,533.73486328125,508.7265625,468.84130859375,530.4158935546875,532.4303588867188,517.8113403320312,497.4783020019531,532.245849609375,517.2691040039062,532.3128051757812,511.224609375,567.0647583007812,519.9498901367188,567.7177734375,522.833740234375,596.7791137695312,518.8931274414062,597.3035888671875
514.14794921875,458.8218994140625,511.0115966796875,455.39306640625,514.2288208007812,455.5526428222656,499.9906005859375,457.9910583496094,515.7247924804688,458.1914367675781,490.90142822265625,479.7815856933594,521.11767578125,478.77630615234375,478.82952880859375,506.88494873046875,535.2116088867188,501.38702392578125,472.1177978515625,530.3697509765625,545.4158935546875,519.8572998046875,501.4557800292969,527.0708618164062,519.7105712890625,527.7947387695312,517.6134033203125,562.6007080078125,528.1688232421875,562.8421020507812,527.4461669921875,595.1946411132812,528.217529296875,594.1122436523438
518.063720703125,450.8184814453125,514.4066162109375,447.4671630859375,517.6852416992188,447.7255554199219,502.275390625,451.361572265625,518.5911865234375,451.4339599609375,493.21453857421875,474.6452941894531,524.6485595703125,472.99273681640625,481.4914245605469,501.05767822265625,536.5267944335938,495.857666015625,476.5553283691406,520.1140747070312,545.541015625,514.0617065429688,502.0152587890625,522.6491088867188,521.55859375,522.9404296875,517.8070678710938,558.8434448242188,531.4937133789062,557.8670654296875,527.2640991210938,591.6139526367188,532.4147338867188,587.834228515625
521.07763671875,446.2117004394531,517.7025146484375,442.74462890625,520.8643188476562,442.8070983886719,504.249267578125,445.3169860839844,521.1961669921875,445.1116027832031,492.78497314453125,467.5370178222656,527.2246704101562,465.3665466308594,480.5606994628906,495.4456787109375,538.8311767578125,490.5108642578125,479.3044738769531,514.3152465820312,547.3843994140625,510.1572265625,500.8188171386719,518.5299682617188,522.8023681640625,518.09326171875,515.1245727539062,556.8812866210938,532.6922607421875,554.6849365234375,523.9000854492188,589.8862915039062,533.9305419921875,585.6777954101562
524.1610717773438,439.1521301269531,519.843994140625,435.4952697753906,523.3026733398438,435.7206726074219,504.3840026855469,439.38543701171875,522.0420532226562,439.09326171875,493.8626708984375,462.93817138671875,529.1630859375,459.7698974609375,482.55877685546875,488.80914306640625,539.3140258789062,483.1159973144531,483.7140197753906,506.70391845703125,547.4120483398438,502.99603271484375,501.0393371582031,510.92266845703125,524.0267944335938,509.7684326171875,512.891845703125,548.4566650390625,534.4466552734375,544.6344604492188,525.0093383789062,585.27294921875,541.1360473632812,577.8576049804688
523.4730834960938,435.47601318359375,519.5235595703125,431.8411560058594,522.9266357421875,432.0928039550781,506.20965576171875,434.8544616699219,523.8914794921875,434.56854248046875,496.7771911621094,457.4615478515625,531.0159912109375,453.872314453125,485.1856689453125,482.58203125,540.8917846679688,476.32135009765625,484.4348449707031,497.76904296875,547.8903198242188,493.4697265625,500.6713562011719,506.04345703125,523.2259521484375,504.7066650390625,513.6478271484375,541.172607421875,537.1425170898438,537.3058471679688,524.0521240234375,578.2293701171875,544.3173828125,570.5172119140625
524.5963745117188,434.45953369140625,520.8355102539062,430.7901306152344,524.320068359375,431.09869384765625,508.0200500488281,432.79376220703125,525.3231201171875,432.971923828125,498.2396240234375,453.98101806640625,531.6762084960938,451.4018859863281,486.5363464355469,479.29290771484375,542.2713623046875,473.6127014160156,484.53350830078125,498.0260009765625,550.7816772460938,490.9393310546875,501.4398193359375,501.984619140625,523.426513671875,501.1903076171875,515.8419799804688,537.425048828125,539.5004272460938,534.7175903320312,523.0337524414062,573.673095703125,544.4803466796875,567.830322265625
525.4771728515625,433.03033447265625,522.13427734375,429.515869140625,525.1011962890625,429.82403564453125,509.7933654785156,431.8385925292969,525.1456909179688,432.3959655761719,500.25677490234375,452.1083984375,531.0380249023438,451.2416687011719,489.9784240722656,477.9252014160156,542.4519653320312,472.9356689453125,486.9884338378906,489.976806640625,546.6832275390625,477.1203308105469,505.4618225097656,498.15716552734375,525.4920654296875,498.177490234375,517.7850952148438,530.3295288085938,538.8443603515625,530.0234985351562,524.653564453125,562.460205078125,540.2769165039062,561.5828247070312
524.2916870117188,431.8645324707031,521.5423583984375,428.4520568847656,524.1845703125,428.6772766113281,509.98187255859375,430.6619567871094,525.5503540039062,431.3218688964844,499.42657470703125,450.2093200683594,531.7001342773438,450.49737548828125,489.3587646484375,474.41583251953125,546.0301513671875,469.1592102050781,485.4981689453125,487.1692199707031,546.4951782226562,469.3266296386719,505.790771484375,493.70037841796875,526.9744262695312,494.57342529296875,518.51123046875,523.8109741210938,539.6978149414062,525.2803344726562,524.0914306640625,553.8651123046875,542.2762451171875,556.3602905273438
523.3021850585938,429.64776611328125,520.5708618164062,426.692138671875,523.160400390625,426.57305908203125,509.79217529296875,429.7901306152344,524.994873046875,429.41815185546875,499.57183837890625,449.65167236328125,532.4737548828125,446.5997009277344,488.7450866699219,476.3271179199219,550.2745361328125,463.7733459472656,483.8153991699219,480.1991271972656,550.3573608398438,453.9747619628906,504.838623046875,494.4293212890625,525.9286499023438,493.79547119140625,514.6187133789062,516.3245239257812,536.76318359375,516.09130859375,525.8658447265625,546.347900390625,542.2880249023438,546.1929931640625
516.24609375,426.9229736328125,514.3355712890625,424.2079772949219,517.39794921875,424.0990295410156,506.82952880859375,426.2015686035156,523.5164794921875,426.2472839355469,495.94573974609375,444.52899169921875,532.0934448242188,443.62017822265625,485.68206787109375,468.7395935058594,549.271240234375,460.33453369140625,482.884033203125,471.84130859375,549.302001953125,450.7627258300781,502.60931396484375,488.234619140625,526.5504760742188,488.71636962890625,510.0968322753906,513.0233154296875,535.2345581054688,514.6295776367188,516.4254150390625,544.7232055664062,539.5841674804688,548.1239013671875
514.9340209960938,422.5124816894531,513.2975463867188,419.7207946777344,515.45947265625,419.77880859375,505.6526184082031,422.8111267089844,518.8424072265625,423.2481994628906,495.6847839355469,441.1172180175781,526.9803466796875,441.00238037109375,484.6339416503906,459.5437316894531,545.57177734375,452.9383239746094,481.2838439941406,461.97442626953125,552.6687622070312,442.4583435058594,504.586181640625,483.4521789550781,525.3777465820312,484.09234619140625,509.252685546875,507.93951416015625,539.3410034179688,509.52899169921875,511.1617736816406,538.4592895507812,543.2728881835938,542.0055541992188
510.9598388671875,420.4541320800781,509.0302429199219,417.7079162597656,511.2516784667969,417.7702941894531,501.67913818359375,421.3742370605469,515.059326171875,421.18011474609375,493.28826904296875,441.2453918457031,524.1339111328125,438.4615173339844,482.6906433105469,456.6772766113281,545.0397338867188,445.8889465332031,485.1279602050781,455.0007629394531,558.2078247070312,436.2047424316406,504.33880615234375,484.99273681640625,524.6832885742188,484.5342712402344,511.7750244140625,511.457763671875,540.4093627929688,510.25213623046875,513.3401489257812,540.51123046875,544.4512939453125,539.530517578125
508.2019348144531,419.1712341308594,506.0810546875,416.4322814941406,508.523193359375,416.0594787597656,498.4349670410156,419.6709289550781,511.1985778808594,418.10809326171875,491.8179626464844,441.7376403808594,519.2037963867188,433.2872619628906,489.92120361328125,469.98785400390625,544.0695190429688,437.8884582519531,495.0174865722656,491.40087890625,560.8152465820312,429.1326904296875,504.24603271484375,483.30908203125,522.14990234375,480.7957763671875,517.4822998046875,514.6477661132812,540.6089477539062,511.7568359375,519.9326782226562,542.535400390625,545.1787109375,541.0499267578125
506.8382568359375,417.1849365234375,504.6859130859375,414.4951171875,507.01300048828125,414.4565734863281,496.0525207519531,418.48602294921875,508.5514831542969,418.1815490722656,488.5516357421875,438.081787109375,516.2035522460938,435.24298095703125,491.0279541015625,457.2320251464844,542.4000244140625,440.66436767578125,503.9330139160156,465.713623046875,560.483642578125,430.3389892578125,500.9924011230469,481.8868713378906,520.0885620117188,482.0411376953125,506.3183288574219,509.85888671875,537.42822265625,510.34881591796875,504.7594909667969,534.1029052734375,542.0425415039062,537.9110717773438
504.78741455078125,417.43133544921875,502.3304138183594,414.5504455566406,504.64483642578125,414.68768310546875,492.09576416015625,418.65704345703125,505.14300537109375,418.89508056640625,483.850830078125,436.0334777832031,512.8207397460938,436.8541259765625,489.2898254394531,442.9038391113281,541.1466674804688,440.229736328125,507.5505065917969,437.83831787109375,558.6036987304688,428.48602294921875,497.3786926269531,483.3431701660156,517.8533935546875,485.10546875,502.0088195800781,504.53375244140625,537.213134765625,506.48956298828125,500.98992919921875,531.898193359375,545.1806640625,537.5728759765625
498.2101745605469,418.643798828125,496.2454528808594,416.0313415527344,498.66363525390625,415.7846984863281,488.4136962890625,420.1883850097656,501.4219970703125,419.1033630371094,481.98455810546875,440.1808776855469,508.225341796875,435.43939208984375,483.0347900390625,455.9280090332031,535.2017822265625,438.4405517578125,497.0592956542969,461.52392578125,556.875732421875,430.8234558105469,496.2066650390625,484.6351623535156,513.38818359375,484.0032653808594,510.9257507324219,510.42047119140625,534.6002807617188,508.7816162109375,516.4392700195312,538.2179565429688,543.431640625,538.2249755859375
496.8921813964844,417.4683837890625,494.3775634765625,414.9395446777344,496.7470397949219,414.77142333984375,484.61395263671875,419.51434326171875,497.33184814453125,418.4556884765625,478.35302734375,436.5941162109375,504.1552429199219,434.699951171875,478.75921630859375,441.1744384765625,533.7164306640625,439.1970520019531,493.0672302246094,428.771728515625,558.0729370117188,432.0362854003906,494.108154296875,479.2421875,510.9452209472656,479.54486083984375,505.3327941894531,507.93963623046875,530.8875122070312,506.2947998046875,507.84783935546875,534.1423950195312,539.278076171875,532.9130859375
492.25518798828125,417.0054626464844,490.8674011230469,414.4483337402344,492.94354248046875,414.44342041015625,485.4629821777344,418.3793029785156,497.0867919921875,418.1477966308594,478.3024597167969,434.3786315917969,506.13690185546875,434.893798828125,466.1864318847656,438.9854736328125,531.820556640625,442.4914855957031,462.2955322265625,429.73291015625,550.3713989257812,438.3656005859375,493.6368103027344,476.42108154296875,511.23809814453125,477.4010009765625,501.46881103515625,500.470947265625,530.1815185546875,501.14129638671875,500.4224853515625,527.806396484375,534.9791259765625,529.9077758789062
492.8056335449219,415.51470947265625,490.797607421875,413.0165710449219,493.3642883300781,412.9908752441406,484.59246826171875,417.15423583984375,497.029541015625,416.47613525390625,478.6651306152344,434.5509033203125,506.0585021972656,432.79327392578125,469.5512390136719,445.6468505859375,530.7874145507812,442.9877624511719,467.7630920410156,439.02972412109375,550.3712768554688,439.027587890625,492.7563171386719,475.467529296875,509.9433288574219,475.4637145996094,502.4131774902344,501.4224853515625,528.0123291015625,500.4931640625,502.4681701660156,529.6032104492188,530.7711181640625,529.2457885742188
488.912841796875,414.1944580078125,487.7189636230469,411.864990234375,489.8430480957031,411.43438720703125,484.6015625,415.8212890625,496.9969177246094,414.11627197265625,480.22601318359375,432.5666809082031,506.1861572265625,429.867431640625,476.18658447265625,444.7674560546875,526.090576171875,441.1202697753906,473.2054138183594,441.8114318847656,534.5223388671875,440.12847900390625,493.10845947265625,471.434326171875,510.2017822265625,470.816162109375,494.31988525390625,495.875732421875,519.877197265625,495.0946044921875,498.2943420410156,522.85986328125,528.2545166015625,522.199951171875
488.8776550292969,413.7298278808594,487.6776428222656,411.36175537109375,490.08282470703125,410.8220520019531,484.89251708984375,414.79840087890625,497.6063537597656,412.8348388671875,480.4428405761719,431.4654846191406,507.1282653808594,428.22772216796875,474.5771484375,446.51715087890625,528.5165405273438,441.3275146484375,467.3257751464844,449.3372497558594,537.1900024414062,445.09149169921875,491.762451171875,469.7094421386719,509.2861022949219,468.7577819824219,492.0482482910156,491.88616943359375,518.4649658203125,490.885986328125,496.06884765625,520.74560546875,528.1593627929688,520.0413208007812
488.8489685058594,412.2600402832031,487.5382385253906,409.92254638671875,490.0442810058594,409.44976806640625,484.72906494140625,413.01507568359375,497.3717041015625,411.2541198730469,480.98004150390625,429.90753173828125,507.3824462890625,425.8362121582031,474.6533508300781,449.1983642578125,525.1371459960938,439.908935546875,466.87835693359375,459.31365966796875,532.509521484375,446.41143798828125,493.3126525878906,465.25177001953125,511.2157287597656,463.76580810546875,491.6939392089844,493.302734375,520.0084228515625,491.7303466796875,495.59796142578125,523.1900634765625,527.9910888671875,521.5311889648438
490.9393615722656,411.3477478027344,489.52142333984375,408.89385986328125,491.8787841796875,408.4519958496094,485.775634765625,411.93475341796875,498.72113037109375,410.3146057128906,481.4169006347656,429.07440185546875,508.5174255371094,424.99346923828125,475.6177978515625,449.3441162109375,522.930419921875,438.5128479003906,468.2521057128906,466.6971130371094,525.281982421875,447.40057373046875,493.8497009277344,463.3531188964844,512.6187133789062,461.84356689453125,491.50994873046875,490.45123291015625,520.3701782226562,489.34100341796875,494.57562255859375,518.7907104492188,527.7410888671875,517.7959594726562
493.8614501953125,411.6573791503906,492.3658142089844,408.79315185546875,494.5674133300781,408.42572021484375,487.35400390625,411.192138671875,500.2989196777344,409.707763671875,482.26776123046875,427.7195739746094,509.95404052734375,423.88201904296875,477.0372009277344,449.365478515625,522.9500122070312,441.1038818359375,474.39593505859375,468.9286804199219,527.307373046875,457.2010803222656,494.2048645019531,461.2174987792969,513.2046508789062,459.8095703125,493.69049072265625,491.03765869140625,522.08349609375,489.331787109375,496.48883056640625,518.95068359375,528.7816162109375,517.4490356445312
497.1844482421875,410.8344421386719,495.25018310546875,407.83782958984375,497.5290832519531,407.61773681640625,488.7610778808594,410.3016052246094,502.44354248046875,409.1306457519531,483.0992126464844,426.8198547363281,512.0059814453125,423.7271728515625,479.87432861328125,449.03851318359375,522.0592041015625,441.49365234375,479.03961181640625,467.890869140625,521.018798828125,456.67730712890625,493.9244384765625,459.6411437988281,514.2529907226562,458.72344970703125,493.995849609375,488.28509521484375,524.01611328125,487.262451171875,495.47393798828125,516.9638671875,528.975830078125,516.5829467773438
501.940185546875,409.9801940917969,499.4841003417969,406.91455078125,501.8236083984375,406.82513427734375,491.0093994140625,409.13653564453125,504.53253173828125,408.2256774902344,484.80450439453125,424.9427490234375,512.5581665039062,422.247314453125,482.822998046875,446.9114990234375,521.6290283203125,439.94207763671875,484.39215087890625,465.6659240722656,520.9193725585938,455.866943359375,494.40875244140625,456.91741943359375,514.2662963867188,456.2919006347656,494.8413391113281,487.1156311035156,524.8389892578125,486.1492919921875,494.5306396484375,516.9403076171875,529.2622680664062,516.8502807617188
504.200927734375,407.66485595703125,501.5596008300781,404.9819641113281,504.4304504394531,404.8110046386719,493.7130126953125,408.0184326171875,508.25872802734375,406.6741638183594,488.8646240234375,424.4305419921875,516.3378295898438,420.665771484375,486.1989440917969,446.72210693359375,524.7799682617188,439.6191101074219,486.6644592285156,465.5750732421875,524.4422607421875,459.2786865234375,497.0069580078125,457.46337890625,517.2744140625,456.0954284667969,496.02459716796875,488.10540771484375,529.44189453125,485.814697265625,494.4582824707031,518.6705322265625,535.5912475585938,515.649169921875
506.4649658203125,405.866943359375,504.3655090332031,402.8768310546875,506.65338134765625,402.9951171875,497.2733154296875,405.2765808105469,510.53656005859375,405.10150146484375,491.4943542480469,420.8764953613281,517.31689453125,420.7095642089844,489.7198486328125,441.5813293457031,526.1741943359375,440.71954345703125,491.0773010253906,457.9136962890625,527.2546997070312,457.24151611328125,498.8810119628906,455.6461181640625,517.797607421875,456.1566162109375,497.6252746582031,485.084228515625,528.373779296875,485.7303466796875,494.9394836425781,516.1173095703125,532.798828125,518.1437377929688
512.0442504882812,405.5705871582031,509.242431640625,402.38043212890625,511.9913330078125,402.57171630859375,499.92791748046875,404.3155517578125,514.2415771484375,404.2731018066406,492.9920959472656,420.2538146972656,520.8851318359375,420.1082763671875,490.2012939453125,442.6765441894531,530.0996704101562,441.35369873046875,489.6961669921875,462.4458923339844,530.6027221679688,459.59332275390625,499.1617431640625,458.34625244140625,519.4161987304688,458.8043212890625,498.8082275390625,486.8975830078125,530.31005859375,487.53704833984375,495.33984375,517.8035278320312,533.5597534179688,519.6856079101562
514.4703979492188,404.745849609375,512.0160522460938,401.5980529785156,514.6321411132812,401.72955322265625,503.91302490234375,403.7192687988281,518.1364135742188,403.64288330078125,497.1583251953125,419.98968505859375,525.0514526367188,419.9387512207031,494.0420227050781,442.2882385253906,534.9474487304688,440.5633850097656,491.39605712890625,462.8443908691406,534.2867431640625,457.0768127441406,502.4815673828125,459.2772216796875,522.6583251953125,459.7247009277344,501.9870910644531,489.530029296875,533.4113159179688,490.69451904296875,496.3862609863281,519.3404541015625,534.5769653320312,521.9750366210938
522.1962280273438,402.056640625,518.6929321289062,398.6851806640625,521.7317504882812,399.112548828125,507.7284851074219,401.2847595214844,522.214111328125,401.71820068359375,500.7207946777344,418.93756103515625,528.517333984375,419.8253173828125,496.8369445800781,441.3594665527344,539.141357421875,441.72918701171875,491.3492126464844,463.36871337890625,539.9735107421875,460.4085693359375,504.9512939453125,460.1375427246094,524.9207153320312,460.93927001953125,503.6192321777344,490.68377685546875,534.31103515625,492.06365966796875,496.1166687011719,520.2257080078125,533.5006713867188,522.9577026367188
524.0364990234375,400.3434143066406,521.2982788085938,397.061767578125,524.1000366210938,397.3659362792969,512.5321044921875,399.5321350097656,526.6015625,399.9672546386719,505.07366943359375,417.3310852050781,533.4688110351562,418.29315185546875,499.7489013671875,440.8141174316406,544.9059448242188,440.4425048828125,493.03460693359375,462.5041198730469,546.6580200195312,457.14312744140625,508.38177490234375,459.4075012207031,528.60791015625,460.1802673339844,504.6614074707031,490.2991943359375,536.8923950195312,492.11859130859375,496.441162109375,520.5826416015625,534.9270629882812,524.0172119140625
526.4710083007812,398.18731689453125,524.186767578125,394.95458984375,526.8509521484375,395.139892578125,516.1633911132812,397.0643005371094,530.0772705078125,397.4611511230469,507.5306701660156,414.4395751953125,536.7276611328125,415.7934265136719,501.21771240234375,437.99346923828125,548.276123046875,437.79168701171875,494.190673828125,460.12762451171875,549.9301147460938,453.9969787597656,511.57061767578125,458.1427001953125,532.2257080078125,459.0986328125,506.99755859375,490.42572021484375,538.9985961914062,492.9246826171875,498.44488525390625,520.6189575195312,536.2211303710938,525.5897216796875
529.4540405273438,395.05157470703125,527.3125610351562,391.89227294921875,530.0825805664062,392.1224670410156,519.7840576171875,394.24365234375,534.1035766601562,394.9735107421875,511.0520324707031,412.2915344238281,540.6482543945312,414.4722595214844,503.90313720703125,435.0142822265625,553.2218017578125,435.8945007324219,494.8637390136719,458.2015380859375,555.8552856445312,451.5797119140625,514.1240844726562,458.0667724609375,534.61474609375,459.3839111328125,509.9483947753906,490.040771484375,540.4171142578125,493.350830078125,501.3692626953125,519.6888427734375,536.30419921875,525.6309204101562
529.6658935546875,391.37799072265625,527.0136108398438,388.6835021972656,530.8369140625,389.0753173828125,520.4915161132812,392.3044128417969,535.8340454101562,393.13360595703125,513.9947509765625,411.7090759277344,543.14404296875,412.6622619628906,506.167236328125,436.9197692871094,554.4235229492188,435.71270751953125,498.4902038574219,461.89215087890625,561.5184326171875,455.2606506347656,515.735595703125,457.4469909667969,535.4632568359375,458.10614013671875,515.8529052734375,489.8897705078125,543.03271484375,491.5045166015625,510.2980041503906,521.57080078125,537.7171020507812,524.0643310546875
536.80126953125,391.15948486328125,535.1526489257812,388.1075744628906,538.0992431640625,388.39208984375,528.6163940429688,390.01080322265625,542.861083984375,391.3949890136719,517.9622192382812,408.514892578125,546.3663330078125,411.14117431640625,508.34033203125,433.32781982421875,555.2794799804688,434.8172302246094,500.7568359375,458.05328369140625,561.3068237304688,453.1500549316406,516.4141845703125,454.46417236328125,535.6340942382812,456.1090393066406,521.080078125,486.5176696777344,546.7389526367188,490.23260498046875,512.00830078125,516.1311645507812,538.119873046875,523.3463134765625
542.3544921875,396.2290954589844,540.076171875,392.9318542480469,543.0149536132812,393.30487060546875,531.7838745117188,393.9626770019531,545.1567993164062,395.21173095703125,520.329833984375,410.7091369628906,548.040283203125,412.2268371582031,510.1989440917969,435.05548095703125,556.189453125,434.0445251464844,504.7375183105469,458.1807861328125,563.4388427734375,450.99945068359375,518.7241821289062,454.9576416015625,536.8486938476562,456.3598327636719,535.2672119140625,486.1948547363281,554.4356079101562,488.485107421875,531.7195434570312,518.1637573242188,548.1957397460938,522.0431518554688
548.67431640625,401.4230041503906,545.7070922851562,397.82489013671875,548.7711791992188,398.28472900390625,534.2786865234375,398.0477294921875,548.6871337890625,399.18328857421875,523.21630859375,414.1046447753906,549.6198120117188,414.5931091308594,513.4734497070312,438.142822265625,557.7908935546875,436.5782775878906,510.24737548828125,459.8962097167969,564.39892578125,453.1264343261719,519.25244140625,457.9376525878906,536.0673217773438,458.6459655761719,541.3670043945312,489.397705078125,557.00390625,490.23345947265625,541.6658935546875,521.1784057617188,554.6767578125,523.6138305664062
552.7998046875,402.6354064941406,549.9945068359375,399.15899658203125,552.6583862304688,399.71697998046875,538.6367797851562,399.9812927246094,551.7554931640625,401.5202331542969,527.0848388671875,416.75048828125,553.149169921875,417.9685363769531,517.15771484375,440.5198669433594,559.40966796875,440.2879638671875,514.3154907226562,461.47430419921875,566.345947265625,456.926025390625,524.5692749023438,460.3272705078125,541.3047485351562,461.39373779296875,544.4186401367188,490.5758056640625,560.8446044921875,491.60302734375,550.0288696289062,523.8081665039062,562.601806640625,525.95068359375
556.9692993164062,404.22259521484375,553.9569091796875,400.9361877441406,556.6874389648438,401.5538330078125,542.3193359375,402.77850341796875,554.8949584960938,404.4789733886719,531.3212890625,421.01641845703125,555.4114379882812,422.3975524902344,519.5946044921875,445.6483459472656,561.8328857421875,445.1990661621094,512.098388671875,467.3883056640625,569.53759765625,460.4977111816406,529.695068359375,465.0142822265625,544.1533813476562,466.2385559082031,555.9346923828125,495.7398681640625,565.2564086914062,497.13140869140625,561.3187866210938,529.1624145507812,562.0844116210938,531.4996337890625
555.7946166992188,404.94903564453125,553.2501831054688,401.5906677246094,555.6563110351562,402.1801452636719,543.4609985351562,403.7295837402344,555.5713500976562,405.3465270996094,533.193359375,422.74658203125,557.6085815429688,424.29425048828125,520.3111572265625,447.4236145019531,563.7896728515625,447.0248718261719,511.74224853515625,466.5599670410156,568.3303833007812,459.1302490234375,533.8896484375,469.21728515625,548.547607421875,470.4714660644531,558.0247192382812,498.01458740234375,567.1109619140625,499.8201904296875,560.7110595703125,531.0261840820312,559.7933349609375,534.0005493164062
557.2313842773438,404.2003173828125,554.3978881835938,400.9292907714844,556.7407836914062,401.51177978515625,543.3265991210938,403.039794921875,554.8573608398438,404.6348571777344,533.7493286132812,421.29583740234375,556.0032348632812,422.99383544921875,520.4671020507812,445.449951171875,562.1050415039062,444.3711853027344,507.6228332519531,463.0013122558594,563.5595703125,451.5468444824219,534.8396606445312,467.87005615234375,547.9496459960938,469.1537170410156,557.1770629882812,497.50445556640625,565.3230590820312,499.76397705078125,560.1187133789062,529.9595947265625,558.2947998046875,533.8194580078125
554.6835327148438,401.4886779785156,552.0491943359375,398.2370910644531,554.1522827148438,398.8951110839844,540.3505249023438,399.7578125,551.4680786132812,401.8153076171875,530.0399169921875,416.3759460449219,552.089111328125,419.7139892578125,515.6508178710938,437.79388427734375,559.0933837890625,440.25958251953125,503.3041687011719,452.70947265625,562.0462646484375,445.7568664550781,533.0108642578125,461.5883483886719,545.7391967773438,463.53045654296875,552.2160034179688,493.2706298828125,558.5234375,496.3009033203125,560.1803588867188,524.7719116210938,556.473388671875,529.923828125
548.9899291992188,397.9880676269531,546.4368896484375,394.508056640625,548.8453979492188,395.17730712890625,535.8175048828125,395.5746154785156,548.7921752929688,397.5387268066406,526.7308349609375,412.3979187011719,550.058349609375,415.0543518066406,511.9819641113281,435.1984558105469,555.7938842773438,435.5590515136719,497.0894470214844,450.4525146484375,553.9579467773438,438.3694763183594,528.9767456054688,458.3794250488281,542.66552734375,459.97003173828125,547.828369140625,490.45806884765625,555.0064086914062,493.47186279296875,557.3824462890625,523.1417236328125,555.9215087890625,528.42724609375
544.265625,387.6220397949219,543.1473388671875,384.4429931640625,544.648193359375,384.77862548828125,536.3318481445312,386.9450378417969,546.4016723632812,388.66845703125,525.3981323242188,405.7835388183594,547.0897216796875,408.9402160644531,509.7938537597656,428.5250549316406,550.2106323242188,428.7016906738281,495.2696838378906,443.904296875,548.5164794921875,432.42822265625,527.5532836914062,454.46246337890625,540.3846435546875,456.91729736328125,549.22265625,487.4021301269531,556.4486694335938,491.8299560546875,555.087890625,521.8375854492188,552.3067626953125,528.2921752929688
541.7779541015625,383.00750732421875,540.53173828125,379.6263427734375,542.0939331054688,380.0369567871094,533.0618896484375,381.4517822265625,543.6325073242188,383.4046630859375,520.945556640625,399.7739562988281,544.5260620117188,402.95452880859375,505.5452880859375,422.7448425292969,547.9024658203125,422.3117370605469,494.38531494140625,439.9743957519531,547.5355834960938,426.8562927246094,521.984619140625,448.4297180175781,536.20166015625,450.8652648925781,545.712890625,479.6021423339844,555.0733032226562,483.9525146484375,546.5714721679688,512.8611450195312,545.8746948242188,519.2330322265625
539.2386474609375,378.4008483886719,536.8842163085938,375.06048583984375,539.3162231445312,375.5106201171875,526.9745483398438,377.3135986328125,540.5467529296875,378.9115295410156,517.2527465820312,395.41619873046875,541.0358276367188,398.19427490234375,502.7090759277344,416.7411193847656,548.891845703125,417.1670837402344,487.483154296875,435.6791687011719,547.7418823242188,423.4485778808594,518.090087890625,443.3670349121094,532.1339111328125,445.52911376953125,543.0863647460938,473.08026123046875,550.6077270507812,476.9840393066406,541.9904174804688,504.89715576171875,541.6229248046875,510.19873046875
527.4041137695312,372.4265441894531,525.8494262695312,369.6978454589844,527.9882202148438,369.67901611328125,519.986083984375,372.4773864746094,531.9790649414062,372.685546875,513.013427734375,390.5021057128906,536.718017578125,390.44696044921875,500.7590026855469,413.5343933105469,549.0173950195312,407.54132080078125,484.0357666015625,428.5683898925781,546.974609375,406.6479797363281,517.6024169921875,437.6501159667969,530.8184814453125,438.28070068359375,537.9317626953125,468.9774169921875,541.8507080078125,471.7738037109375,540.0484008789062,496.58355712890625,529.2372436523438,501.4813232421875
525.3179931640625,369.73651123046875,523.7113037109375,367.193115234375,525.6950073242188,367.0687561035156,516.7660522460938,370.88885498046875,528.7924194335938,370.8393859863281,508.93389892578125,390.05474853515625,533.796630859375,388.7358703613281,496.4049377441406,411.9071960449219,547.8563232421875,401.4249267578125,483.0189514160156,425.1087646484375,548.032470703125,394.8667297363281,515.3274536132812,436.7674865722656,529.4833374023438,436.8158874511719,533.61279296875,466.2941589355469,540.2809448242188,468.2734069824219,532.1018676757812,493.06805419921875,526.1195068359375,496.865234375
522.7490234375,369.255615234375,520.7802734375,366.56756591796875,522.8085327148438,366.53338623046875,513.3360595703125,370.0028381347656,524.7708129882812,370.022216796875,505.2303466796875,389.80126953125,529.5507202148438,388.87200927734375,491.1671142578125,410.5972900390625,542.1490478515625,401.6122741699219,480.3909912109375,425.2144470214844,544.3615112304688,403.7593688964844,513.2847290039062,436.254638671875,526.8486938476562,437.1984558105469,532.281005859375,467.41796875,537.20458984375,469.5253601074219,530.14697265625,493.18902587890625,521.7711181640625,495.196533203125
512.1195678710938,369.1842956542969,510.7490234375,367.111083984375,512.8455200195312,366.9109191894531,507.0977783203125,370.92041015625,517.3822021484375,370.4356994628906,502.8681945800781,390.6044616699219,525.8179931640625,386.7751770019531,488.7027893066406,410.2811584472656,543.1505126953125,394.3542175292969,480.8504638671875,422.6019287109375,549.6727294921875,390.27020263671875,514.01318359375,436.0533447265625,526.4877319335938,435.09283447265625,524.9676513671875,467.22998046875,530.8361206054688,466.89422607421875,525.2859497070312,494.71282958984375,519.1017456054688,494.0367431640625
509.1719665527344,369.5029602050781,507.468994140625,367.45257568359375,509.1979064941406,367.3972473144531,503.47589111328125,371.55792236328125,512.7467041015625,370.9221496582031,501.30572509765625,392.40203857421875,521.8711547851562,385.5303039550781,484.5431823730469,412.3258056640625,539.2506103515625,389.56781005859375,476.354736328125,423.4523620605469,548.6829223632812,381.96893310546875,513.2158813476562,437.21954345703125,525.3724365234375,434.4033203125,514.162353515625,470.39666748046875,530.2105102539062,467.0312805175781,511.025634765625,500.24755859375,525.7647094726562,494.47998046875
502.5262145996094,370.9556884765625,500.84375,368.947998046875,503.2198181152344,368.69024658203125,497.7940673828125,372.43701171875,508.7701110839844,371.15887451171875,496.49945068359375,392.0334777832031,518.4193725585938,385.0020751953125,481.85772705078125,412.0174865722656,538.429443359375,390.9942321777344,474.4758605957031,423.688232421875,550.1802978515625,387.6433410644531,509.5087585449219,434.27301025390625,523.4520263671875,431.3435363769531,506.7306823730469,464.37353515625,529.9056396484375,460.8901672363281,498.3773193359375,492.37109375,526.2417602539062,486.84344482421875
494.02880859375,373.7361755371094,493.2802734375,371.6069030761719,495.4027099609375,371.19549560546875,493.5296325683594,374.04339599609375,504.2369689941406,372.5885009765625,493.2820739746094,393.02569580078125,515.6265258789062,386.0203552246094,479.1130676269531,413.090576171875,536.86376953125,391.3428649902344,471.6175231933594,426.2119140625,545.564453125,385.8209228515625,507.5185546875,436.4296875,521.8519287109375,433.44873046875,504.85931396484375,463.46435546875,527.50537109375,460.73419189453125,498.35931396484375,488.874755859375,525.5517578125,485.54010009765625
491.92657470703125,373.65289306640625,489.77886962890625,371.57476806640625,492.76434326171875,371.2187805175781,486.4430847167969,375.6980895996094,500.30206298828125,373.806396484375,486.1581726074219,397.02593994140625,513.4082641601562,387.71405029296875,475.52716064453125,417.41162109375,535.4619140625,390.7283020019531,469.71356201171875,430.9049377441406,543.6900634765625,383.8363037109375,501.6013488769531,437.7743225097656,520.1481323242188,433.61932373046875,494.1273193359375,460.595947265625,526.6435546875,455.9773864746094,487.3911437988281,486.0360412597656,528.156494140625,479.61968994140625
488.19451904296875,374.7459716796875,485.6551208496094,372.58935546875,488.833984375,372.3606262207031,481.30865478515625,376.87371826171875,496.13153076171875,375.2867431640625,481.21636962890625,398.082275390625,509.8263244628906,389.6122741699219,473.26373291015625,418.3125,530.1858520507812,393.3777160644531,467.79437255859375,432.2144470214844,534.1082763671875,385.69146728515625,496.4617004394531,438.2099304199219,516.266357421875,434.4224853515625,488.692138671875,460.0596923828125,521.905029296875,456.1755065917969,484.0104064941406,486.07647705078125,524.43115234375,480.73193359375
488.577880859375,375.2046203613281,485.71240234375,372.3564453125,488.8030090332031,372.2932434082031,479.29229736328125,376.75213623046875,494.87799072265625,375.43023681640625,474.71588134765625,397.9434509277344,511.1029052734375,391.4012756347656,469.78070068359375,417.8457336425781,532.3815307617188,396.2152404785156,467.8226318359375,430.005615234375,533.6137084960938,387.51898193359375,487.34930419921875,436.1611022949219,511.98724365234375,433.80572509765625,491.3628845214844,456.106689453125,524.6561279296875,454.25390625,484.714599609375,481.690185546875,520.6201171875,480.946533203125
484.8050537109375,376.2445068359375,482.6546936035156,373.4388427734375,485.53424072265625,373.21588134765625,477.4615478515625,377.30718994140625,492.5628967285156,375.96588134765625,471.8282165527344,396.79962158203125,507.99969482421875,391.5957946777344,465.8313903808594,415.5271911621094,528.6355590820312,398.49462890625,465.563720703125,423.3953552246094,529.7188110351562,390.44476318359375,485.212646484375,435.92431640625,509.9544677734375,434.1820068359375,488.02362060546875,453.0376892089844,523.89111328125,451.9095458984375,481.2615051269531,479.077392578125,521.36767578125,479.3207702636719
481.0688781738281,376.2847595214844,479.37469482421875,373.4759826660156,482.3513488769531,373.2502136230469,475.7139892578125,377.3122863769531,491.2529296875,376.0559997558594,469.82110595703125,395.57037353515625,505.7588195800781,391.6885070800781,467.03277587890625,410.9024353027344,524.947509765625,399.4942321777344,474.83929443359375,411.0714111328125,527.7381591796875,391.9396667480469,481.43377685546875,434.0541076660156,506.2967529296875,432.95904541015625,487.1824645996094,449.1936340332031,522.8593139648438,448.3529357910156,479.38037109375,475.8514404296875,519.09228515625,476.3312683105469
479.67315673828125,373.48834228515625,477.9767761230469,371.08197021484375,480.35321044921875,370.84283447265625,473.9063720703125,375.392822265625,486.995361328125,374.161865234375,470.4980773925781,393.0997009277344,497.4613952636719,389.4385681152344,471.94708251953125,407.0229797363281,516.428466796875,394.959716796875,477.4999084472656,415.042724609375,523.2464599609375,392.6561584472656,484.38232421875,429.8078308105469,503.6287841796875,429.02783203125,485.2462158203125,451.79644775390625,517.7008056640625,451.2641296386719,477.3692932128906,479.91461181640625,516.6238403320312,480.29132080078125
484.1426696777344,371.563720703125,480.8202209472656,368.8673095703125,483.38494873046875,369.0888977050781,471.90911865234375,373.92694091796875,485.21807861328125,373.2681884765625,469.5541687011719,390.6468200683594,494.1080627441406,388.6285400390625,479.043212890625,397.6013488769531,513.6987915039062,392.1076354980469,493.0784606933594,397.11712646484375,521.9666748046875,388.038818359375,483.209228515625,427.4252624511719,501.2578430175781,427.49993896484375,486.1892395019531,449.79180908203125,516.814697265625,449.1891174316406,476.6509094238281,479.7936096191406,514.6879272460938,479.6882629394531
481.1932067871094,371.0161437988281,478.6850280761719,368.320068359375,481.02301025390625,368.30047607421875,471.80450439453125,372.20501708984375,484.6362609863281,371.24755859375,469.6097412109375,387.3094177246094,493.42254638671875,385.7429504394531,480.356201171875,395.28948974609375,513.388427734375,391.1751708984375,494.5947570800781,395.56134033203125,521.107421875,388.37261962890625,484.14752197265625,424.3651123046875,501.8011169433594,424.6321716308594,484.86492919921875,448.59625244140625,515.9363403320312,448.6463928222656,476.38385009765625,477.8486633300781,514.9375,479.0040283203125
481.0451354980469,369.2060546875,478.7762756347656,366.5276184082031,480.974365234375,366.3791809082031,472.1762390136719,369.9247131347656,484.5300598144531,368.7610168457031,469.34033203125,384.3982238769531,493.23077392578125,382.8053283691406,479.1002502441406,393.5600891113281,513.0855102539062,390.4805603027344,492.7588806152344,393.7060546875,521.5440063476562,389.78851318359375,483.65338134765625,421.0531311035156,501.2906799316406,421.25,484.7362976074219,447.83343505859375,516.0732421875,447.5892333984375,477.2709045410156,478.05419921875,515.559326171875,478.46466064453125
484.41485595703125,367.214599609375,481.5276794433594,364.4024353027344,483.75616455078125,364.3904113769531,472.8619689941406,367.9102783203125,485.19439697265625,366.8742370605469,470.0411376953125,382.2561340332031,493.12896728515625,381.33380126953125,480.64154052734375,389.84674072265625,513.6646118164062,389.7412109375,494.9049377441406,387.0586242675781,522.2147216796875,389.1105041503906,484.2049865722656,420.3835144042969,501.3961486816406,420.85467529296875,486.0682678222656,447.73785400390625,516.142822265625,447.4544982910156,477.63470458984375,478.1866760253906,515.3729248046875,478.39898681640625
483.05877685546875,367.59466552734375,480.7007751464844,364.8567199707031,482.7843322753906,364.6325988769531,473.6791687011719,367.516845703125,485.7642822265625,365.98809814453125,471.1822509765625,381.5379333496094,493.982177734375,379.2020568847656,480.89080810546875,392.6766662597656,514.5714721679688,389.3519287109375,495.5245361328125,393.28125,524.80224609375,391.6572265625,485.6827697753906,418.7367248535156,502.61260986328125,418.501953125,486.1170959472656,447.0347900390625,515.5767211914062,445.75640869140625,478.8636474609375,478.01812744140625,515.7554931640625,476.66473388671875
484.5741882324219,366.5980529785156,482.276611328125,363.81744384765625,484.43634033203125,363.6755676269531,475.66778564453125,366.5089111328125,488.39453125,365.2178955078125,472.2301940917969,381.97137451171875,497.4714660644531,379.3663330078125,477.6598815917969,396.1442565917969,518.7936401367188,391.0355224609375,489.8765869140625,400.0709228515625,530.2722778320312,395.07513427734375,485.8373107910156,420.1029968261719,504.1400146484375,419.70220947265625,486.2945861816406,447.463134765625,516.0466918945312,446.1268310546875,478.2750244140625,478.3746337890625,515.4586791992188,477.002685546875
485.059814453125,367.10064697265625,482.8974304199219,364.2518005371094,484.944580078125,364.1170654296875,476.744873046875,366.3697814941406,489.87652587890625,365.1080322265625,472.537109375,381.6673583984375,499.8480529785156,379.50140380859375,476.8576354980469,396.9365234375,519.3607177734375,393.3416748046875,487.89599609375,399.8706970214844,526.4742431640625,397.5344543457031,485.7918701171875,420.75433349609375,505.719970703125,420.48974609375,486.42547607421875,447.3192138671875,517.1821899414062,446.4364013671875,478.3268127441406,477.7440185546875,515.8259887695312,477.1221008300781
488.3414001464844,367.46746826171875,485.2598571777344,364.7084045410156,488.1612548828125,364.82293701171875,477.18621826171875,366.8887939453125,491.5196838378906,366.0667419433594,474.27545166015625,382.1720886230469,500.2437438964844,379.4334716796875,473.8785095214844,399.6102294921875,513.4429931640625,395.09912109375,482.2259521484375,395.1918029785156,519.1861572265625,393.86553955078125,485.8098449707031,420.94091796875,504.903564453125,420.17449951171875,484.3616943359375,450.74273681640625,516.605224609375,448.3933410644531,477.99267578125,478.9927673339844,515.1599731445312,474.284912109375
493.7607116699219,365.7442626953125,490.8356628417969,362.94097900390625,493.67547607421875,363.2760925292969,481.6640625,365.618896484375,495.77197265625,365.99639892578125,474.4293212890625,382.5555419921875,502.5735778808594,383.1791687011719,474.9007263183594,400.40618896484375,514.3150024414062,403.0597839355469,483.66412353515625,408.59521484375,522.27734375,414.9144592285156,483.7902526855469,422.8840026855469,504.4196472167969,423.7584533691406,487.01611328125,448.82012939453125,517.9338989257812,449.213134765625,478.849365234375,477.2388916015625,515.2666015625,478.3426208496094
495.0948486328125,367.4524841308594,492.0063171386719,364.3509521484375,494.7477111816406,364.7864990234375,482.88958740234375,366.60076904296875,496.773193359375,367.0181884765625,475.84375,383.59124755859375,504.1529846191406,384.2610168457031,474.9574279785156,404.0819396972656,515.4465942382812,404.3419494628906,479.00927734375,419.1120910644531,519.9649047851562,418.77520751953125,484.9645080566406,424.2840576171875,505.6003112792969,425.28094482421875,489.40313720703125,449.916259765625,519.6310424804688,451.00506591796875,480.728515625,477.5939025878906,515.8789672851562,479.7460632324219
499.36395263671875,366.9561462402344,496.04718017578125,363.6976318359375,499.1382141113281,364.2687072753906,486.20947265625,366.21368408203125,501.1322021484375,367.0816345214844,478.300537109375,384.2196044921875,507.6715393066406,385.7321472167969,477.0589294433594,407.0173034667969,517.0233154296875,408.0632629394531,479.69775390625,425.6938171386719,519.5457153320312,424.4720764160156,484.5598449707031,425.88006591796875,505.857666015625,427.27288818359375,490.9715576171875,450.0267639160156,521.1731567382812,451.92535400390625,481.8659362792969,476.6219787597656,515.5567016601562,480.06134033203125
504.29107666015625,367.07525634765625,500.4501953125,364.058349609375,504.26324462890625,364.54901123046875,489.54034423828125,366.84112548828125,504.6573486328125,367.4543762207031,482.7916564941406,384.3617248535156,509.6855773925781,385.06573486328125,479.6185607910156,407.9520568847656,518.215087890625,407.6282043457031,477.9509582519531,429.3787841796875,523.143798828125,427.30157470703125,487.3656311035156,425.4515380859375,506.4424133300781,426.404541015625,493.79547119140625,450.5631103515625,521.9639892578125,451.6377868652344,483.99957275390625,474.6090087890625,513.640869140625,475.6634521484375
509.730224609375,367.0947570800781,505.8951110839844,363.7814025878906,509.33740234375,364.380126953125,493.65631103515625,365.9142761230469,508.5914611816406,367.0885314941406,484.48016357421875,383.207763671875,514.1743774414062,385.7246398925781,481.74920654296875,405.85791015625,523.7997436523438,407.5655212402344,481.8055725097656,426.3261413574219,526.0518798828125,423.53692626953125,490.0502624511719,426.4455261230469,511.29449462890625,428.258056640625,493.41131591796875,451.7123107910156,523.8756103515625,454.4137878417969,483.7783203125,477.6484680175781,516.3170166015625,482.0733642578125
512.8782348632812,367.8184814453125,509.13201904296875,364.34326171875,512.4649047851562,364.830322265625,496.5379333496094,366.14666748046875,512.3264770507812,367.0332946777344,488.5553283691406,383.2534484863281,518.6751098632812,385.0574035644531,485.7774658203125,405.7553405761719,527.235595703125,406.17987060546875,484.51092529296875,426.848388671875,524.1524047851562,420.7991943359375,492.9649963378906,427.188232421875,514.3486328125,428.4608459472656,494.0282897949219,452.096435546875,523.3629760742188,454.2825927734375,485.3269348144531,477.3699951171875,517.3091430664062,481.2393798828125
515.01953125,366.9630126953125,511.6081237792969,363.7578125,514.6571044921875,364.14898681640625,500.80743408203125,365.5223388671875,516.1085205078125,366.0039978027344,494.14404296875,382.5237731933594,523.2140502929688,382.6422424316406,488.36273193359375,406.98974609375,529.6936645507812,404.1981506347656,483.2364807128906,429.1891784667969,523.1651611328125,418.6006164550781,497.6434020996094,427.37103271484375,518.1054077148438,427.57012939453125,497.75372314453125,455.12640380859375,524.7883911132812,456.2130126953125,489.768798828125,481.37615966796875,517.1463012695312,483.1226806640625
514.6539306640625,365.64453125,511.7355041503906,362.6050109863281,514.8323364257812,362.7877502441406,501.8414611816406,364.7308349609375,518.3743286132812,364.95379638671875,494.9222717285156,382.6072692871094,525.7750854492188,382.4451599121094,488.2364501953125,407.6014099121094,534.543212890625,403.2447509765625,482.70184326171875,428.01824951171875,527.004150390625,412.4583435058594,498.3941955566406,428.22412109375,519.6360473632812,428.1724853515625,496.73431396484375,457.6973876953125,521.8262939453125,459.11956787109375,492.552001953125,484.3197021484375,515.8969116210938,487.18310546875
514.8843383789062,364.6157531738281,512.4867553710938,361.61199951171875,515.1925659179688,361.7240905761719,504.3190002441406,363.5087890625,520.0965576171875,363.58013916015625,497.94097900390625,381.27587890625,528.0919799804688,380.4917907714844,490.6949768066406,406.6418762207031,537.6959838867188,401.4570007324219,485.6070251464844,429.1475830078125,531.70751953125,412.76727294921875,501.01641845703125,426.81884765625,521.4207153320312,426.3326110839844,499.3731994628906,458.64532470703125,520.7291259765625,459.42596435546875,497.66302490234375,488.11181640625,515.7376708984375,489.7835693359375
515.7421264648438,362.303955078125,513.5158081054688,359.42327880859375,516.2612915039062,359.5185241699219,506.4273681640625,362.3874816894531,522.5621337890625,362.3038330078125,500.6128234863281,381.2147521972656,530.8057861328125,380.49310302734375,493.2872314453125,406.4364929199219,538.9922485351562,403.2649230957031,488.19512939453125,428.45654296875,533.8134765625,418.6580810546875,504.2818603515625,426.4771423339844,524.5003662109375,425.98046875,503.9712829589844,459.08416748046875,522.9421997070312,459.444580078125,503.0686340332031,490.0936279296875,517.0557861328125,490.381103515625
515.1602172851562,362.16265869140625,513.3624877929688,359.325439453125,516.3085327148438,359.3724060058594,508.40338134765625,362.5452575683594,525.3209228515625,362.347900390625,503.35137939453125,381.9408264160156,533.922119140625,381.4986572265625,496.12359619140625,406.76507568359375,539.6058959960938,405.674072265625,490.1586608886719,430.0357666015625,533.155029296875,426.30670166015625,506.13995361328125,428.32489013671875,526.6278686523438,427.8890686035156,505.5263977050781,461.274169921875,523.7991333007812,461.61236572265625,506.9969787597656,493.3131103515625,519.26904296875,493.276123046875
520.4295043945312,364.1857604980469,518.145751953125,361.27044677734375,521.3646850585938,361.3325500488281,511.49786376953125,364.13470458984375,528.7772827148438,363.8788757324219,505.8270263671875,383.1944580078125,536.3110961914062,382.6003723144531,498.21197509765625,409.0146484375,540.6659545898438,408.207275390625,490.86370849609375,433.7349853515625,533.590087890625,432.0435485839844,507.64300537109375,430.6340637207031,528.0301513671875,430.1023254394531,507.2737731933594,464.20977783203125,524.99755859375,464.11883544921875,510.9232177734375,497.11761474609375,522.09375,496.22869873046875
526.5631713867188,366.9144287109375,523.889404296875,363.4002990722656,526.7185668945312,363.6278076171875,513.5071411132812,365.0306091308594,530.2811279296875,365.54388427734375,504.7086181640625,384.2434997558594,535.7085571289062,385.25341796875,498.6927795410156,410.3987731933594,542.447509765625,410.9816589355469,496.5306701660156,432.400146484375,538.5123291015625,429.7856750488281,507.94268798828125,432.6496276855469,528.6076049804688,433.2760314941406,509.47149658203125,467.9494323730469,524.7525634765625,469.31573486328125,512.7743530273438,500.8427734375,521.1332397460938,503.2398681640625
525.4266967773438,370.57171630859375,523.3428955078125,367.191162109375,525.9877319335938,367.3075256347656,514.9660034179688,369.84417724609375,531.8787841796875,370.131103515625,505.5076904296875,390.0919189453125,539.0230102539062,390.67950439453125,499.1120300292969,414.7667236328125,546.0565185546875,414.3816223144531,498.32769775390625,437.56292724609375,542.9395751953125,433.8004455566406,508.2079772949219,437.72412109375,530.2798461914062,438.0693054199219,508.6377258300781,470.568115234375,525.3378295898438,471.817626953125,514.8597412109375,500.3072509765625,523.0335693359375,502.5845947265625
526.4810180664062,375.3331298828125,524.4489135742188,371.92486572265625,526.9597778320312,372.01458740234375,516.7014770507812,374.63671875,533.4298095703125,374.6526184082031,508.2634582519531,395.4103698730469,541.0007934570312,395.16162109375,500.6109313964844,421.0079040527344,548.5535888671875,419.8493347167969,498.1473693847656,441.91973876953125,546.2086791992188,438.61041259765625,511.1370544433594,443.3082580566406,532.2540893554688,443.184326171875,511.9843444824219,478.159423828125,525.6238403320312,478.5564880371094,520.5201416015625,508.1207275390625,523.9619140625,508.65838623046875
526.5983276367188,377.37152099609375,524.7285766601562,374.0442199707031,527.3408203125,374.101318359375,517.8106689453125,377.147705078125,534.902099609375,377.0662536621094,509.96453857421875,398.1451416015625,542.220703125,397.8836975097656,500.95697021484375,422.76324462890625,549.6234130859375,422.2976379394531,496.6743469238281,444.1075134277344,547.722900390625,442.4853820800781,513.0143432617188,445.3204040527344,533.349609375,445.11517333984375,515.0009765625,479.669189453125,524.8301391601562,479.96728515625,523.70654296875,510.41705322265625,522.1597290039062,510.6195068359375
527.1102905273438,379.1092529296875,525.19873046875,375.72210693359375,527.9324951171875,375.7030334472656,517.9781494140625,378.5669250488281,535.4850463867188,378.3505859375,510.8765869140625,399.614990234375,542.1043701171875,399.225341796875,500.9191589355469,424.826416015625,550.447265625,423.32470703125,493.4775390625,448.10614013671875,547.8674926757812,442.9069519042969,517.5119018554688,447.4879150390625,536.8833618164062,447.3739929199219,520.1570434570312,483.1204833984375,527.1475219726562,483.75848388671875,527.2429809570312,515.9889526367188,523.3523559570312,516.6942749023438
527.2520751953125,381.2940368652344,525.00537109375,377.8270263671875,527.8351440429688,377.88555908203125,517.972412109375,380.46917724609375,535.3971557617188,380.0626220703125,512.0907592773438,400.8282775878906,542.7189331054688,399.8849792480469,502.6617126464844,424.65435791015625,550.909423828125,423.451171875,494.9530944824219,445.5041809082031,547.8284912109375,443.4571533203125,519.6163330078125,447.94158935546875,538.9219970703125,447.6817626953125,523.717529296875,483.4893798828125,532.6990356445312,483.55865478515625,528.2134399414062,517.3284912109375,528.38623046875,516.89697265625
528.72705078125,382.6766357421875,526.2490844726562,379.150634765625,529.113037109375,379.2003479003906,519.0457153320312,381.7286071777344,536.7613525390625,381.02685546875,513.6087646484375,402.4810485839844,545.0241088867188,400.66168212890625,504.08966064453125,427.0288391113281,552.9976806640625,424.5567321777344,496.1348571777344,446.240234375,548.463623046875,444.0191345214844,521.3223876953125,450.8933410644531,541.295166015625,450.24188232421875,524.9126586914062,487.0605163574219,535.1820678710938,486.4451904296875,529.9666748046875,520.4969482421875,531.1441040039062,518.8283081054688
532.323974609375,381.906982421875,529.3182373046875,378.32269287109375,532.3040771484375,378.47998046875,521.2069702148438,381.22491455078125,539.0956420898438,380.44989013671875,515.8489990234375,402.3457946777344,548.16357421875,400.0857238769531,505.4319763183594,425.79815673828125,555.9961547851562,424.74749755859375,497.2398376464844,440.0370178222656,551.9286499023438,444.2027282714844,523.0130004882812,450.0370788574219,543.7885131835938,449.0792541503906,526.1749877929688,486.2095642089844,539.155029296875,484.54931640625,530.1776733398438,521.4646606445312,535.2161254882812,517.6207275390625
535.6782836914062,380.1878356933594,532.5409545898438,376.6305236816406,535.6011962890625,376.7982482910156,523.890869140625,379.85809326171875,541.6077880859375,379.13629150390625,518.0498657226562,401.4423828125,550.7042846679688,399.0888977050781,506.84814453125,424.6740417480469,558.9447631835938,423.0176086425781,498.39434814453125,441.2539367675781,557.2108764648438,444.6684265136719,526.1383056640625,448.9130554199219,547.0543212890625,447.94549560546875,527.8939208984375,485.2422180175781,542.3748779296875,483.45233154296875,531.0194091796875,521.5226440429688,538.1375122070312,517.2841186523438
537.87939453125,377.64617919921875,535.4048461914062,374.2995300292969,537.9996337890625,374.373046875,527.359619140625,377.240478515625,543.5673828125,376.8684997558594,519.6151123046875,399.21710205078125,552.084716796875,397.5534973144531,509.1600341796875,423.76373291015625,561.203125,422.4946594238281,503.9384765625,441.47430419921875,561.63330078125,443.7992858886719,527.5585327148438,448.18206787109375,549.0625610351562,447.610107421875,529.2059326171875,485.46636962890625,549.1856079101562,484.3282165527344,530.9036254882812,522.8527221679688,546.5001220703125,520.0757446289062
540.696044921875,379.9150695800781,538.4508666992188,376.6145935058594,540.842529296875,376.8218688964844,531.031494140625,379.7459411621094,546.2333374023438,379.6109313964844,524.4305419921875,399.4272155761719,554.8899536132812,398.3907775878906,512.5819091796875,422.3544006347656,563.1687622070312,422.7096252441406,507.13287353515625,440.1379089355469,565.4747314453125,444.2807312011719,531.8237915039062,446.59381103515625,552.1322631835938,446.0043029785156,533.6442260742188,485.5013122558594,555.9401245117188,484.0669860839844,535.1412353515625,524.2674560546875,556.5507202148438,520.79541015625
544.8020629882812,381.690185546875,542.2621459960938,378.376953125,544.75537109375,378.66314697265625,533.5598754882812,381.5590515136719,548.7930297851562,381.72137451171875,526.3153686523438,400.9898986816406,557.0860595703125,400.7765197753906,514.7918090820312,423.8977355957031,565.8649291992188,425.5105285644531,508.6526184082031,442.0298767089844,568.293212890625,446.8306884765625,533.886962890625,448.2135314941406,555.0800170898438,448.12603759765625,533.2667236328125,487.4100341796875,561.8648071289062,486.613525390625,534.7081298828125,527.1102294921875,566.80859375,524.5243530273438
546.5584716796875,385.32452392578125,544.5555419921875,381.9391784667969,546.6635131835938,382.07110595703125,537.7046508789062,384.43292236328125,552.6083984375,384.18646240234375,531.7000732421875,405.1383056640625,560.0859375,404.47314453125,519.0442504882812,427.05877685546875,568.7677001953125,431.525146484375,509.73687744140625,442.1470642089844,571.4473876953125,456.435791015625,537.4459838867188,453.4629211425781,557.5260009765625,453.12518310546875,534.7144775390625,491.03155517578125,564.151611328125,489.67510986328125,533.6293334960938,529.2694702148438,571.37744140625,525.954345703125
549.2576904296875,390.38812255859375,547.3600463867188,387.0393981933594,549.3806762695312,387.11297607421875,540.8956909179688,390.0793762207031,555.2586059570312,389.6204833984375,534.28466796875,411.15277099609375,563.3616943359375,409.69970703125,522.8823852539062,433.02545166015625,572.8128662109375,433.5850524902344,515.239013671875,449.79345703125,576.6344604492188,455.8395690917969,540.2939453125,457.78448486328125,561.2484741210938,457.17578125,537.28564453125,493.68695068359375,571.239501953125,492.12774658203125,535.0968017578125,531.4090576171875,579.9293823242188,527.8734130859375
550.318115234375,395.5772399902344,549.00830078125,392.3745422363281,551.1121215820312,392.3031005859375,544.2205200195312,395.1422119140625,558.6512451171875,394.7100830078125,536.9758911132812,415.608642578125,567.3922729492188,414.5638427734375,526.6568603515625,438.6733093261719,577.949462890625,437.77618408203125,518.5786743164062,458.9095153808594,581.097412109375,458.5379943847656,542.5546875,461.02630615234375,564.6911010742188,460.630615234375,537.529296875,495.9676513671875,575.1566162109375,495.59130859375,535.9110717773438,532.7410278320312,585.3505859375,531.8984985351562
554.8932495117188,399.3529052734375,553.3840942382812,396.1449890136719,555.5416870117188,396.018310546875,547.443115234375,398.39129638671875,562.0989990234375,397.93341064453125,540.15087890625,418.2807312011719,570.1968383789062,417.2564697265625,531.853759765625,442.8424987792969,581.7193603515625,439.3123474121094,523.6990966796875,465.0379333496094,581.3331298828125,455.6064758300781,545.892578125,465.29364013671875,568.365478515625,464.9952392578125,538.5947875976562,499.23797607421875,578.8753051757812,499.709228515625,535.2466430664062,534.33544921875,589.6832885742188,535.3770141601562
557.3298950195312,401.9686279296875,556.3833618164062,398.9783630371094,558.5184326171875,398.7476806640625,551.6918334960938,401.86846923828125,566.2389526367188,401.6698913574219,544.2681274414062,421.4587707519531,574.0989379882812,422.41009521484375,539.2088012695312,446.4190979003906,586.6715087890625,444.5673828125,530.0746459960938,467.1363830566406,582.2833251953125,454.0545959472656,549.8082275390625,466.88360595703125,572.439697265625,467.5951843261719,539.3544921875,499.88397216796875,582.525634765625,502.98980712890625,534.4089965820312,533.6023559570312,592.3997192382812,539.6300659179688
564.31689453125,404.2509765625,562.7992553710938,401.28277587890625,565.0474243164062,401.0666809082031,555.8619995117188,404.40277099609375,570.5304565429688,404.1978454589844,547.988037109375,424.68017578125,578.5,424.61932373046875,543.0211791992188,451.9644775390625,593.1622924804688,443.8346252441406,534.2476806640625,473.9186096191406,588.711669921875,445.94000244140625,555.7332153320312,469.76702880859375,578.636474609375,470.1805725097656,543.5782470703125,501.6976318359375,587.135009765625,504.867431640625,536.1931762695312,534.5117797851562,593.8316040039062,540.8023071289062
564.3322143554688,406.96954345703125,563.8218994140625,404.17608642578125,566.0725708007812,404.1997985839844,560.2577514648438,406.2670593261719,574.28515625,407.3794860839844,552.3493041992188,424.73626708984375,582.5482177734375,427.42681884765625,544.8599853515625,450.5033874511719,595.6551513671875,446.057373046875,538.0812377929688,473.7120666503906,593.5556030273438,448.7220153808594,560.5243530273438,471.2242736816406,582.9540405273438,473.09857177734375,547.9906005859375,504.39080810546875,591.4747924804688,509.6195068359375,538.533447265625,535.1852416992188,595.0931396484375,544.5149536132812
570.0744018554688,407.16259765625,569.1227416992188,404.18017578125,571.3291625976562,403.9691162109375,564.6246948242188,406.71051025390625,578.0543212890625,406.6527099609375,558.4755249023438,425.6716613769531,586.4536743164062,426.1037902832031,552.7031860351562,450.6444396972656,599.7730712890625,444.26324462890625,543.1743774414062,466.9944763183594,596.8053588867188,442.6461486816406,565.3666381835938,471.4554748535156,586.1325073242188,472.0017395019531,550.508056640625,504.88458251953125,592.382568359375,508.6307373046875,541.4644775390625,534.8494873046875,595.1954345703125,542.949462890625
572.020751953125,406.8900146484375,571.2418823242188,404.0560607910156,573.6232299804688,404.27447509765625,567.3905639648438,405.85723876953125,581.9262084960938,407.409423828125,559.6668090820312,423.97747802734375,590.1835327148438,427.1388854980469,550.7137451171875,448.68194580078125,602.0213012695312,444.8497619628906,543.125,468.71368408203125,597.2645874023438,443.31219482421875,565.6209716796875,471.8612060546875,588.134765625,473.82525634765625,553.5006713867188,504.301513671875,595.4093017578125,509.8125,542.150146484375,534.3628540039062,596.0905151367188,543.7921752929688
572.847900390625,405.6235656738281,572.5530395507812,402.7757873535156,574.5371704101562,402.5553894042969,569.2872314453125,404.8157958984375,583.0794067382812,405.19683837890625,560.9612426757812,423.1536865234375,591.2020263671875,425.0780029296875,553.0445556640625,450.1618957519531,604.4796142578125,444.9955139160156,543.587646484375,471.4360046386719,599.1033935546875,445.64617919921875,567.6578369140625,468.25439453125,590.2493286132812,469.5665588378906,553.9678344726562,501.13287353515625,597.7701416015625,506.0755615234375,542.6648559570312,533.6536865234375,600.918212890625,542.55859375
578.8972778320312,406.4052734375,577.4705200195312,403.46795654296875,579.7935791015625,403.5458984375,571.3441772460938,405.6673583984375,586.5851440429688,406.28631591796875,562.3340454101562,425.1968688964844,595.0125732421875,425.715576171875,551.927978515625,451.5683898925781,605.7745971679688,446.45452880859375,546.4508056640625,470.96319580078125,601.9385986328125,452.97552490234375,567.4422607421875,470.1971740722656,591.71044921875,470.7550048828125,556.0974731445312,502.20989990234375,600.568603515625,504.541748046875,545.7133178710938,536.6544799804688,603.7802124023438,540.5654907226562
582.6993408203125,408.7142639160156,580.9358520507812,405.72174072265625,583.4883422851562,405.7294616699219,573.6070556640625,408.0318298339844,589.132080078125,408.293212890625,564.0879516601562,427.6636962890625,596.986083984375,427.2731628417969,552.46533203125,452.5199279785156,608.5518188476562,447.771728515625,547.2484741210938,473.3857421875,608.4559326171875,460.4032287597656,569.5277709960938,472.0834655761719,594.2899169921875,472.10528564453125,556.274658203125,504.616943359375,605.86181640625,505.5562744140625,545.9165649414062,539.04638671875,613.54150390625,540.5903930664062
585.320556640625,413.176025390625,583.527587890625,409.9654846191406,585.9412841796875,409.904541015625,576.0560302734375,412.166259765625,591.1694946289062,412.02349853515625,566.4199829101562,431.5936279296875,598.312255859375,431.0835876464844,556.2925415039062,456.5069885253906,610.4244384765625,454.3760986328125,550.5454711914062,480.10546875,612.2357788085938,473.09454345703125,570.1693725585938,475.44683837890625,595.189453125,475.2450256347656,557.2100219726562,507.694091796875,612.1293334960938,508.06256103515625,546.2185668945312,541.6015014648438,625.8881225585938,541.8939208984375
586.4129638671875,419.0828857421875,584.8069458007812,415.43829345703125,586.9390869140625,415.43603515625,577.9939575195312,417.13824462890625,593.1502685546875,416.9921875,571.2677001953125,435.4966125488281,602.14501953125,434.945556640625,562.6616821289062,459.4450988769531,614.2413330078125,456.8777160644531,555.6891479492188,483.01116943359375,614.5807495117188,477.3843994140625,575.6302490234375,479.3965148925781,599.9319458007812,479.790283203125,558.450439453125,512.7330322265625,617.3963012695312,513.5463256835938,547.5120239257812,546.061279296875,634.4771118164062,547.5338134765625
587.2702026367188,424.12042236328125,586.2034912109375,420.9684143066406,588.33349609375,420.86553955078125,581.0956420898438,423.0208435058594,595.9547119140625,422.9293212890625,573.1229248046875,441.7502136230469,605.1732788085938,441.5125732421875,560.40869140625,463.2113952636719,617.720458984375,462.5517578125,552.3685913085938,486.1278991699219,619.9964599609375,482.6049499511719,577.5518798828125,486.2673034667969,603.5177001953125,486.0389099121094,556.005126953125,516.8598022460938,618.998779296875,516.9155883789062,545.5401000976562,548.1895751953125,639.619384765625,547.4931030273438
591.5048828125,432.7720642089844,589.7778930664062,429.65191650390625,592.8428344726562,429.8266906738281,582.6331176757812,430.3600769042969,598.4029541015625,431.16876220703125,573.0372924804688,446.0328369140625,605.92529296875,449.0825500488281,560.322021484375,467.0218200683594,617.2713012695312,473.7892761230469,553.1400756835938,490.59735107421875,620.805908203125,499.14862060546875,578.8152465820312,491.7410888671875,605.5516357421875,493.15728759765625,558.8351440429688,518.8988647460938,624.1795043945312,520.9907836914062,549.19482421875,546.877685546875,644.2279052734375,549.2981567382812
590.5011596679688,437.4404296875,588.8143920898438,434.6718444824219,591.7893676757812,434.7707214355469,582.3323364257812,436.6280822753906,596.96826171875,437.11962890625,573.173828125,453.4765319824219,605.0335693359375,456.21356201171875,560.1035766601562,473.96685791015625,619.2932739257812,480.8387756347656,548.7738037109375,495.5584716796875,624.9692993164062,505.4942626953125,579.1171264648438,495.81146240234375,604.85400390625,497.11273193359375,560.4051513671875,516.9751586914062,625.2084350585938,519.0161743164062,549.6895141601562,545.2810668945312,644.2921752929688,547.9149169921875
590.4872436523438,441.40374755859375,588.0463256835938,438.5113525390625,591.2736206054688,438.7093811035156,579.0786743164062,439.7939453125,594.6952514648438,440.22808837890625,569.96484375,455.4410400390625,602.6643676757812,457.81158447265625,554.8878173828125,473.314697265625,617.1151123046875,480.5694885253906,545.0433959960938,491.1597900390625,622.1339111328125,504.2379150390625,578.5322875976562,500.2125244140625,604.8339233398438,501.3466796875,559.6718139648438,519.2332763671875,624.547607421875,520.3656005859375,549.349853515625,545.5470581054688,644.0528564453125,546.3963012695312
585.7337646484375,442.05078125,583.3125610351562,439.2332458496094,586.667724609375,439.2559814453125,574.6756591796875,440.7759094238281,590.2179565429688,440.7543029785156,565.8997192382812,457.37786865234375,598.6746826171875,458.1330871582031,550.984375,477.7603759765625,614.3445434570312,480.8497009277344,538.29345703125,496.34857177734375,619.0174560546875,500.8165283203125,573.655029296875,501.78607177734375,599.9183349609375,502.120849609375,555.5321044921875,518.0309448242188,621.3426513671875,518.5999145507812,547.9828491210938,545.0648803710938,643.671142578125,545.7366943359375
582.7337036132812,438.8829345703125,580.111572265625,435.8787536621094,582.772216796875,436.086669921875,570.6787109375,437.8365478515625,584.3872680664062,438.1031799316406,562.8694458007812,455.8989562988281,590.9755859375,455.32720947265625,547.933837890625,475.17724609375,604.8504028320312,476.9772644042969,536.8242797851562,489.89044189453125,613.9248046875,495.42041015625,569.9026489257812,499.6734619140625,592.9017944335938,499.06427001953125,552.2295532226562,521.371337890625,613.2258911132812,519.4762573242188,547.115966796875,553.4984741210938,640.8388671875,548.6204833984375
576.9888305664062,435.71856689453125,574.2734375,432.8012390136719,577.0175170898438,432.84417724609375,563.7393798828125,435.03564453125,577.8256225585938,434.90972900390625,554.8489379882812,454.1811828613281,584.1980590820312,452.1878662109375,541.1760864257812,477.26861572265625,597.892578125,473.5103759765625,533.2750244140625,496.606201171875,608.3109130859375,492.105712890625,562.9747924804688,497.02606201171875,586.62060546875,496.08734130859375,548.9957275390625,521.3441162109375,608.1985473632812,518.884765625,547.3912353515625,553.50439453125,635.9247436523438,548.0589599609375
571.5316772460938,432.19085693359375,568.6390380859375,429.1416931152344,571.5147705078125,429.1647644042969,558.6153564453125,431.63714599609375,572.7315673828125,431.090576171875,550.4954223632812,451.01885986328125,579.8594360351562,447.8043212890625,539.2604370117188,474.3397216796875,592.7290649414062,468.0703430175781,533.7599487304688,493.61474609375,603.6088256835938,487.1785888671875,558.9154663085938,491.9072265625,582.1599731445312,490.4429931640625,547.7405395507812,519.6071166992188,602.5674438476562,516.22705078125,545.996337890625,551.6754150390625,626.0404052734375,545.0047607421875
565.5346069335938,428.6713562011719,563.1480712890625,425.67779541015625,565.8016967773438,425.6348571777344,554.6826782226562,427.9762268066406,569.3480834960938,427.5360412597656,546.9203491210938,446.8791198730469,576.9449462890625,444.9902038574219,538.3043212890625,470.3923645019531,589.416015625,467.60247802734375,533.711669921875,491.64453125,596.0181274414062,489.78668212890625,555.6524047851562,487.8694763183594,578.4642333984375,487.2530517578125,549.5808715820312,517.5547485351562,595.7564086914062,515.93994140625,547.12451171875,551.8472290039062,610.4386596679688,548.2708740234375
562.9921875,424.6663818359375,560.593017578125,421.6510925292969,562.904052734375,421.74591064453125,551.84814453125,424.4604187011719,565.3311157226562,424.4510803222656,544.5446166992188,443.92529296875,572.3805541992188,443.34063720703125,538.2626342773438,467.1741943359375,583.77099609375,464.864013671875,533.5374755859375,488.3623046875,587.57666015625,483.1959533691406,553.6680908203125,485.7555847167969,574.2382202148438,485.9232482910156,549.5866088867188,518.6019287109375,586.2315063476562,518.7144775390625,546.5625610351562,551.3172607421875,593.4910888671875,551.047119140625
559.0236206054688,424.3907470703125,556.5697021484375,421.30841064453125,558.907470703125,421.28790283203125,548.3451538085938,424.2464294433594,562.6127319335938,423.6257629394531,542.5414428710938,443.95556640625,569.9612426757812,442.09637451171875,537.3455200195312,467.75872802734375,579.9254150390625,463.3628234863281,531.8961791992188,488.40899658203125,579.487548828125,481.5955505371094,549.6912841796875,486.27392578125,569.4876708984375,485.8291320800781,546.4529418945312,519.237060546875,576.275146484375,518.600341796875,543.0242919921875,552.4119262695312,579.2232666015625,550.7938842773438
554.912353515625,423.26416015625,552.63818359375,420.1253356933594,555.093994140625,420.02191162109375,544.815185546875,422.7889404296875,560.75830078125,422.0207214355469,539.0303344726562,442.655517578125,568.175537109375,440.5437316894531,534.9661865234375,467.8242492675781,575.2764892578125,461.93389892578125,531.774658203125,485.9786682128906,569.3658447265625,476.0906982421875,544.3728637695312,487.4432678222656,564.9358520507812,486.86260986328125,541.0357666015625,521.928955078125,564.7151489257812,521.5035400390625,539.5723876953125,557.361328125,564.3719482421875,556.3280029296875
549.5650024414062,426.11370849609375,547.77587890625,423.0135192871094,550.3147583007812,422.6972961425781,542.1183471679688,426.3405456542969,558.5927734375,425.03692626953125,537.4693603515625,446.2753601074219,566.0137329101562,444.8974304199219,533.325439453125,471.240966796875,573.0216064453125,467.22747802734375,525.1505737304688,490.57086181640625,562.4537353515625,480.1332702636719,543.5482788085938,492.02923583984375,562.473876953125,491.6429443359375,537.7997436523438,524.7848510742188,553.808349609375,526.0389404296875,538.5029296875,557.9934692382812,550.503662109375,559.3805541992188
542.0228271484375,431.60870361328125,541.5833740234375,428.75799560546875,543.8765258789062,427.9565734863281,539.06298828125,431.41851806640625,554.4943237304688,429.4709167480469,535.3203125,449.9750671386719,562.0287475585938,448.17071533203125,530.12060546875,475.7864990234375,569.701416015625,469.68145751953125,521.3161010742188,497.9573974609375,560.0236206054688,482.89239501953125,545.2230224609375,496.00372314453125,562.3272705078125,495.2005615234375,529.9669189453125,528.104736328125,543.1787109375,529.4146728515625,537.2125244140625,561.8758544921875,544.3759155273438,563.6538696289062
535.0848388671875,435.73907470703125,535.90576171875,433.0654602050781,537.6588134765625,432.07501220703125,536.4989013671875,436.0765075683594,549.9904174804688,434.225341796875,532.7982177734375,455.73126220703125,558.9326171875,453.4391174316406,528.3670043945312,482.19024658203125,566.65771484375,473.6013488769531,521.36376953125,505.709228515625,559.0184326171875,482.6617736816406,540.6040649414062,502.27020263671875,557.4653930664062,500.65545654296875,526.8224487304688,535.8838500976562,539.223388671875,536.6627807617188,536.5763549804688,569.905029296875,540.1928100585938,572.7020263671875
531.6925659179688,440.4249267578125,532.2015380859375,437.9796447753906,534.2485961914062,436.91644287109375,533.2680053710938,441.6767883300781,547.1627807617188,439.13751220703125,532.7296142578125,462.167236328125,556.5358276367188,457.6761169433594,528.078857421875,490.13287353515625,564.9638061523438,478.47509765625,517.2116088867188,513.7393188476562,557.7644653320312,488.4632568359375,539.9813842773438,508.86962890625,554.9508666992188,505.81353759765625,521.1348266601562,542.3319702148438,530.569091796875,541.10400390625,534.50634765625,576.8803100585938,534.811279296875,576.4576416015625
529.7943725585938,446.3180236816406,531.0554809570312,443.98785400390625,532.2457275390625,442.4288635253906,533.8038330078125,448.62933349609375,545.8381958007812,444.5545959472656,533.634765625,469.382080078125,552.6670532226562,463.9979248046875,529.7842407226562,496.28106689453125,557.7332763671875,487.3147888183594,516.8585815429688,517.2101440429688,547.3717041015625,506.84185791015625,536.1079711914062,517.4369506835938,548.124267578125,514.2859497070312,515.6080322265625,550.9580688476562,523.65673828125,548.7347412109375,529.977783203125,583.3716430664062,532.1741943359375,580.3696899414062
527.1681518554688,450.72686767578125,528.7006225585938,448.4184265136719,529.6748657226562,446.7010803222656,532.28857421875,452.6076965332031,542.8350830078125,448.2265930175781,532.611572265625,472.60955810546875,549.4984741210938,466.98040771484375,529.0671997070312,499.84075927734375,555.8068237304688,489.97406005859375,513.503662109375,518.5115356445312,544.7337646484375,505.82763671875,534.7544555664062,520.65185546875,545.3316650390625,517.3988647460938,516.309814453125,556.1884765625,523.91552734375,554.0574340820312,528.4298706054688,589.831298828125,530.6134643554688,587.1651611328125
526.4190063476562,453.25592041015625,527.656982421875,450.7127685546875,528.7020263671875,449.2159423828125,530.513427734375,455.4466247558594,541.7005004882812,451.5716857910156,530.7622680664062,476.76416015625,547.9097900390625,472.4031066894531,527.914306640625,502.9117431640625,552.1316528320312,496.37603759765625,512.06494140625,521.5350952148438,539.8558959960938,513.6553955078125,534.2960205078125,523.0956420898438,545.4252319335938,520.638671875,517.635986328125,560.0640258789062,527.0203857421875,558.80859375,525.6801147460938,595.5736083984375,531.689453125,593.4891357421875
522.4841918945312,455.72723388671875,524.543212890625,453.7524108886719,525.6430053710938,452.2834777832031,529.5078735351562,458.9224853515625,539.9306640625,455.77374267578125,529.6812744140625,478.0355224609375,545.910888671875,476.23101806640625,529.1864624023438,503.11297607421875,549.8116455078125,501.0462646484375,520.2902221679688,519.5270385742188,539.335205078125,516.3763427734375,533.9173583984375,524.4851684570312,544.9420166015625,523.1783447265625,517.3089599609375,560.02587890625,528.5392456054688,560.6951904296875,526.5443725585938,594.7880859375,534.4443359375,596.6737060546875
522.405517578125,459.05615234375,524.8878784179688,456.586181640625,524.3759155273438,454.9443054199219,529.3151245117188,461.4061584472656,536.3846435546875,457.65716552734375,528.307373046875,481.8063659667969,542.5345458984375,479.009033203125,526.69970703125,506.357421875,543.8216552734375,503.06658935546875,511.8390197753906,521.7991943359375,526.0711059570312,517.4148559570312,531.3406982421875,529.3111572265625,541.0863037109375,527.5037231445312,513.8350830078125,563.991455078125,523.9572143554688,563.9017944335938,526.7971801757812,595.459716796875,533.1765747070312,595.5652465820312
522.31591796875,461.583251953125,525.1239013671875,459.11334228515625,523.8443603515625,457.49420166015625,529.7861938476562,463.4855041503906,535.0555419921875,459.83905029296875,528.7702026367188,483.6166687011719,541.2301025390625,480.9461364746094,527.5729370117188,509.2301025390625,542.0003662109375,507.04974365234375,514.254150390625,523.516357421875,524.1078491210938,521.7835083007812,530.5596313476562,532.2735595703125,540.1834106445312,530.49169921875,511.35858154296875,566.0289306640625,527.499267578125,565.570556640625,526.4481811523438,594.6693725585938,544.1128540039062,593.8445434570312
522.9335327148438,462.1326904296875,525.859619140625,459.6214904785156,524.071533203125,458.0325622558594,530.7125244140625,463.81292724609375,534.5306396484375,460.06182861328125,529.6500244140625,484.4170227050781,539.860595703125,480.4141540527344,526.5121459960938,509.8837890625,536.40625,504.99359130859375,514.472412109375,525.4887084960938,517.9385375976562,522.3335571289062,530.5147705078125,532.2098999023438,539.3995971679688,529.8041381835938,512.4420776367188,564.6351318359375,530.7935791015625,562.7110595703125,524.1383666992188,595.4129028320312,548.2522583007812,591.7865600585938
523.1468505859375,460.4713134765625,526.8771362304688,458.2396240234375,524.5463256835938,456.36328125,532.5827026367188,463.00079345703125,534.2671508789062,458.98785400390625,529.9598388671875,483.0548095703125,538.7562866210938,479.33050537109375,526.3590087890625,509.15704345703125,536.1375122070312,503.7646484375,514.4100952148438,527.5117797851562,519.26025390625,521.123779296875,529.9685668945312,531.4006958007812,537.844970703125,529.0853881835938,511.700439453125,563.369873046875,530.5328369140625,562.1173095703125,525.343994140625,594.2131958007812,549.8253784179688,592.409423828125
523.5574951171875,458.4534606933594,527.363037109375,456.2328186035156,524.79833984375,454.3231201171875,533.0755615234375,461.0447082519531,534.261962890625,456.88043212890625,530.4663696289062,481.42852783203125,538.4222412109375,476.4949035644531,526.7116088867188,508.98626708984375,536.3065795898438,500.31634521484375,516.8821411132812,530.2538452148438,521.726806640625,518.7340698242188,529.8018188476562,529.9057006835938,537.1882934570312,527.0433959960938,512.1558227539062,562.5294799804688,530.8448486328125,560.31640625,525.0980834960938,595.3086547851562,550.7228393554688,591.9909057617188
525.4727172851562,454.8619079589844,528.099853515625,452.57037353515625,526.9422607421875,450.9635009765625,532.2031860351562,458.753173828125,538.2966918945312,454.605224609375,531.2666015625,482.8959045410156,540.4879150390625,474.7828369140625,525.810546875,510.30322265625,536.2516479492188,491.2838134765625,517.2926635742188,532.0117797851562,523.7579956054688,505.625732421875,529.5166015625,531.5254516601562,537.5614013671875,527.577392578125,515.3571166992188,565.0709228515625,531.238525390625,560.74267578125,524.6348876953125,599.53759765625,549.7932739257812,592.8509521484375
526.9277954101562,455.68817138671875,530.1033325195312,453.6809997558594,528.6004028320312,451.9904479980469,533.8865356445312,459.3318786621094,538.953125,455.8103332519531,531.9856567382812,480.872314453125,539.2450561523438,475.0707092285156,526.6840209960938,507.29681396484375,536.94287109375,490.12738037109375,517.872314453125,528.0455932617188,521.8428344726562,494.37591552734375,530.1021728515625,530.9642944335938,536.8983764648438,528.0237426757812,513.866943359375,564.6876220703125,529.9022216796875,563.3915405273438,523.9598999023438,597.6400146484375,550.1017456054688,597.1401977539062
526.518310546875,457.58203125,529.4872436523438,455.13299560546875,528.66259765625,453.571044921875,533.7920532226562,460.5079650878906,540.6859130859375,457.1624755859375,530.5311889648438,483.0140075683594,542.53466796875,478.2469787597656,523.7783203125,509.59478759765625,538.7166748046875,497.27557373046875,515.1685791015625,533.3704833984375,525.458740234375,512.966064453125,528.9500732421875,531.5554809570312,538.594482421875,529.1686401367188,517.3441162109375,566.14501953125,533.1303100585938,564.7797241210938,524.2791748046875,600.7894897460938,547.0670776367188,599.525390625
524.869140625,459.98065185546875,528.4578857421875,457.42486572265625,526.8890991210938,455.8185729980469,533.5281982421875,462.4493103027344,538.09375,459.3983154296875,528.774658203125,484.7520446777344,541.1551513671875,481.8702392578125,522.3255004882812,511.869384765625,538.6077270507812,503.1988525390625,513.3870849609375,536.9171752929688,524.9129028320312,519.369873046875,529.9168090820312,533.9931640625,539.8107299804688,532.4880981445312,517.0889282226562,568.4247436523438,534.2210083007812,568.7785034179688,523.510986328125,603.1901245117188,546.3060302734375,605.0640869140625
